post_id,influencer_id,platform,external_post_id,post_text,posted_at,likes_count,shares_count,comments_count,views_count,sentiment_score,virality_score,detected_products,momentum_flag,processed_at,created_at
44541,4772,tiktok,ext_tiktok_00000001,Outage follow-up is the top request in our subscriber forum this week,2026-05-20T21:20:34Z,37264,12939,5890,322350,0.096,,,viral,,2026-05-27T11:26:09Z
44542,4622,tiktok,ext_tiktok_00000002,Coverage update: Small Business Fiber SLA capacity at FiberPath Broadband is getting tight after a spike in service orders,2026-05-13T18:31:07Z,8568,1369,684,142046,0.565,,,rising,,2026-05-27T11:26:09Z
44543,4707,tiktok,ext_tiktok_00000003,Subscriber experience note - OrbitMotion IoT Field Technician Evaluation is the service everyone is trying to schedule right now,2026-04-30T01:16:47Z,93,53,43,15620,0.578,,,normal,,2026-05-27T11:26:09Z
44544,4865,tiktok,ext_tiktok_00000004,Coverage gaps are delaying service assurance for several subscriber groups,2026-05-14T01:30:28Z,785,87,6,18850,0.734,,,normal,,2026-05-27T11:26:09Z
44545,4878,threads,ext_threads_00000005,"Two-week review of HomeConnect Fixed Wireless LTE Backup Gateway: strong subscriber response, but capacity planning matters",2026-05-08T12:49:10Z,4679,913,874,191808,0.837,,,rising,,2026-05-27T11:26:09Z
44546,4568,twitter,ext_twitter_00000006,Families keep asking where to find Outage Follow-Up Call. ClearMind Customer Care is showing up in every upgrade thread,2026-05-13T17:22:08Z,32799,2084,3950,916313,0.692,,,viral,,2026-05-27T11:26:09Z
44547,4992,youtube,ext_youtube_00000007,NOC huddle: prioritize HomeConnect Fixed Wireless Fixed Wireless Home Internet installs before the weekend streaming surge,2026-05-17T01:00:32Z,71,17,5,19282,0.367,,,normal,,2026-05-27T11:26:09Z
44548,4832,youtube,ext_youtube_00000008,Enterprise care teams are coordinating SLA-impact cases across regional service teams today,2026-05-06T08:06:32Z,722,0,33,18694,0.014,,,normal,,2026-05-27T11:26:09Z
44549,4588,twitter,ext_twitter_00000009,"If your subscribers need Fiber Repair Appointment, check FiberPath Broadband availability early; appointment slots are moving fast",2026-05-06T18:37:17Z,414,48,32,15767,0.208,,,normal,,2026-05-27T11:26:09Z
44550,4566,instagram,ext_instagram_00000010,Day 30 with the IoT Sensor Gateway Kit workflow and the field team says OrbitMotion IoT reduced manual follow-up,2026-05-12T19:16:06Z,285,82,36,19747,0.928,,,normal,,2026-05-27T11:26:09Z
44551,4903,threads,ext_threads_00000011,Outage follow-up is the top request in our subscriber forum this week,2026-05-16T05:44:23Z,18505,7599,6423,557037,0.005,,,viral,,2026-05-27T11:26:09Z
44552,4923,threads,ext_threads_00000012,Small businesses need earlier visibility into field technician appointment availability,2026-05-15T14:08:23Z,176,68,46,14290,0.885,,,normal,,2026-05-27T11:26:09Z
44553,4630,threads,ext_threads_00000013,Network monitoring alerts are helping the team catch congestion before call volume spikes,2026-04-27T17:12:01Z,467,5,37,15196,0.826,,,normal,,2026-05-27T11:26:09Z
44554,4717,tiktok,ext_tiktok_00000014,Added IoT Sensor Gateway Kit to the high-priority service assurance path. Thank you OrbitMotion IoT for closing the gap,2026-05-25T13:11:43Z,87,13,42,8996,0.778,,,normal,,2026-05-27T11:26:09Z
44555,4696,instagram,ext_instagram_00000015,Subscribers are asking about Home Wi-Fi Mesh Kit through PulsePoint 5G; upgrade and activation demand is rising,2026-05-27T08:26:15Z,611,45,40,10621,0.74,,,normal,,2026-05-27T11:26:09Z
44556,4710,threads,ext_threads_00000016,Families keep asking for better Wi-Fi performance before evening streaming starts,2026-05-09T18:37:59Z,923,53,12,4154,0.629,,,normal,,2026-05-27T11:26:09Z
44557,4671,instagram,ext_instagram_00000017,Connected life teams need better outreach after recent storm-related service events,2026-05-27T01:53:33Z,790,83,8,811,0.363,,,normal,,2026-05-27T11:26:09Z
44558,4611,instagram,ext_instagram_00000018,Subscriber experience note - FiberPath Broadband Fiber Repair Appointment is the service everyone is trying to schedule right now,2026-05-26T23:04:37Z,113,70,24,11263,0.93,,,normal,,2026-05-27T11:26:09Z
44559,4678,twitter,ext_twitter_00000019,Roaming bill questions are creating new handoffs to billing and retention teams,2026-05-11T21:02:50Z,535,52,47,984,-0.226,,,normal,,2026-05-27T11:26:09Z
44560,4795,tiktok,ext_tiktok_00000020,"Two-week review of FiberPath Broadband Gigabit Fiber Install: strong subscriber response, but capacity planning matters",2026-05-26T21:34:31Z,415,61,31,10726,0.293,,,normal,,2026-05-27T11:26:09Z
44561,4915,tiktok,ext_tiktok_00000021,Families keep asking where to find Family Data Share Plan. WellNest Family Plans is showing up in every upgrade thread,2026-05-27T08:33:58Z,162,0,31,5919,0.717,,,normal,,2026-05-27T11:26:09Z
44562,4766,instagram,ext_instagram_00000022,NOC huddle: prioritize PulsePoint 5G Device Upgrade Enrollment installs before the weekend streaming surge,2026-05-27T08:28:02Z,443,64,19,181,0.824,,,normal,,2026-05-27T11:26:09Z
44563,4961,twitter,ext_twitter_00000023,Billing and usage signals are surfacing new need for Smart Home Connectivity Assessment from HomeConnect Fixed Wireless,2026-05-27T03:09:24Z,9356,261,150,94776,0.797,,,rising,,2026-05-27T11:26:09Z
44564,4562,tiktok,ext_tiktok_00000024,"If your subscribers need Fiber Appointment Scheduling, check RoamFlow Mobility availability early; appointment slots are moving fast",2026-05-27T09:37:49Z,818,31,42,10181,0.913,,,normal,,2026-05-27T11:26:09Z
44565,4925,tiktok,ext_tiktok_00000025,Day 30 with the Small Business Fiber SLA workflow and the field team says FiberPath Broadband reduced manual follow-up,2026-05-19T07:22:22Z,232,24,41,12199,0.928,,,normal,,2026-05-27T11:26:09Z
44566,5029,instagram,ext_instagram_00000026,Recommended PulsePoint 5G 5G Business Consultation to an account manager today because churn risk is the issue,2026-05-24T09:29:39Z,7676,609,405,136600,0.339,,,rising,,2026-05-27T11:26:09Z
44567,4619,youtube,ext_youtube_00000027,"Thought Connected Device Monitoring Onboarding demand would level off, but MetroSupply Devices is still seeing urgent requests",2026-05-27T04:58:11Z,222,63,16,5092,0.787,,,normal,,2026-05-27T11:26:09Z
44568,4932,youtube,ext_youtube_00000028,Enterprise care teams are coordinating SLA-impact cases across regional service teams today,2026-05-12T04:11:43Z,6664,1165,879,185550,0.411,,,rising,,2026-05-27T11:26:09Z
44569,5030,tiktok,ext_tiktok_00000029,Roaming bill questions are creating new handoffs to billing and retention teams,2026-05-23T06:24:48Z,288,1,41,17518,0.245,,,normal,,2026-05-27T11:26:09Z
44570,4591,instagram,ext_instagram_00000030,Subscribers are asking about Gigabit Fiber Install through FiberPath Broadband; upgrade and activation demand is rising,2026-05-27T01:46:05Z,18,48,34,4966,0.292,,,normal,,2026-05-27T11:26:09Z
44571,4673,twitter,ext_twitter_00000031,Outage follow-up is the top request in our subscriber forum this week,2026-05-01T06:07:40Z,324,98,21,16238,0.641,,,normal,,2026-05-27T11:26:09Z
44572,4901,twitter,ext_twitter_00000032,Coverage update: Fiber Appointment Scheduling capacity at RoamFlow Mobility is getting tight after a spike in service orders,2026-05-05T02:56:32Z,951,92,29,19098,0.403,,,normal,,2026-05-27T11:26:09Z
44573,4617,tiktok,ext_tiktok_00000033,Subscriber experience note - PulsePoint 5G Home Wi-Fi Mesh Kit is the service everyone is trying to schedule right now,2026-05-21T07:15:23Z,770,93,40,5480,0.694,,,normal,,2026-05-27T11:26:09Z
44574,4584,youtube,ext_youtube_00000034,Outage follow-up: demand for Connected Device Monitoring Onboarding is up and MetroSupply Devices needs more field slots,2026-05-18T21:59:00Z,281,75,23,15301,0.711,,,normal,,2026-05-27T11:26:09Z
44575,4956,twitter,ext_twitter_00000035,"Two-week review of WellNest Family Plans Student Mobile Plan: strong subscriber response, but capacity planning matters",2026-05-01T22:53:47Z,1019,1779,469,156296,0.79,,,rising,,2026-05-27T11:26:09Z
44576,4841,twitter,ext_twitter_00000036,Families keep asking where to find Enterprise Account Navigation. EnterpriseEdge Services is showing up in every upgrade thread,2026-05-12T08:25:55Z,822,55,44,10858,0.801,,,normal,,2026-05-27T11:26:09Z
44577,4950,tiktok,ext_tiktok_00000037,NOC huddle: prioritize FiberPath Broadband Fiber Repair Appointment installs before the weekend streaming surge,2026-05-02T05:24:13Z,342,58,1,7008,0.66,,,normal,,2026-05-27T11:26:09Z
44578,4706,instagram,ext_instagram_00000038,Billing and usage signals are surfacing new need for New Line Activation from WaveFirst Mobile,2026-05-27T02:27:27Z,135,62,42,2859,0.707,,,normal,,2026-05-27T11:26:09Z
44579,4570,threads,ext_threads_00000039,"If your subscribers need Family Data Share Plan, check WellNest Family Plans availability early; appointment slots are moving fast",2026-05-02T02:26:06Z,984,65,6,10682,0.64,,,normal,,2026-05-27T11:26:09Z
44580,5011,twitter,ext_twitter_00000040,Day 30 with the Network Congestion Plan Review workflow and the field team says WellNest Family Plans reduced manual follow-up,2026-05-05T23:49:14Z,139,63,49,16382,0.616,,,normal,,2026-05-27T11:26:09Z
44581,4927,youtube,ext_youtube_00000041,Recommended WellNest Family Plans Student Mobile Plan to an account manager today because churn risk is the issue,2026-05-20T06:34:10Z,47496,2699,7612,505148,0.831,,,viral,,2026-05-27T11:26:09Z
44582,4910,tiktok,ext_tiktok_00000042,"Thought Fiber Appointment Scheduling demand would level off, but RoamFlow Mobility is still seeing urgent requests",2026-05-26T07:43:27Z,272,83,10,7794,0.834,,,normal,,2026-05-27T11:26:09Z
44583,4752,tiktok,ext_tiktok_00000043,Network monitoring alerts are helping the team catch congestion before call volume spikes,2026-05-13T11:12:34Z,2819,375,128,138624,-0.134,,,rising,,2026-05-27T11:26:09Z
44584,4799,instagram,ext_instagram_00000044,Added Smart Home Connectivity Assessment to the high-priority service assurance path. Thank you HomeConnect Fixed Wireless for closing the gap,2026-05-12T09:10:17Z,675,94,31,15217,0.56,,,normal,,2026-05-27T11:26:09Z
44585,4651,instagram,ext_instagram_00000045,Subscribers are asking about Number Port-In Activation through SignalBridge Mobile; upgrade and activation demand is rising,2026-05-27T08:26:53Z,250,52,1,3812,0.858,,,normal,,2026-05-27T11:26:09Z
44586,4981,twitter,ext_twitter_00000046,Families keep asking for better Wi-Fi performance before evening streaming starts,2026-05-26T04:54:45Z,267,36,10,15218,0.333,,,normal,,2026-05-27T11:26:09Z
44587,4772,tiktok,ext_tiktok_00000047,Connected life teams need better outreach after recent storm-related service events,2026-05-05T08:21:18Z,668,74,45,17483,0.877,,,normal,,2026-05-27T11:26:09Z
44588,4758,twitter,ext_twitter_00000048,Subscriber experience note - HomeConnect Fixed Wireless Smart Home Connectivity Assessment is the service everyone is trying to schedule right now,2026-05-24T08:31:47Z,9016,1040,593,88013,0.288,,,rising,,2026-05-27T11:26:09Z
44589,4665,threads,ext_threads_00000049,Roaming bill questions are creating new handoffs to billing and retention teams,2026-05-24T23:58:47Z,100,27,4,14988,0.866,,,normal,,2026-05-27T11:26:09Z
44590,4994,instagram,ext_instagram_00000050,"Two-week review of OrbitMotion IoT IoT Sensor Gateway Kit: strong subscriber response, but capacity planning matters",2026-05-23T00:59:22Z,572,88,23,4914,0.23,,,normal,,2026-05-27T11:26:09Z
44591,4978,threads,ext_threads_00000051,Families keep asking where to find Senior Connected Life Plan. SilverLine Connected Life is showing up in every upgrade thread,2026-05-18T23:23:28Z,287,15,1,16690,0.296,,,normal,,2026-05-27T11:26:09Z
44592,4947,youtube,ext_youtube_00000052,Small businesses need earlier visibility into field technician appointment availability,2026-05-14T21:18:59Z,302,14,43,18630,0.854,,,normal,,2026-05-27T11:26:09Z
44593,4723,twitter,ext_twitter_00000053,Billing and usage signals are surfacing new need for Connected Device Monitoring Onboarding from MetroSupply Devices,2026-05-15T07:50:30Z,612,48,46,5919,0.599,,,normal,,2026-05-27T11:26:09Z
44594,4872,youtube,ext_youtube_00000054,"If your subscribers need Field Technician Evaluation, check OrbitMotion IoT availability early; appointment slots are moving fast",2026-05-26T04:53:08Z,2353,806,955,29525,0.506,,,rising,,2026-05-27T11:26:09Z
44595,4933,threads,ext_threads_00000055,Day 30 with the Connected Device Monitoring Onboarding workflow and the field team says MetroSupply Devices reduced manual follow-up,2026-05-16T17:49:32Z,26086,4410,1930,664253,0.47,,,viral,,2026-05-27T11:26:09Z
44596,4991,twitter,ext_twitter_00000056,Recommended MetroSupply Devices SIM Replacement Starter Kit to an account manager today because churn risk is the issue,2026-05-27T10:59:04Z,992,25,22,2020,0.649,,,normal,,2026-05-27T11:26:09Z
44597,4618,twitter,ext_twitter_00000057,"Thought Fixed Wireless Home Internet demand would level off, but HomeConnect Fixed Wireless is still seeing urgent requests",2026-05-19T18:44:37Z,599,60,43,10261,0.831,,,normal,,2026-05-27T11:26:09Z
44598,4567,tiktok,ext_tiktok_00000058,Morning capacity review featuring Smart Home Connectivity Assessment. HomeConnect Fixed Wireless needs pre-positioned technician capacity,2026-05-27T09:43:28Z,5474,441,275,172721,0.693,,,rising,,2026-05-27T11:26:09Z
44599,4573,twitter,ext_twitter_00000059,Added LTE Backup Gateway to the high-priority service assurance path. Thank you HomeConnect Fixed Wireless for closing the gap,2026-05-25T01:09:37Z,1739,1844,591,92351,0.31,,,rising,,2026-05-27T11:26:09Z
44600,4724,youtube,ext_youtube_00000060,Subscribers are asking about Connected Device Monitoring Onboarding through MetroSupply Devices; upgrade and activation demand is rising,2026-05-24T17:58:20Z,725,56,11,2531,0.877,,,normal,,2026-05-27T11:26:09Z
44601,4817,youtube,ext_youtube_00000061,Network operations is flagging Gigabit Fiber Install from FiberPath Broadband as a capacity bottleneck this week,2026-05-27T11:24:40Z,52,85,11,3355,0.358,,,normal,,2026-05-27T11:26:09Z
44602,5006,twitter,ext_twitter_00000062,Small businesses need earlier visibility into field technician appointment availability,2026-05-14T16:01:16Z,23,6,43,13769,-0.052,,,normal,,2026-05-27T11:26:09Z
44603,4799,instagram,ext_instagram_00000063,Subscriber experience note - SilverLine Connected Life Senior Connected Life Plan is the service everyone is trying to schedule right now,2026-05-25T09:27:05Z,596,96,17,13467,0.236,,,normal,,2026-05-27T11:26:09Z
44604,4967,youtube,ext_youtube_00000064,Outage follow-up: demand for Senior Connected Life Plan is up and SilverLine Connected Life needs more field slots,2026-05-13T04:48:01Z,18750,14760,1975,892349,0.318,,,viral,,2026-05-27T11:26:09Z
44605,4726,instagram,ext_instagram_00000065,"Two-week review of MetroSupply Devices SIM Replacement Starter Kit: strong subscriber response, but capacity planning matters",2026-04-27T19:33:48Z,49347,13780,5331,888101,0.549,,,viral,,2026-05-27T11:26:09Z
44606,4681,instagram,ext_instagram_00000066,Families keep asking where to find Fiber Repair Appointment. FiberPath Broadband is showing up in every upgrade thread,2026-05-24T16:36:21Z,7746,876,105,176652,0.302,,,rising,,2026-05-27T11:26:09Z
44607,4758,twitter,ext_twitter_00000067,Connected life teams need better outreach after recent storm-related service events,2026-05-20T05:04:57Z,752,31,12,7137,0.813,,,normal,,2026-05-27T11:26:09Z
44608,5049,tiktok,ext_tiktok_00000068,Enterprise care teams are coordinating SLA-impact cases across regional service teams today,2026-05-27T10:25:25Z,7920,650,552,42637,0.673,,,rising,,2026-05-27T11:26:09Z
44609,4590,threads,ext_threads_00000069,"If your subscribers need Home Wi-Fi Mesh Kit, check PulsePoint 5G availability early; appointment slots are moving fast",2026-05-24T06:44:39Z,429,75,9,12193,0.65,,,normal,,2026-05-27T11:26:09Z
44610,5059,tiktok,ext_tiktok_00000070,Day 30 with the Fiber Repair Appointment workflow and the field team says FiberPath Broadband reduced manual follow-up,2026-05-18T18:33:56Z,826,17,3,5029,0.812,,,normal,,2026-05-27T11:26:09Z
44611,4916,twitter,ext_twitter_00000071,Recommended WaveFirst Mobile New Line Activation to an account manager today because churn risk is the issue,2026-05-05T16:21:21Z,6853,1383,483,70733,0.608,,,rising,,2026-05-27T11:26:09Z
44612,4594,youtube,ext_youtube_00000072,Small businesses need earlier visibility into field technician appointment availability,2026-05-24T16:35:30Z,4042,1752,317,144135,-0.145,,,rising,,2026-05-27T11:26:09Z
44613,4907,youtube,ext_youtube_00000073,Morning capacity review featuring Student Mobile Plan. WellNest Family Plans needs pre-positioned technician capacity,2026-05-08T07:30:48Z,353,70,19,5514,0.687,,,normal,,2026-05-27T11:26:09Z
44614,4900,tiktok,ext_tiktok_00000074,Coverage gaps are delaying service assurance for several subscriber groups,2026-05-25T03:31:01Z,175,30,20,414,0.517,,,normal,,2026-05-27T11:26:09Z
44615,4760,threads,ext_threads_00000075,Subscribers are asking about Churn Risk Save Offer through WaveFirst Mobile; upgrade and activation demand is rising,2026-05-03T10:00:28Z,126,79,16,6633,0.701,,,normal,,2026-05-27T11:26:09Z
44616,4607,tiktok,ext_tiktok_00000076,Network operations is flagging 5G Mobile Hotspot Kit from MetroSupply Devices as a capacity bottleneck this week,2026-05-06T02:26:14Z,404,40,28,15333,0.581,,,normal,,2026-05-27T11:26:09Z
44617,5000,tiktok,ext_tiktok_00000077,Coverage update: Enterprise Account Navigation capacity at EnterpriseEdge Services is getting tight after a spike in service orders,2026-05-26T08:01:57Z,8629,698,917,30777,0.237,,,rising,,2026-05-27T11:26:09Z
44618,4632,tiktok,ext_tiktok_00000078,Subscriber experience note - SilverLine Connected Life Family Connectivity Support Session is the service everyone is trying to schedule right now,2026-05-27T07:12:35Z,23429,8340,2588,848828,0.388,,,viral,,2026-05-27T11:26:09Z
44619,4930,tiktok,ext_tiktok_00000079,Outage follow-up: demand for Premium International Roaming Pass is up and SignalBridge Mobile needs more field slots,2026-04-30T06:37:45Z,3324,904,721,30018,0.403,,,rising,,2026-05-27T11:26:09Z
44620,4550,threads,ext_threads_00000080,"Two-week review of WaveFirst Mobile Churn Risk Save Offer: strong subscriber response, but capacity planning matters",2026-05-24T05:04:47Z,8911,378,808,82576,0.687,,,rising,,2026-05-27T11:26:09Z
44621,4702,tiktok,ext_tiktok_00000081,Families keep asking where to find Student Mobile Plan. WellNest Family Plans is showing up in every upgrade thread,2026-05-03T01:52:03Z,4475,445,641,43384,0.33,,,rising,,2026-05-27T11:26:09Z
44622,4679,youtube,ext_youtube_00000082,NOC huddle: prioritize WaveFirst Mobile New Line Activation installs before the weekend streaming surge,2026-05-19T01:16:04Z,556,99,41,12303,0.797,,,normal,,2026-05-27T11:26:09Z
44623,4861,twitter,ext_twitter_00000083,Billing and usage signals are surfacing new need for Enterprise Account Navigation from EnterpriseEdge Services,2026-05-25T11:18:45Z,484,46,9,6589,0.919,,,normal,,2026-05-27T11:26:09Z
44624,4729,youtube,ext_youtube_00000084,"If your subscribers need Senior Connected Life Plan, check SilverLine Connected Life availability early; appointment slots are moving fast",2026-05-27T06:52:41Z,409,62,38,14952,0.216,,,normal,,2026-05-27T11:26:09Z
44625,4552,tiktok,ext_tiktok_00000085,Day 30 with the Small Business Fiber SLA workflow and the field team says FiberPath Broadband reduced manual follow-up,2026-05-17T23:21:04Z,35,8,26,4738,0.899,,,normal,,2026-05-27T11:26:09Z
44626,4798,threads,ext_threads_00000086,Recommended OrbitMotion IoT Field Technician Evaluation to an account manager today because churn risk is the issue,2026-05-26T20:08:55Z,35397,11779,3611,876327,0.575,,,viral,,2026-05-27T11:26:09Z
44627,4801,twitter,ext_twitter_00000087,"Thought Smart Home Connectivity Assessment demand would level off, but HomeConnect Fixed Wireless is still seeing urgent requests",2026-05-27T02:04:28Z,199,78,18,7210,0.806,,,normal,,2026-05-27T11:26:09Z
44628,4623,twitter,ext_twitter_00000088,Morning capacity review featuring Family Connectivity Support Session. SilverLine Connected Life needs pre-positioned technician capacity,2026-05-01T09:54:52Z,78,62,7,5753,0.504,,,normal,,2026-05-27T11:26:09Z
44629,4845,tiktok,ext_tiktok_00000089,Added Fiber Appointment Scheduling to the high-priority service assurance path. Thank you RoamFlow Mobility for closing the gap,2026-05-23T12:59:01Z,598,28,2,9807,0.928,,,normal,,2026-05-27T11:26:09Z
44630,4955,tiktok,ext_tiktok_00000090,Subscribers are asking about Churn Risk Save Offer through WaveFirst Mobile; upgrade and activation demand is rising,2026-05-17T13:59:21Z,491,82,15,11384,0.211,,,normal,,2026-05-27T11:26:09Z
44631,4867,youtube,ext_youtube_00000091,Network operations is flagging Gigabit Fiber Install from FiberPath Broadband as a capacity bottleneck this week,2026-05-08T04:54:40Z,423,6,2,14110,0.232,,,normal,,2026-05-27T11:26:09Z
44632,4909,instagram,ext_instagram_00000092,Coverage update: Home Wi-Fi Mesh Kit capacity at PulsePoint 5G is getting tight after a spike in service orders,2026-05-08T17:39:59Z,51,65,45,19312,0.597,,,normal,,2026-05-27T11:26:09Z
44633,5009,instagram,ext_instagram_00000093,Network monitoring alerts are helping the team catch congestion before call volume spikes,2026-05-23T19:38:04Z,716,34,4,1350,0.283,,,normal,,2026-05-27T11:26:09Z
44634,4760,threads,ext_threads_00000094,Outage follow-up: demand for Senior Connected Life Plan is up and SilverLine Connected Life needs more field slots,2026-05-25T09:07:02Z,3510,1409,500,183038,0.555,,,rising,,2026-05-27T11:26:09Z
44635,4661,instagram,ext_instagram_00000095,"Two-week review of EnterpriseEdge Services Edge Compute Reservation: strong subscriber response, but capacity planning matters",2026-05-12T08:04:07Z,273,78,2,7923,0.697,,,normal,,2026-05-27T11:26:09Z
44636,4855,tiktok,ext_tiktok_00000096,Families keep asking where to find Roaming Cost Coaching. RoamFlow Mobility is showing up in every upgrade thread,2026-05-05T05:52:37Z,8669,1019,935,179483,0.737,,,rising,,2026-05-27T11:26:09Z
44637,4829,instagram,ext_instagram_00000097,Connected life teams need better outreach after recent storm-related service events,2026-05-03T09:55:43Z,721,7,30,10466,0.289,,,normal,,2026-05-27T11:26:09Z
44638,4852,youtube,ext_youtube_00000098,Billing and usage signals are surfacing new need for Edge Compute Reservation from EnterpriseEdge Services,2026-05-19T15:49:15Z,650,75,34,11686,0.545,,,normal,,2026-05-27T11:26:09Z
44639,4780,threads,ext_threads_00000099,"If your subscribers need Gigabit Fiber Install, check FiberPath Broadband availability early; appointment slots are moving fast",2026-05-15T20:33:31Z,8981,436,372,151051,0.736,,,rising,,2026-05-27T11:26:09Z
44640,4930,tiktok,ext_tiktok_00000100,Day 30 with the Smart Home Connectivity Assessment workflow and the field team says HomeConnect Fixed Wireless reduced manual follow-up,2026-05-24T19:56:02Z,37121,9280,4545,788769,0.474,,,viral,,2026-05-27T11:26:09Z
44641,4572,tiktok,ext_tiktok_00000101,Outage follow-up is the top request in our subscriber forum this week,2026-05-23T07:15:38Z,7223,910,100,118723,0.474,,,rising,,2026-05-27T11:26:09Z
44642,4556,instagram,ext_instagram_00000102,"Thought LTE Backup Gateway demand would level off, but HomeConnect Fixed Wireless is still seeing urgent requests",2026-05-17T05:06:46Z,298,44,30,19956,0.632,,,normal,,2026-05-27T11:26:09Z
44643,4760,threads,ext_threads_00000103,Morning capacity review featuring 5G Unlimited Mobile Plan. SignalBridge Mobile needs pre-positioned technician capacity,2026-05-05T23:40:38Z,70,86,49,16386,0.505,,,normal,,2026-05-27T11:26:09Z
44644,4904,instagram,ext_instagram_00000104,Added Outage Follow-Up Call to the high-priority service assurance path. Thank you ClearMind Customer Care for closing the gap,2026-05-16T16:52:28Z,649,95,43,16569,0.32,,,normal,,2026-05-27T11:26:09Z
44645,4549,youtube,ext_youtube_00000105,Subscribers are asking about 5G Mobile Hotspot Kit through MetroSupply Devices; upgrade and activation demand is rising,2026-05-10T11:42:19Z,23204,8406,4076,211091,0.593,,,viral,,2026-05-27T11:26:09Z
44646,4797,youtube,ext_youtube_00000106,Network operations is flagging New Line Activation from WaveFirst Mobile as a capacity bottleneck this week,2026-05-03T13:44:11Z,635,63,36,15378,0.618,,,normal,,2026-05-27T11:26:09Z
44647,4772,tiktok,ext_tiktok_00000107,Connected life teams need better outreach after recent storm-related service events,2026-05-26T01:51:10Z,793,83,42,10541,0.79,,,normal,,2026-05-27T11:26:09Z
44648,4902,youtube,ext_youtube_00000108,Subscriber experience note - SignalBridge Mobile Number Port-In Activation is the service everyone is trying to schedule right now,2026-05-27T01:50:31Z,512,3,8,10409,0.405,,,normal,,2026-05-27T11:26:09Z
44649,4543,twitter,ext_twitter_00000109,Roaming bill questions are creating new handoffs to billing and retention teams,2026-05-05T15:26:32Z,31900,5693,5883,649036,0.194,,,viral,,2026-05-27T11:26:09Z
44650,4888,threads,ext_threads_00000110,"Two-week review of OrbitMotion IoT IoT Sensor Gateway Kit: strong subscriber response, but capacity planning matters",2026-05-24T02:51:34Z,408,72,34,4835,0.34,,,normal,,2026-05-27T11:26:09Z
44651,4963,threads,ext_threads_00000111,Outage follow-up is the top request in our subscriber forum this week,2026-05-27T08:39:27Z,401,41,12,15974,0.786,,,normal,,2026-05-27T11:26:09Z
44652,4605,threads,ext_threads_00000112,NOC huddle: prioritize ClearMind Customer Care Fraud Resolution Case installs before the weekend streaming surge,2026-05-23T01:14:26Z,918,12,39,14380,0.494,,,normal,,2026-05-27T11:26:09Z
44653,4731,instagram,ext_instagram_00000113,Billing and usage signals are surfacing new need for Device Upgrade Enrollment from PulsePoint 5G,2026-05-20T11:52:25Z,5765,1854,298,186904,0.732,,,rising,,2026-05-27T11:26:09Z
44654,4946,twitter,ext_twitter_00000114,"If your subscribers need Senior Connected Life Plan, check SilverLine Connected Life availability early; appointment slots are moving fast",2026-05-01T05:48:06Z,563,81,38,4414,0.667,,,normal,,2026-05-27T11:26:09Z
44655,4914,instagram,ext_instagram_00000115,Day 30 with the Gigabit Fiber Install workflow and the field team says FiberPath Broadband reduced manual follow-up,2026-04-30T15:49:18Z,531,86,32,2635,0.236,,,normal,,2026-05-27T11:26:09Z
44656,5042,threads,ext_threads_00000116,Families keep asking for better Wi-Fi performance before evening streaming starts,2026-04-27T15:32:39Z,9830,559,689,76770,0.172,,,rising,,2026-05-27T11:26:09Z
44657,4880,tiktok,ext_tiktok_00000117,"Thought Smart Home Connectivity Assessment demand would level off, but HomeConnect Fixed Wireless is still seeing urgent requests",2026-05-23T21:06:44Z,962,7,16,5893,0.548,,,normal,,2026-05-27T11:26:09Z
44658,4791,twitter,ext_twitter_00000118,Morning capacity review featuring Home Wi-Fi Mesh Kit. PulsePoint 5G needs pre-positioned technician capacity,2026-05-26T10:22:37Z,740,96,44,17633,0.476,,,normal,,2026-05-27T11:26:09Z
44659,4601,instagram,ext_instagram_00000119,Roaming bill questions are creating new handoffs to billing and retention teams,2026-05-18T11:08:55Z,569,47,3,6987,0.202,,,normal,,2026-05-27T11:26:09Z
44660,4828,threads,ext_threads_00000120,Subscribers are asking for clearer instructions after fiber installation and faster follow-up windows,2026-05-07T03:04:32Z,306,77,41,13413,0.757,,,normal,,2026-05-27T11:26:09Z
44661,4748,twitter,ext_twitter_00000121,Outage follow-up is the top request in our subscriber forum this week,2026-05-24T10:35:27Z,451,8,34,7382,0.281,,,normal,,2026-05-27T11:26:09Z
44662,4664,youtube,ext_youtube_00000122,Coverage update: Home Wi-Fi Mesh Kit capacity at PulsePoint 5G is getting tight after a spike in service orders,2026-05-21T01:41:44Z,551,69,45,9968,0.88,,,normal,,2026-05-27T11:26:09Z
44663,4667,tiktok,ext_tiktok_00000123,Network monitoring alerts are helping the team catch congestion before call volume spikes,2026-05-07T02:22:55Z,25176,6970,3105,583587,0.459,,,viral,,2026-05-27T11:26:09Z
44664,5044,tiktok,ext_tiktok_00000124,Outage follow-up: demand for SIM Replacement Starter Kit is up and MetroSupply Devices needs more field slots,2026-05-18T05:14:21Z,122,32,20,18128,0.934,,,normal,,2026-05-27T11:26:09Z
44665,4649,youtube,ext_youtube_00000125,"Two-week review of RoamFlow Mobility Roaming Cost Coaching: strong subscriber response, but capacity planning matters",2026-05-22T14:58:20Z,414,86,24,15872,0.48,,,normal,,2026-05-27T11:26:09Z
44666,4726,instagram,ext_instagram_00000126,Families keep asking where to find LTE Backup Gateway. HomeConnect Fixed Wireless is showing up in every upgrade thread,2026-05-21T21:32:50Z,967,37,2,15119,0.808,,,normal,,2026-05-27T11:26:09Z
44667,4907,youtube,ext_youtube_00000127,NOC huddle: prioritize RoamFlow Mobility Fiber Appointment Scheduling installs before the weekend streaming surge,2026-05-26T09:51:32Z,20276,7003,7287,716696,0.518,,,viral,,2026-05-27T11:26:09Z
44668,5057,threads,ext_threads_00000128,Billing and usage signals are surfacing new need for Customer Retention Intake from ClearMind Customer Care,2026-05-16T14:07:09Z,249626,86561,32372,6951174,0.73,,,mega_viral,,2026-05-27T11:26:09Z
44669,4545,threads,ext_threads_00000129,Roaming bill questions are creating new handoffs to billing and retention teams,2026-05-26T20:26:38Z,885,24,47,7181,0.651,,,normal,,2026-05-27T11:26:09Z
44670,4895,tiktok,ext_tiktok_00000130,Day 30 with the Customer Retention Intake workflow and the field team says ClearMind Customer Care reduced manual follow-up,2026-05-14T13:43:15Z,1554,1360,584,169076,0.8,,,rising,,2026-05-27T11:26:09Z
44671,4571,instagram,ext_instagram_00000131,Outage follow-up is the top request in our subscriber forum this week,2026-05-26T19:25:45Z,759,96,48,7345,0.315,,,normal,,2026-05-27T11:26:09Z
44672,4825,tiktok,ext_tiktok_00000132,Small businesses need earlier visibility into field technician appointment availability,2026-05-21T00:46:17Z,461,28,32,4406,0.263,,,normal,,2026-05-27T11:26:09Z
44673,4760,threads,ext_threads_00000133,Morning capacity review featuring Fraud Resolution Case. ClearMind Customer Care needs pre-positioned technician capacity,2026-05-27T10:59:49Z,583,87,10,14175,0.279,,,normal,,2026-05-27T11:26:09Z
44674,4950,tiktok,ext_tiktok_00000134,Added 5G Unlimited Mobile Plan to the high-priority service assurance path. Thank you SignalBridge Mobile for closing the gap,2026-04-28T23:58:04Z,270,25,15,10543,0.562,,,normal,,2026-05-27T11:26:09Z
44675,4728,twitter,ext_twitter_00000135,Subscribers are asking about Family Connectivity Support Session through SilverLine Connected Life; upgrade and activation demand is rising,2026-05-20T17:47:15Z,534,45,9,11362,0.86,,,normal,,2026-05-27T11:26:09Z
44676,4755,threads,ext_threads_00000136,Network operations is flagging Field Technician Evaluation from OrbitMotion IoT as a capacity bottleneck this week,2026-04-30T10:35:55Z,925,70,13,16708,0.439,,,normal,,2026-05-27T11:26:09Z
44677,4858,threads,ext_threads_00000137,Coverage update: Fixed Wireless Home Internet capacity at HomeConnect Fixed Wireless is getting tight after a spike in service orders,2026-05-11T04:58:57Z,533,91,31,14378,0.768,,,normal,,2026-05-27T11:26:09Z
44678,4799,instagram,ext_instagram_00000138,Subscriber experience note - WellNest Family Plans Student Mobile Plan is the service everyone is trying to schedule right now,2026-05-25T22:27:36Z,4606,1159,202,176773,0.516,,,rising,,2026-05-27T11:26:09Z
44679,4557,tiktok,ext_tiktok_00000139,Outage follow-up: demand for LTE Backup Gateway is up and HomeConnect Fixed Wireless needs more field slots,2026-05-18T07:16:37Z,15966,7289,2326,582473,0.863,,,viral,,2026-05-27T11:26:09Z
44680,5009,instagram,ext_instagram_00000140,"Two-week review of PulsePoint 5G Device Upgrade Enrollment: strong subscriber response, but capacity planning matters",2026-05-19T19:41:45Z,346,79,39,9492,0.574,,,normal,,2026-05-27T11:26:09Z
44681,5017,youtube,ext_youtube_00000141,Families keep asking where to find IoT Sensor Gateway Kit. OrbitMotion IoT is showing up in every upgrade thread,2026-05-24T06:44:50Z,450,49,44,17898,0.76,,,normal,,2026-05-27T11:26:09Z
44682,4689,youtube,ext_youtube_00000142,NOC huddle: prioritize SignalBridge Mobile Premium International Roaming Pass installs before the weekend streaming surge,2026-05-23T06:03:41Z,2955,423,187,97359,0.354,,,rising,,2026-05-27T11:26:09Z
44683,4925,tiktok,ext_tiktok_00000143,Network monitoring alerts are helping the team catch congestion before call volume spikes,2026-05-20T18:21:02Z,5638,1305,705,186079,0.16,,,rising,,2026-05-27T11:26:09Z
44684,4915,tiktok,ext_tiktok_00000144,Coverage gaps are delaying service assurance for several subscriber groups,2026-05-05T18:24:37Z,5061,1456,346,25100,0.845,,,rising,,2026-05-27T11:26:09Z
44685,4859,instagram,ext_instagram_00000145,Day 30 with the LTE Backup Gateway workflow and the field team says HomeConnect Fixed Wireless reduced manual follow-up,2026-04-30T18:40:53Z,240222,11511,29496,11689170,0.883,,,mega_viral,,2026-05-27T11:26:09Z
44686,4578,twitter,ext_twitter_00000146,Recommended SignalBridge Mobile Number Port-In Activation to an account manager today because churn risk is the issue,2026-04-29T02:31:02Z,9767,1450,690,23714,0.801,,,rising,,2026-05-27T11:26:09Z
44687,5046,youtube,ext_youtube_00000147,"Thought Gigabit Fiber Install demand would level off, but FiberPath Broadband is still seeing urgent requests",2026-05-04T07:47:30Z,1115,1868,740,59257,0.427,,,rising,,2026-05-27T11:26:09Z
44688,4779,youtube,ext_youtube_00000148,Enterprise care teams are coordinating SLA-impact cases across regional service teams today,2026-05-27T10:46:43Z,224,21,33,1488,0.162,,,normal,,2026-05-27T11:26:09Z
44689,4900,tiktok,ext_tiktok_00000149,Added Outage Follow-Up Call to the high-priority service assurance path. Thank you ClearMind Customer Care for closing the gap,2026-05-17T17:25:19Z,581,50,2,17094,0.269,,,normal,,2026-05-27T11:26:09Z
44690,4583,twitter,ext_twitter_00000150,Subscribers are asking about 5G Business Consultation through PulsePoint 5G; upgrade and activation demand is rising,2026-05-26T04:14:31Z,787,18,4,7228,0.331,,,normal,,2026-05-27T11:26:09Z
44691,4807,youtube,ext_youtube_00000151,Outage follow-up is the top request in our subscriber forum this week,2026-05-27T00:08:18Z,807,48,13,12601,0.678,,,normal,,2026-05-27T11:26:09Z
44692,4764,youtube,ext_youtube_00000152,Coverage update: Family Data Share Plan capacity at WellNest Family Plans is getting tight after a spike in service orders,2026-05-17T07:15:30Z,6341,584,263,178475,0.303,,,rising,,2026-05-27T11:26:09Z
44693,4979,instagram,ext_instagram_00000153,Network monitoring alerts are helping the team catch congestion before call volume spikes,2026-05-04T04:04:20Z,4131,600,548,72811,-0.138,,,rising,,2026-05-27T11:26:09Z
44694,4759,youtube,ext_youtube_00000154,Outage follow-up: demand for Small Business Fiber SLA is up and FiberPath Broadband needs more field slots,2026-05-07T09:07:54Z,7520,1851,707,102085,0.397,,,rising,,2026-05-27T11:26:09Z
44695,4910,tiktok,ext_tiktok_00000155,"Two-week review of OrbitMotion IoT IoT Sensor Gateway Kit: strong subscriber response, but capacity planning matters",2026-05-26T14:26:47Z,153,86,34,11650,0.495,,,normal,,2026-05-27T11:26:09Z
44696,4777,tiktok,ext_tiktok_00000156,Families keep asking where to find Premium International Roaming Pass. SignalBridge Mobile is showing up in every upgrade thread,2026-05-25T19:21:12Z,4811,878,776,45705,0.851,,,rising,,2026-05-27T11:26:09Z
44697,4644,youtube,ext_youtube_00000157,NOC huddle: prioritize SignalBridge Mobile Number Port-In Activation installs before the weekend streaming surge,2026-05-15T19:25:01Z,892,41,7,2125,0.695,,,normal,,2026-05-27T11:26:09Z
44698,4664,youtube,ext_youtube_00000158,Billing and usage signals are surfacing new need for Fiber Repair Appointment from FiberPath Broadband,2026-05-25T06:39:35Z,6609,601,676,97399,0.599,,,rising,,2026-05-27T11:26:09Z
44699,4951,twitter,ext_twitter_00000159,"If your subscribers need Senior Connected Life Plan, check SilverLine Connected Life availability early; appointment slots are moving fast",2026-05-24T19:15:34Z,47651,5846,4611,694923,0.593,,,viral,,2026-05-27T11:26:09Z
44700,4541,instagram,ext_instagram_00000160,Day 30 with the Network Congestion Plan Review workflow and the field team says WellNest Family Plans reduced manual follow-up,2026-05-04T04:42:42Z,986,86,46,16433,0.834,,,normal,,2026-05-27T11:26:09Z
44701,4871,twitter,ext_twitter_00000161,Recommended RoamFlow Mobility Roaming Cost Coaching to an account manager today because churn risk is the issue,2026-05-13T03:16:22Z,7659,542,848,69384,0.609,,,rising,,2026-05-27T11:26:09Z
44702,4777,tiktok,ext_tiktok_00000162,Small businesses need earlier visibility into field technician appointment availability,2026-05-11T11:04:06Z,3039,579,870,91004,0.616,,,rising,,2026-05-27T11:26:09Z
44703,4911,twitter,ext_twitter_00000163,Morning capacity review featuring Fiber Appointment Scheduling. RoamFlow Mobility needs pre-positioned technician capacity,2026-05-07T11:29:35Z,164,75,39,2549,0.56,,,normal,,2026-05-27T11:26:09Z
44704,4850,tiktok,ext_tiktok_00000164,Added Smart Home Connectivity Assessment to the high-priority service assurance path. Thank you HomeConnect Fixed Wireless for closing the gap,2026-05-19T04:28:56Z,551,82,6,3948,0.432,,,normal,,2026-05-27T11:26:09Z
44705,4970,tiktok,ext_tiktok_00000165,Subscribers are asking about Premium International Roaming Pass through SignalBridge Mobile; upgrade and activation demand is rising,2026-05-19T03:44:58Z,9746,1121,567,112817,0.492,,,rising,,2026-05-27T11:26:09Z
44706,5049,tiktok,ext_tiktok_00000166,Network operations is flagging IoT Sensor Gateway Kit from OrbitMotion IoT as a capacity bottleneck this week,2026-05-21T22:01:41Z,1261,239,800,59140,0.572,,,rising,,2026-05-27T11:26:09Z
44707,5004,instagram,ext_instagram_00000167,Coverage update: Connected Device Monitoring Onboarding capacity at MetroSupply Devices is getting tight after a spike in service orders,2026-05-08T14:49:43Z,142,19,23,4493,0.876,,,normal,,2026-05-27T11:26:09Z
44708,4766,instagram,ext_instagram_00000168,Subscriber experience note - SignalBridge Mobile 5G Unlimited Mobile Plan is the service everyone is trying to schedule right now,2026-05-21T04:35:17Z,350,90,7,2058,0.917,,,normal,,2026-05-27T11:26:09Z
44709,4997,youtube,ext_youtube_00000169,Outage follow-up: demand for Family Data Share Plan is up and WellNest Family Plans needs more field slots,2026-05-14T01:10:05Z,8638,308,979,86244,0.734,,,rising,,2026-05-27T11:26:09Z
44710,4601,instagram,ext_instagram_00000170,Subscribers are asking for clearer instructions after fiber installation and faster follow-up windows,2026-05-11T21:57:24Z,619,52,49,8080,-0.094,,,normal,,2026-05-27T11:26:09Z
44711,4595,threads,ext_threads_00000171,Families keep asking where to find Network Congestion Plan Review. WellNest Family Plans is showing up in every upgrade thread,2026-05-06T22:29:17Z,228,44,20,10347,0.513,,,normal,,2026-05-27T11:26:09Z
44712,4682,tiktok,ext_tiktok_00000172,NOC huddle: prioritize SignalBridge Mobile Premium International Roaming Pass installs before the weekend streaming surge,2026-05-24T17:42:30Z,19773,4291,6736,281573,0.825,,,viral,,2026-05-27T11:26:09Z
44713,4671,instagram,ext_instagram_00000173,Network monitoring alerts are helping the team catch congestion before call volume spikes,2026-04-30T03:32:08Z,185,18,27,18617,0.556,,,normal,,2026-05-27T11:26:09Z
44714,4971,twitter,ext_twitter_00000174,"If your subscribers need Fixed Wireless Home Internet, check HomeConnect Fixed Wireless availability early; appointment slots are moving fast",2026-05-11T14:40:26Z,168,16,6,16668,0.72,,,normal,,2026-05-27T11:26:09Z
44715,4585,threads,ext_threads_00000175,Day 30 with the Device Upgrade Enrollment workflow and the field team says PulsePoint 5G reduced manual follow-up,2026-05-03T03:05:36Z,7725,589,831,53796,0.92,,,rising,,2026-05-27T11:26:09Z
44716,4933,threads,ext_threads_00000176,Recommended OrbitMotion IoT IoT Sensor Gateway Kit to an account manager today because churn risk is the issue,2026-05-16T17:36:00Z,791,31,24,7544,0.204,,,normal,,2026-05-27T11:26:09Z
44717,4687,tiktok,ext_tiktok_00000177,"Thought Device Upgrade Enrollment demand would level off, but PulsePoint 5G is still seeing urgent requests",2026-05-25T13:56:52Z,444,58,22,16794,0.531,,,normal,,2026-05-27T11:26:09Z
44718,4984,instagram,ext_instagram_00000178,Morning capacity review featuring Churn Risk Save Offer. WaveFirst Mobile needs pre-positioned technician capacity,2026-05-08T07:53:56Z,242,24,9,3748,0.541,,,normal,,2026-05-27T11:26:09Z
44719,4628,twitter,ext_twitter_00000179,Added 5G Mobile Hotspot Kit to the high-priority service assurance path. Thank you MetroSupply Devices for closing the gap,2026-04-30T12:53:22Z,863,21,17,8889,0.833,,,normal,,2026-05-27T11:26:09Z
44720,4781,instagram,ext_instagram_00000180,Subscribers are asking about Fixed Wireless Home Internet through HomeConnect Fixed Wireless; upgrade and activation demand is rising,2026-05-15T18:41:32Z,862,61,14,918,0.471,,,normal,,2026-05-27T11:26:09Z
44721,4829,instagram,ext_instagram_00000181,Network operations is flagging New Line Activation from WaveFirst Mobile as a capacity bottleneck this week,2026-05-20T17:15:46Z,123,18,29,2629,0.901,,,normal,,2026-05-27T11:26:09Z
44722,5015,tiktok,ext_tiktok_00000182,Coverage update: Senior Connected Life Plan capacity at SilverLine Connected Life is getting tight after a spike in service orders,2026-05-27T05:40:17Z,2331,515,921,52451,0.513,,,rising,,2026-05-27T11:26:09Z
44723,4930,tiktok,ext_tiktok_00000183,Subscriber experience note - PulsePoint 5G Device Upgrade Enrollment is the service everyone is trying to schedule right now,2026-05-19T18:46:45Z,600,7,18,18041,0.392,,,normal,,2026-05-27T11:26:09Z
44724,4798,threads,ext_threads_00000184,Outage follow-up: demand for Student Mobile Plan is up and WellNest Family Plans needs more field slots,2026-05-13T07:30:45Z,338,0,18,8917,0.258,,,normal,,2026-05-27T11:26:09Z
44725,4620,threads,ext_threads_00000185,"Two-week review of ClearMind Customer Care Outage Follow-Up Call: strong subscriber response, but capacity planning matters",2026-05-13T19:55:06Z,231,64,2,6820,0.337,,,normal,,2026-05-27T11:26:09Z
44726,4721,instagram,ext_instagram_00000186,Families keep asking where to find Outage Follow-Up Call. ClearMind Customer Care is showing up in every upgrade thread,2026-05-20T20:42:50Z,561,46,21,3822,0.603,,,normal,,2026-05-27T11:26:09Z
44727,4799,instagram,ext_instagram_00000187,NOC huddle: prioritize PulsePoint 5G Device Upgrade Enrollment installs before the weekend streaming surge,2026-04-28T14:17:03Z,355,87,44,16775,0.62,,,normal,,2026-05-27T11:26:09Z
44728,4896,twitter,ext_twitter_00000188,Billing and usage signals are surfacing new need for Smart Home Connectivity Assessment from HomeConnect Fixed Wireless,2026-05-26T16:04:42Z,289,13,17,7885,0.414,,,normal,,2026-05-27T11:26:09Z
44729,4968,threads,ext_threads_00000189,Roaming bill questions are creating new handoffs to billing and retention teams,2026-04-29T23:54:15Z,532,24,7,12589,-0.283,,,normal,,2026-05-27T11:26:09Z
44730,4771,instagram,ext_instagram_00000190,Day 30 with the Smart Home Connectivity Assessment workflow and the field team says HomeConnect Fixed Wireless reduced manual follow-up,2026-05-10T21:21:03Z,6882,1761,354,144888,0.762,,,rising,,2026-05-27T11:26:09Z
44731,4574,youtube,ext_youtube_00000191,Outage follow-up is the top request in our subscriber forum this week,2026-05-02T11:52:41Z,263,2,43,16065,-0.226,,,normal,,2026-05-27T11:26:09Z
44732,4962,youtube,ext_youtube_00000192,"Thought 5G Business Consultation demand would level off, but PulsePoint 5G is still seeing urgent requests",2026-05-13T16:25:31Z,91,30,35,18652,0.828,,,normal,,2026-05-27T11:26:09Z
44733,4775,threads,ext_threads_00000193,Morning capacity review featuring Gigabit Fiber Install. FiberPath Broadband needs pre-positioned technician capacity,2026-05-19T05:08:48Z,33013,14041,3969,785473,0.833,,,viral,,2026-05-27T11:26:09Z
44734,4890,tiktok,ext_tiktok_00000194,Coverage gaps are delaying service assurance for several subscriber groups,2026-05-20T04:20:28Z,32212,6370,6382,702038,0.3,,,viral,,2026-05-27T11:26:09Z
44735,4830,tiktok,ext_tiktok_00000195,Subscribers are asking about Gigabit Fiber Install through FiberPath Broadband; upgrade and activation demand is rising,2026-05-07T10:41:37Z,9211,1530,393,189356,0.341,,,rising,,2026-05-27T11:26:09Z
44736,4887,youtube,ext_youtube_00000196,Network operations is flagging Field Technician Evaluation from OrbitMotion IoT as a capacity bottleneck this week,2026-05-26T18:50:34Z,2857,679,990,166063,0.686,,,rising,,2026-05-27T11:26:09Z
44737,4919,instagram,ext_instagram_00000197,Connected life teams need better outreach after recent storm-related service events,2026-05-22T18:13:48Z,404,90,17,13935,-0.021,,,normal,,2026-05-27T11:26:09Z
44738,4769,youtube,ext_youtube_00000198,Subscriber experience note - ClearMind Customer Care Outage Follow-Up Call is the service everyone is trying to schedule right now,2026-05-25T10:27:02Z,194,46,11,19877,0.88,,,normal,,2026-05-27T11:26:09Z
44739,4631,instagram,ext_instagram_00000199,Roaming bill questions are creating new handoffs to billing and retention teams,2026-05-27T11:11:49Z,1512,280,879,111262,0.204,,,rising,,2026-05-27T11:26:09Z
44740,5004,instagram,ext_instagram_00000200,"Two-week review of WellNest Family Plans Family Data Share Plan: strong subscriber response, but capacity planning matters",2026-05-24T16:53:28Z,9300,231,502,164568,0.821,,,rising,,2026-05-27T11:26:09Z
44741,4589,youtube,ext_youtube_00000201,Families keep asking where to find 5G Business Consultation. PulsePoint 5G is showing up in every upgrade thread,2026-05-19T20:19:26Z,5639,948,422,28465,0.308,,,rising,,2026-05-27T11:26:09Z
44742,4926,twitter,ext_twitter_00000202,NOC huddle: prioritize MetroSupply Devices 5G Mobile Hotspot Kit installs before the weekend streaming surge,2026-05-13T16:10:40Z,255,39,0,18171,0.367,,,normal,,2026-05-27T11:26:09Z
44743,4871,twitter,ext_twitter_00000203,Billing and usage signals are surfacing new need for Family Data Share Plan from WellNest Family Plans,2026-05-16T10:57:48Z,758,63,40,14077,0.38,,,normal,,2026-05-27T11:26:09Z
44744,4687,tiktok,ext_tiktok_00000204,"If your subscribers need Connected Device Monitoring Onboarding, check MetroSupply Devices availability early; appointment slots are moving fast",2026-05-19T14:07:44Z,232,65,16,7115,0.704,,,normal,,2026-05-27T11:26:09Z
44745,4952,youtube,ext_youtube_00000205,Day 30 with the Premium International Roaming Pass workflow and the field team says SignalBridge Mobile reduced manual follow-up,2026-05-27T09:51:45Z,118,47,46,6056,0.247,,,normal,,2026-05-27T11:26:09Z
44746,5025,tiktok,ext_tiktok_00000206,Recommended HomeConnect Fixed Wireless LTE Backup Gateway to an account manager today because churn risk is the issue,2026-05-20T02:14:31Z,281,80,38,2604,0.344,,,normal,,2026-05-27T11:26:09Z
44747,5025,tiktok,ext_tiktok_00000207,"Thought Premium International Roaming Pass demand would level off, but SignalBridge Mobile is still seeing urgent requests",2026-05-21T07:31:22Z,564,9,19,11549,0.859,,,normal,,2026-05-27T11:26:09Z
44748,4802,youtube,ext_youtube_00000208,Enterprise care teams are coordinating SLA-impact cases across regional service teams today,2026-05-01T03:56:30Z,854,72,8,4706,-0.04,,,normal,,2026-05-27T11:26:09Z
44749,4560,threads,ext_threads_00000209,Added Home Wi-Fi Mesh Kit to the high-priority service assurance path. Thank you PulsePoint 5G for closing the gap,2026-05-19T22:12:41Z,707,93,15,8729,0.703,,,normal,,2026-05-27T11:26:09Z
44750,4625,threads,ext_threads_00000210,Subscribers are asking for clearer instructions after fiber installation and faster follow-up windows,2026-05-27T10:59:15Z,185,87,27,4256,0.379,,,normal,,2026-05-27T11:26:09Z
44751,4820,tiktok,ext_tiktok_00000211,Network operations is flagging Connected Device Monitoring Onboarding from MetroSupply Devices as a capacity bottleneck this week,2026-05-22T21:46:00Z,578,30,36,11064,0.737,,,normal,,2026-05-27T11:26:09Z
44752,5057,threads,ext_threads_00000212,Small businesses need earlier visibility into field technician appointment availability,2026-05-11T12:53:21Z,235,71,15,5266,0.651,,,normal,,2026-05-27T11:26:09Z
44753,4550,threads,ext_threads_00000213,Subscriber experience note - HomeConnect Fixed Wireless Fixed Wireless Home Internet is the service everyone is trying to schedule right now,2026-05-14T18:56:21Z,8336,639,206,86141,0.716,,,rising,,2026-05-27T11:26:09Z
44754,4584,youtube,ext_youtube_00000214,Outage follow-up: demand for Fiber Repair Appointment is up and FiberPath Broadband needs more field slots,2026-05-13T13:45:52Z,752,31,23,11302,0.903,,,normal,,2026-05-27T11:26:09Z
44755,4580,threads,ext_threads_00000215,Device-support channels are seeing increased activation demand after a handset launch,2026-05-27T09:49:07Z,573,81,0,11879,0.674,,,normal,,2026-05-27T11:26:09Z
44756,4756,instagram,ext_instagram_00000216,Families keep asking for better Wi-Fi performance before evening streaming starts,2026-05-26T07:24:47Z,24267,2185,4838,901770,0.245,,,viral,,2026-05-27T11:26:09Z
44757,4842,youtube,ext_youtube_00000217,Connected life teams need better outreach after recent storm-related service events,2026-05-03T17:34:39Z,468,95,34,16927,0.061,,,normal,,2026-05-27T11:26:09Z
44758,4708,twitter,ext_twitter_00000218,Billing and usage signals are surfacing new need for Edge Compute Reservation from EnterpriseEdge Services,2026-05-03T18:12:45Z,328,57,36,3286,0.313,,,normal,,2026-05-27T11:26:09Z
44759,4977,youtube,ext_youtube_00000219,"If your subscribers need Field Technician Evaluation, check OrbitMotion IoT availability early; appointment slots are moving fast",2026-05-18T01:33:28Z,15,7,36,6394,0.804,,,normal,,2026-05-27T11:26:09Z
44760,4882,youtube,ext_youtube_00000220,Day 30 with the Device Upgrade Enrollment workflow and the field team says PulsePoint 5G reduced manual follow-up,2026-05-21T05:50:10Z,8877,1736,448,61160,0.565,,,rising,,2026-05-27T11:26:09Z
44761,4668,twitter,ext_twitter_00000221,Recommended SignalBridge Mobile Number Port-In Activation to an account manager today because churn risk is the issue,2026-05-18T17:36:48Z,235,67,15,19703,0.678,,,normal,,2026-05-27T11:26:09Z
44762,4552,tiktok,ext_tiktok_00000222,Small businesses need earlier visibility into field technician appointment availability,2026-05-27T09:30:50Z,239,82,41,12857,0.654,,,normal,,2026-05-27T11:26:09Z
44763,4686,instagram,ext_instagram_00000223,Morning capacity review featuring Number Port-In Activation. SignalBridge Mobile needs pre-positioned technician capacity,2026-05-25T22:18:28Z,155,7,2,7714,0.578,,,normal,,2026-05-27T11:26:09Z
44764,4814,instagram,ext_instagram_00000224,Coverage gaps are delaying service assurance for several subscriber groups,2026-04-27T13:10:17Z,7913,1280,162,90766,0.212,,,rising,,2026-05-27T11:26:09Z
44765,5000,tiktok,ext_tiktok_00000225,Subscribers are asking about Family Connectivity Support Session through SilverLine Connected Life; upgrade and activation demand is rising,2026-05-26T21:14:30Z,434,58,45,11019,0.83,,,normal,,2026-05-27T11:26:09Z
44766,4812,youtube,ext_youtube_00000226,Network operations is flagging Premium International Roaming Pass from SignalBridge Mobile as a capacity bottleneck this week,2026-05-10T01:53:05Z,3566,229,790,131247,0.793,,,rising,,2026-05-27T11:26:09Z
44767,5010,tiktok,ext_tiktok_00000227,Connected life teams need better outreach after recent storm-related service events,2026-05-21T08:07:03Z,538,1,18,4880,0.736,,,normal,,2026-05-27T11:26:09Z
44768,4549,youtube,ext_youtube_00000228,Subscriber experience note - MetroSupply Devices 5G Mobile Hotspot Kit is the service everyone is trying to schedule right now,2026-05-25T17:15:15Z,8165,1296,681,199661,0.715,,,rising,,2026-05-27T11:26:09Z
44769,4825,tiktok,ext_tiktok_00000229,Outage follow-up: demand for LTE Backup Gateway is up and HomeConnect Fixed Wireless needs more field slots,2026-05-24T11:08:29Z,8519,1569,618,37995,0.814,,,rising,,2026-05-27T11:26:09Z
44770,4699,youtube,ext_youtube_00000230,Subscribers are asking for clearer instructions after fiber installation and faster follow-up windows,2026-05-20T14:02:36Z,814,29,14,5822,-0.095,,,normal,,2026-05-27T11:26:09Z
44771,4747,tiktok,ext_tiktok_00000231,Families keep asking where to find 5G Business Consultation. PulsePoint 5G is showing up in every upgrade thread,2026-05-25T15:38:45Z,631,98,23,4460,0.885,,,normal,,2026-05-27T11:26:09Z
44772,4549,youtube,ext_youtube_00000232,NOC huddle: prioritize EnterpriseEdge Services Edge Compute Reservation installs before the weekend streaming surge,2026-05-13T01:37:07Z,368,7,12,5226,0.467,,,normal,,2026-05-27T11:26:09Z
44773,4761,instagram,ext_instagram_00000233,Billing and usage signals are surfacing new need for Home Wi-Fi Mesh Kit from PulsePoint 5G,2026-05-27T11:06:28Z,835,58,16,18879,0.734,,,normal,,2026-05-27T11:26:09Z
44774,4599,youtube,ext_youtube_00000234,"If your subscribers need Premium International Roaming Pass, check SignalBridge Mobile availability early; appointment slots are moving fast",2026-04-28T22:06:31Z,56,55,30,4843,0.435,,,normal,,2026-05-27T11:26:09Z
44775,4811,twitter,ext_twitter_00000235,Day 30 with the Fiber Repair Appointment workflow and the field team says FiberPath Broadband reduced manual follow-up,2026-05-20T05:21:02Z,781,25,47,8406,0.487,,,normal,,2026-05-27T11:26:09Z
44776,4592,tiktok,ext_tiktok_00000236,Recommended SilverLine Connected Life Senior Connected Life Plan to an account manager today because churn risk is the issue,2026-04-28T22:24:31Z,826,6,49,7789,0.526,,,normal,,2026-05-27T11:26:09Z
44777,4871,twitter,ext_twitter_00000237,Connected life teams need better outreach after recent storm-related service events,2026-05-01T07:04:03Z,797,84,11,8923,0.75,,,normal,,2026-05-27T11:26:09Z
44778,4909,instagram,ext_instagram_00000238,Morning capacity review featuring Customer Retention Intake. ClearMind Customer Care needs pre-positioned technician capacity,2026-05-25T05:05:20Z,909,37,14,11819,0.597,,,normal,,2026-05-27T11:26:09Z
44779,4816,twitter,ext_twitter_00000239,Added Edge Compute Reservation to the high-priority service assurance path. Thank you EnterpriseEdge Services for closing the gap,2026-05-18T09:41:31Z,119,87,0,6116,0.695,,,normal,,2026-05-27T11:26:09Z
44780,4545,threads,ext_threads_00000240,Subscribers are asking about Fiber Appointment Scheduling through RoamFlow Mobility; upgrade and activation demand is rising,2026-05-21T09:02:23Z,23028,14938,3632,976961,0.517,,,viral,,2026-05-27T11:26:09Z
44781,4554,youtube,ext_youtube_00000241,Network operations is flagging Field Technician Evaluation from OrbitMotion IoT as a capacity bottleneck this week,2026-05-26T10:57:50Z,4154,1699,787,144462,0.217,,,rising,,2026-05-27T11:26:09Z
44782,4867,youtube,ext_youtube_00000242,Coverage update: Premium International Roaming Pass capacity at SignalBridge Mobile is getting tight after a spike in service orders,2026-05-27T05:37:45Z,1631,1932,927,121444,0.578,,,rising,,2026-05-27T11:26:09Z
44783,4575,threads,ext_threads_00000243,Subscriber experience note - PulsePoint 5G Home Wi-Fi Mesh Kit is the service everyone is trying to schedule right now,2026-05-21T21:55:15Z,675,17,44,5718,0.283,,,normal,,2026-05-27T11:26:09Z
44784,4977,youtube,ext_youtube_00000244,Coverage gaps are delaying service assurance for several subscriber groups,2026-05-27T05:10:57Z,20418,13386,6958,836388,-0.097,,,viral,,2026-05-27T11:26:09Z
44785,4885,tiktok,ext_tiktok_00000245,Device-support channels are seeing increased activation demand after a handset launch,2026-05-02T09:43:10Z,729,20,7,11159,0.139,,,normal,,2026-05-27T11:26:09Z
44786,4763,twitter,ext_twitter_00000246,Families keep asking where to find Fiber Repair Appointment. FiberPath Broadband is showing up in every upgrade thread,2026-05-15T10:12:49Z,110,98,4,17275,0.814,,,normal,,2026-05-27T11:26:09Z
44787,4854,instagram,ext_instagram_00000247,NOC huddle: prioritize EnterpriseEdge Services Edge Compute Reservation installs before the weekend streaming surge,2026-05-25T04:18:21Z,467,66,15,9855,0.748,,,normal,,2026-05-27T11:26:09Z
44788,4550,threads,ext_threads_00000248,Billing and usage signals are surfacing new need for Small Business Fiber SLA from FiberPath Broadband,2026-05-16T11:06:29Z,5634,1845,692,23389,0.689,,,rising,,2026-05-27T11:26:09Z
44789,4791,twitter,ext_twitter_00000249,"If your subscribers need Family Connectivity Support Session, check SilverLine Connected Life availability early; appointment slots are moving fast",2026-05-24T12:21:33Z,411,96,47,5957,0.911,,,normal,,2026-05-27T11:26:09Z
44790,4900,tiktok,ext_tiktok_00000250,Subscribers are asking for clearer instructions after fiber installation and faster follow-up windows,2026-05-12T06:09:37Z,699,12,36,12566,-0.125,,,normal,,2026-05-27T11:26:09Z
44791,4604,youtube,ext_youtube_00000251,Recommended FiberPath Broadband Small Business Fiber SLA to an account manager today because churn risk is the issue,2026-05-24T20:11:44Z,619,23,24,8048,0.562,,,normal,,2026-05-27T11:26:09Z
44792,4661,instagram,ext_instagram_00000252,"Thought LTE Backup Gateway demand would level off, but HomeConnect Fixed Wireless is still seeing urgent requests",2026-05-16T07:38:26Z,23162,3943,1493,440228,0.921,,,viral,,2026-05-27T11:26:09Z
44793,4998,threads,ext_threads_00000253,Network monitoring alerts are helping the team catch congestion before call volume spikes,2026-04-27T17:23:59Z,497,56,39,3843,0.805,,,normal,,2026-05-27T11:26:09Z
44794,4615,threads,ext_threads_00000254,Added IoT Sensor Gateway Kit to the high-priority service assurance path. Thank you OrbitMotion IoT for closing the gap,2026-05-20T01:48:02Z,575,62,20,16212,0.817,,,normal,,2026-05-27T11:26:09Z
44795,4982,youtube,ext_youtube_00000255,Subscribers are asking about 5G Business Consultation through PulsePoint 5G; upgrade and activation demand is rising,2026-05-27T04:02:22Z,174517,55832,11551,12130706,0.469,,,mega_viral,,2026-05-27T11:26:09Z
44796,4726,instagram,ext_instagram_00000256,Network operations is flagging Field Technician Evaluation from OrbitMotion IoT as a capacity bottleneck this week,2026-05-25T13:59:49Z,20649,11489,3720,379848,0.639,,,viral,,2026-05-27T11:26:09Z
44797,4564,youtube,ext_youtube_00000257,Connected life teams need better outreach after recent storm-related service events,2026-05-26T16:57:28Z,594,85,37,4362,0.488,,,normal,,2026-05-27T11:26:09Z
44798,4859,instagram,ext_instagram_00000258,Subscriber experience note - OrbitMotion IoT IoT Sensor Gateway Kit is the service everyone is trying to schedule right now,2026-05-25T16:50:37Z,426,62,36,13524,0.757,,,normal,,2026-05-27T11:26:09Z
44799,4812,youtube,ext_youtube_00000259,Outage follow-up: demand for Small Business Fiber SLA is up and FiberPath Broadband needs more field slots,2026-05-01T19:18:19Z,759,25,40,11922,0.564,,,normal,,2026-05-27T11:26:09Z
44800,4696,instagram,ext_instagram_00000260,Subscribers are asking for clearer instructions after fiber installation and faster follow-up windows,2026-05-15T08:59:42Z,773,83,49,12176,-0.101,,,normal,,2026-05-27T11:26:09Z
44801,4827,youtube,ext_youtube_00000261,Outage follow-up is the top request in our subscriber forum this week,2026-05-04T17:39:46Z,102,81,7,1155,0.066,,,normal,,2026-05-27T11:26:09Z
44802,4662,tiktok,ext_tiktok_00000262,NOC huddle: prioritize ClearMind Customer Care Fraud Resolution Case installs before the weekend streaming surge,2026-05-10T09:56:16Z,452,1,15,11304,0.375,,,normal,,2026-05-27T11:26:09Z
44803,5003,threads,ext_threads_00000263,Billing and usage signals are surfacing new need for Fiber Appointment Scheduling from RoamFlow Mobility,2026-05-27T02:39:29Z,914,67,21,3214,0.749,,,normal,,2026-05-27T11:26:09Z
44804,4556,instagram,ext_instagram_00000264,"If your subscribers need Fiber Appointment Scheduling, check RoamFlow Mobility availability early; appointment slots are moving fast",2026-05-19T04:51:37Z,735,44,31,17515,0.727,,,normal,,2026-05-27T11:26:09Z
44805,4735,threads,ext_threads_00000265,Day 30 with the Home Wi-Fi Mesh Kit workflow and the field team says PulsePoint 5G reduced manual follow-up,2026-05-13T17:40:52Z,672,42,33,15803,0.948,,,normal,,2026-05-27T11:26:09Z
44806,4801,twitter,ext_twitter_00000266,Families keep asking for better Wi-Fi performance before evening streaming starts,2026-05-25T23:45:30Z,318,55,18,8400,0.072,,,normal,,2026-05-27T11:26:09Z
44807,4991,twitter,ext_twitter_00000267,"Thought LTE Backup Gateway demand would level off, but HomeConnect Fixed Wireless is still seeing urgent requests",2026-05-18T03:25:14Z,189,94,31,10422,0.602,,,normal,,2026-05-27T11:26:09Z
44808,4863,threads,ext_threads_00000268,Morning capacity review featuring Fiber Appointment Scheduling. RoamFlow Mobility needs pre-positioned technician capacity,2026-05-27T07:48:56Z,769,17,22,6694,0.881,,,normal,,2026-05-27T11:26:09Z
44809,4965,tiktok,ext_tiktok_00000269,Added Fraud Resolution Case to the high-priority service assurance path. Thank you ClearMind Customer Care for closing the gap,2026-05-27T11:00:58Z,9394,516,344,159056,0.431,,,rising,,2026-05-27T11:26:09Z
44810,4854,instagram,ext_instagram_00000270,Subscribers are asking for clearer instructions after fiber installation and faster follow-up windows,2026-05-27T04:41:30Z,619,49,5,139,-0.138,,,normal,,2026-05-27T11:26:09Z
44811,4934,instagram,ext_instagram_00000271,Network operations is flagging Enterprise Account Navigation from EnterpriseEdge Services as a capacity bottleneck this week,2026-05-26T18:53:38Z,4011,1082,642,159782,0.455,,,rising,,2026-05-27T11:26:09Z
44812,4946,twitter,ext_twitter_00000272,Coverage update: Enterprise Account Navigation capacity at EnterpriseEdge Services is getting tight after a spike in service orders,2026-05-11T13:01:48Z,903,50,40,5044,0.892,,,normal,,2026-05-27T11:26:09Z
44813,4991,twitter,ext_twitter_00000273,Subscriber experience note - SignalBridge Mobile Premium International Roaming Pass is the service everyone is trying to schedule right now,2026-05-20T12:51:43Z,952,56,48,19729,0.421,,,normal,,2026-05-27T11:26:09Z
44814,4662,tiktok,ext_tiktok_00000274,Outage follow-up: demand for Number Port-In Activation is up and SignalBridge Mobile needs more field slots,2026-05-27T07:07:34Z,222,98,44,9862,0.218,,,normal,,2026-05-27T11:26:09Z
44815,4816,twitter,ext_twitter_00000275,"Two-week review of PulsePoint 5G 5G Business Consultation: strong subscriber response, but capacity planning matters",2026-05-05T11:56:44Z,376,16,37,758,0.321,,,normal,,2026-05-27T11:26:09Z
44816,4645,threads,ext_threads_00000276,Families keep asking where to find Senior Connected Life Plan. SilverLine Connected Life is showing up in every upgrade thread,2026-05-23T05:08:27Z,10977,7399,7153,482291,0.241,,,viral,,2026-05-27T11:26:09Z
44817,4760,threads,ext_threads_00000277,NOC huddle: prioritize WaveFirst Mobile New Line Activation installs before the weekend streaming surge,2026-05-23T14:46:10Z,749,43,27,16981,0.411,,,normal,,2026-05-27T11:26:09Z
44818,5025,tiktok,ext_tiktok_00000278,Billing and usage signals are surfacing new need for Fixed Wireless Home Internet from HomeConnect Fixed Wireless,2026-05-14T04:35:14Z,711,69,24,17132,0.453,,,normal,,2026-05-27T11:26:09Z
44819,4725,threads,ext_threads_00000279,Roaming bill questions are creating new handoffs to billing and retention teams,2026-05-01T06:52:15Z,2592,1448,748,68200,-0.228,,,rising,,2026-05-27T11:26:09Z
44820,4883,threads,ext_threads_00000280,Day 30 with the Enterprise Account Navigation workflow and the field team says EnterpriseEdge Services reduced manual follow-up,2026-05-21T15:14:36Z,28414,10506,7157,824737,0.524,,,viral,,2026-05-27T11:26:09Z
44821,4551,instagram,ext_instagram_00000281,Recommended MetroSupply Devices 5G Mobile Hotspot Kit to an account manager today because churn risk is the issue,2026-05-25T01:26:36Z,888,61,2,1140,0.892,,,normal,,2026-05-27T11:26:09Z
44822,4817,youtube,ext_youtube_00000282,"Thought Fixed Wireless Home Internet demand would level off, but HomeConnect Fixed Wireless is still seeing urgent requests",2026-05-24T10:31:00Z,8439,372,888,80004,0.315,,,rising,,2026-05-27T11:26:09Z
44823,4996,twitter,ext_twitter_00000283,Morning capacity review featuring Home Wi-Fi Mesh Kit. PulsePoint 5G needs pre-positioned technician capacity,2026-05-19T04:41:42Z,553,50,5,13731,0.839,,,normal,,2026-05-27T11:26:09Z
44824,4981,twitter,ext_twitter_00000284,Added Home Wi-Fi Mesh Kit to the high-priority service assurance path. Thank you PulsePoint 5G for closing the gap,2026-05-04T21:52:33Z,391,8,42,7413,0.855,,,normal,,2026-05-27T11:26:09Z
44825,4878,threads,ext_threads_00000285,Device-support channels are seeing increased activation demand after a handset launch,2026-04-29T16:54:13Z,9280,367,656,77665,-0.294,,,rising,,2026-05-27T11:26:09Z
44826,4733,twitter,ext_twitter_00000286,Network operations is flagging 5G Unlimited Mobile Plan from SignalBridge Mobile as a capacity bottleneck this week,2026-05-22T07:40:55Z,17,77,37,9831,0.844,,,normal,,2026-05-27T11:26:09Z
44827,4816,twitter,ext_twitter_00000287,Coverage update: Small Business Fiber SLA capacity at FiberPath Broadband is getting tight after a spike in service orders,2026-05-24T11:16:06Z,745,49,31,15148,0.816,,,normal,,2026-05-27T11:26:09Z
44828,4579,youtube,ext_youtube_00000288,Enterprise care teams are coordinating SLA-impact cases across regional service teams today,2026-05-12T21:35:56Z,402,30,21,16416,0.743,,,normal,,2026-05-27T11:26:09Z
44829,4810,tiktok,ext_tiktok_00000289,Outage follow-up: demand for Connected Device Monitoring Onboarding is up and MetroSupply Devices needs more field slots,2026-05-27T01:12:02Z,158,28,38,18546,0.681,,,normal,,2026-05-27T11:26:09Z
44830,4589,youtube,ext_youtube_00000290,Subscribers are asking for clearer instructions after fiber installation and faster follow-up windows,2026-05-14T00:12:35Z,7280,1069,586,35092,0.229,,,rising,,2026-05-27T11:26:09Z
44831,4916,twitter,ext_twitter_00000291,Families keep asking where to find 5G Mobile Hotspot Kit. MetroSupply Devices is showing up in every upgrade thread,2026-05-25T15:33:00Z,70,5,35,2949,0.862,,,normal,,2026-05-27T11:26:09Z
44832,4697,tiktok,ext_tiktok_00000292,NOC huddle: prioritize WellNest Family Plans Family Data Share Plan installs before the weekend streaming surge,2026-05-21T19:55:10Z,262,18,16,2603,0.446,,,normal,,2026-05-27T11:26:09Z
44833,4775,threads,ext_threads_00000293,Network monitoring alerts are helping the team catch congestion before call volume spikes,2026-05-21T13:57:39Z,64,97,21,2757,-0.07,,,normal,,2026-05-27T11:26:09Z
44834,5004,instagram,ext_instagram_00000294,"If your subscribers need Premium International Roaming Pass, check SignalBridge Mobile availability early; appointment slots are moving fast",2026-05-19T08:30:41Z,155780,43488,28168,10877828,0.536,,,mega_viral,,2026-05-27T11:26:09Z
44835,4569,youtube,ext_youtube_00000295,Day 30 with the Edge Compute Reservation workflow and the field team says EnterpriseEdge Services reduced manual follow-up,2026-05-26T23:03:19Z,4961,1496,467,59237,0.393,,,rising,,2026-05-27T11:26:09Z
44836,4996,twitter,ext_twitter_00000296,Recommended FiberPath Broadband Fiber Repair Appointment to an account manager today because churn risk is the issue,2026-05-21T13:12:47Z,356,8,14,16032,0.611,,,normal,,2026-05-27T11:26:09Z
44837,4606,instagram,ext_instagram_00000297,Connected life teams need better outreach after recent storm-related service events,2026-05-19T20:51:28Z,8795,214,940,122295,0.238,,,rising,,2026-05-27T11:26:09Z
44838,4998,threads,ext_threads_00000298,Morning capacity review featuring Device Upgrade Enrollment. PulsePoint 5G needs pre-positioned technician capacity,2026-05-25T01:21:29Z,932,42,32,12998,0.584,,,normal,,2026-05-27T11:26:09Z
44839,4935,tiktok,ext_tiktok_00000299,Roaming bill questions are creating new handoffs to billing and retention teams,2026-05-20T05:28:30Z,892,40,46,15084,0.827,,,normal,,2026-05-27T11:26:09Z
44840,4972,youtube,ext_youtube_00000300,Subscribers are asking for clearer instructions after fiber installation and faster follow-up windows,2026-05-25T17:43:37Z,538,71,20,14118,0.116,,,normal,,2026-05-27T11:26:09Z
44841,4767,tiktok,ext_tiktok_00000301,Network operations is flagging Fiber Repair Appointment from FiberPath Broadband as a capacity bottleneck this week,2026-05-10T17:01:58Z,89,19,24,518,0.859,,,normal,,2026-05-27T11:26:09Z
44842,4547,tiktok,ext_tiktok_00000302,Small businesses need earlier visibility into field technician appointment availability,2026-05-22T11:43:22Z,6903,1325,912,57029,-0.144,,,rising,,2026-05-27T11:26:09Z
44843,4931,twitter,ext_twitter_00000303,Subscriber experience note - RoamFlow Mobility Fiber Appointment Scheduling is the service everyone is trying to schedule right now,2026-05-27T11:01:45Z,7995,1993,803,30738,0.3,,,rising,,2026-05-27T11:26:09Z
44844,5054,tiktok,ext_tiktok_00000304,Coverage gaps are delaying service assurance for several subscriber groups,2026-05-25T04:42:30Z,260,58,18,7946,-0.002,,,normal,,2026-05-27T11:26:09Z
44845,4693,twitter,ext_twitter_00000305,Device-support channels are seeing increased activation demand after a handset launch,2026-05-17T00:42:10Z,21400,8508,3258,492512,0.179,,,viral,,2026-05-27T11:26:09Z
44846,5005,tiktok,ext_tiktok_00000306,Families keep asking where to find New Line Activation. WaveFirst Mobile is showing up in every upgrade thread,2026-05-21T11:54:58Z,319,70,20,6287,0.431,,,normal,,2026-05-27T11:26:09Z
44847,4946,twitter,ext_twitter_00000307,Connected life teams need better outreach after recent storm-related service events,2026-05-12T04:58:11Z,60,4,30,17728,0.365,,,normal,,2026-05-27T11:26:09Z
44848,4661,instagram,ext_instagram_00000308,Billing and usage signals are surfacing new need for Field Technician Evaluation from OrbitMotion IoT,2026-05-27T04:03:23Z,636,26,26,17447,0.88,,,normal,,2026-05-27T11:26:09Z
44849,4929,instagram,ext_instagram_00000309,"If your subscribers need Smart Home Connectivity Assessment, check HomeConnect Fixed Wireless availability early; appointment slots are moving fast",2026-05-25T18:17:31Z,818,31,4,1505,0.433,,,normal,,2026-05-27T11:26:09Z
44850,5041,youtube,ext_youtube_00000310,Day 30 with the Device Upgrade Enrollment workflow and the field team says PulsePoint 5G reduced manual follow-up,2026-05-26T23:30:14Z,579,3,25,14703,0.246,,,normal,,2026-05-27T11:26:09Z
44851,4870,tiktok,ext_tiktok_00000311,Outage follow-up is the top request in our subscriber forum this week,2026-05-24T22:27:52Z,195,86,42,5868,0.056,,,normal,,2026-05-27T11:26:09Z
44852,4777,tiktok,ext_tiktok_00000312,"Thought Number Port-In Activation demand would level off, but SignalBridge Mobile is still seeing urgent requests",2026-05-05T13:47:11Z,125,97,7,14529,0.923,,,normal,,2026-05-27T11:26:09Z
44853,4605,threads,ext_threads_00000313,Morning capacity review featuring Roaming Cost Coaching. RoamFlow Mobility needs pre-positioned technician capacity,2026-05-20T13:20:03Z,295,30,14,7254,0.912,,,normal,,2026-05-27T11:26:09Z
44854,4726,instagram,ext_instagram_00000314,Added Home Wi-Fi Mesh Kit to the high-priority service assurance path. Thank you PulsePoint 5G for closing the gap,2026-05-07T00:53:07Z,8913,258,441,147591,0.764,,,rising,,2026-05-27T11:26:09Z
44855,5013,threads,ext_threads_00000315,Device-support channels are seeing increased activation demand after a handset launch,2026-05-25T12:13:36Z,634,94,6,12699,0.542,,,normal,,2026-05-27T11:26:09Z
44856,4610,threads,ext_threads_00000316,Network operations is flagging LTE Backup Gateway from HomeConnect Fixed Wireless as a capacity bottleneck this week,2026-05-21T21:31:53Z,997,17,26,3438,0.683,,,normal,,2026-05-27T11:26:09Z
44857,4555,threads,ext_threads_00000317,Coverage update: Fraud Resolution Case capacity at ClearMind Customer Care is getting tight after a spike in service orders,2026-05-08T20:17:28Z,862,65,5,14096,0.559,,,normal,,2026-05-27T11:26:09Z
44858,4664,youtube,ext_youtube_00000318,Subscriber experience note - MetroSupply Devices 5G Mobile Hotspot Kit is the service everyone is trying to schedule right now,2026-05-18T21:42:08Z,573,94,32,2011,0.45,,,normal,,2026-05-27T11:26:09Z
44859,4771,instagram,ext_instagram_00000319,Outage follow-up: demand for 5G Business Consultation is up and PulsePoint 5G needs more field slots,2026-05-04T09:16:00Z,640,92,40,5091,0.604,,,normal,,2026-05-27T11:26:09Z
44860,4998,threads,ext_threads_00000320,"Two-week review of FiberPath Broadband Small Business Fiber SLA: strong subscriber response, but capacity planning matters",2026-05-05T01:20:47Z,498,25,9,10696,0.4,,,normal,,2026-05-27T11:26:09Z
44861,4603,twitter,ext_twitter_00000321,Outage follow-up is the top request in our subscriber forum this week,2026-05-27T06:33:11Z,821,8,20,19291,0.188,,,normal,,2026-05-27T11:26:09Z
44862,4707,tiktok,ext_tiktok_00000322,Small businesses need earlier visibility into field technician appointment availability,2026-05-20T02:07:26Z,9789,1147,170,119150,0.739,,,rising,,2026-05-27T11:26:09Z
44863,4583,twitter,ext_twitter_00000323,Billing and usage signals are surfacing new need for Smart Home Connectivity Assessment from HomeConnect Fixed Wireless,2026-05-26T01:32:13Z,132,74,28,5590,0.5,,,normal,,2026-05-27T11:26:09Z
44864,4619,youtube,ext_youtube_00000324,"If your subscribers need Network Congestion Plan Review, check WellNest Family Plans availability early; appointment slots are moving fast",2026-05-27T00:02:11Z,370597,79040,27257,8764392,0.364,,,mega_viral,,2026-05-27T11:26:09Z
44865,4546,instagram,ext_instagram_00000325,Device-support channels are seeing increased activation demand after a handset launch,2026-05-15T02:22:11Z,182,12,31,1891,-0.104,,,normal,,2026-05-27T11:26:09Z
44866,4670,threads,ext_threads_00000326,Recommended ClearMind Customer Care Customer Retention Intake to an account manager today because churn risk is the issue,2026-05-24T09:18:41Z,977,54,34,3885,0.546,,,normal,,2026-05-27T11:26:09Z
44867,4887,youtube,ext_youtube_00000327,"Thought Home Wi-Fi Mesh Kit demand would level off, but PulsePoint 5G is still seeing urgent requests",2026-05-16T00:17:23Z,34213,7457,6163,568512,0.87,,,viral,,2026-05-27T11:26:09Z
44868,4913,threads,ext_threads_00000328,Morning capacity review featuring Fiber Repair Appointment. FiberPath Broadband needs pre-positioned technician capacity,2026-05-07T18:09:35Z,816,32,38,16619,0.702,,,normal,,2026-05-27T11:26:09Z
44869,4741,instagram,ext_instagram_00000329,Roaming bill questions are creating new handoffs to billing and retention teams,2026-05-27T09:16:27Z,811,64,42,5246,-0.061,,,normal,,2026-05-27T11:26:09Z
44870,4858,threads,ext_threads_00000330,Subscribers are asking about Field Technician Evaluation through OrbitMotion IoT; upgrade and activation demand is rising,2026-05-27T11:24:15Z,100,17,10,11016,0.359,,,normal,,2026-05-27T11:26:09Z
44871,4744,youtube,ext_youtube_00000331,Outage follow-up is the top request in our subscriber forum this week,2026-05-27T11:21:48Z,166,26,16,8673,0.726,,,normal,,2026-05-27T11:26:09Z
44872,4645,threads,ext_threads_00000332,Small businesses need earlier visibility into field technician appointment availability,2026-04-28T13:01:38Z,831,44,5,16567,0.808,,,normal,,2026-05-27T11:26:09Z
44873,4922,youtube,ext_youtube_00000333,Subscriber experience note - WellNest Family Plans Family Data Share Plan is the service everyone is trying to schedule right now,2026-05-27T11:16:01Z,35606,12276,4325,220605,0.503,,,viral,,2026-05-27T11:26:09Z
44874,5020,tiktok,ext_tiktok_00000334,Outage follow-up: demand for Customer Retention Intake is up and ClearMind Customer Care needs more field slots,2026-05-07T22:34:34Z,23227,13215,3772,871597,0.349,,,viral,,2026-05-27T11:26:09Z
44875,4772,tiktok,ext_tiktok_00000335,"Two-week review of FiberPath Broadband Fiber Repair Appointment: strong subscriber response, but capacity planning matters",2026-05-03T18:51:22Z,5725,1573,411,174631,0.752,,,rising,,2026-05-27T11:26:09Z
44876,4700,threads,ext_threads_00000336,Families keep asking where to find Fixed Wireless Home Internet. HomeConnect Fixed Wireless is showing up in every upgrade thread,2026-05-08T17:21:50Z,799,16,6,18838,0.533,,,normal,,2026-05-27T11:26:09Z
44877,4869,instagram,ext_instagram_00000337,NOC huddle: prioritize MetroSupply Devices 5G Mobile Hotspot Kit installs before the weekend streaming surge,2026-05-27T07:50:52Z,311,31,11,9409,0.2,,,normal,,2026-05-27T11:26:09Z
44878,4645,threads,ext_threads_00000338,Billing and usage signals are surfacing new need for Senior Connected Life Plan from SilverLine Connected Life,2026-05-17T05:40:11Z,82,49,49,7728,0.919,,,normal,,2026-05-27T11:26:09Z
44879,4870,tiktok,ext_tiktok_00000339,"If your subscribers need Family Data Share Plan, check WellNest Family Plans availability early; appointment slots are moving fast",2026-05-26T10:27:46Z,189,82,9,1058,0.377,,,normal,,2026-05-27T11:26:09Z
44880,4546,instagram,ext_instagram_00000340,Day 30 with the Churn Risk Save Offer workflow and the field team says WaveFirst Mobile reduced manual follow-up,2026-05-27T00:30:20Z,67,52,34,14706,0.636,,,normal,,2026-05-27T11:26:09Z
44881,4634,youtube,ext_youtube_00000341,Outage follow-up is the top request in our subscriber forum this week,2026-04-28T16:37:26Z,552,37,10,9825,0.797,,,normal,,2026-05-27T11:26:09Z
44882,4781,instagram,ext_instagram_00000342,"Thought Home Wi-Fi Mesh Kit demand would level off, but PulsePoint 5G is still seeing urgent requests",2026-05-14T10:57:56Z,996,12,40,11051,0.772,,,normal,,2026-05-27T11:26:09Z
44883,4721,instagram,ext_instagram_00000343,Morning capacity review featuring 5G Unlimited Mobile Plan. SignalBridge Mobile needs pre-positioned technician capacity,2026-05-24T22:36:59Z,522,15,43,10264,0.875,,,normal,,2026-05-27T11:26:09Z
44884,4870,tiktok,ext_tiktok_00000344,Added Senior Connected Life Plan to the high-priority service assurance path. Thank you SilverLine Connected Life for closing the gap,2026-05-06T03:02:05Z,316,92,16,5542,0.377,,,normal,,2026-05-27T11:26:09Z
44885,4901,twitter,ext_twitter_00000345,Device-support channels are seeing increased activation demand after a handset launch,2026-05-09T19:00:51Z,7818,1810,594,35461,0.642,,,rising,,2026-05-27T11:26:09Z
44886,4993,threads,ext_threads_00000346,Network operations is flagging Student Mobile Plan from WellNest Family Plans as a capacity bottleneck this week,2026-05-26T03:06:09Z,657,8,46,10005,0.324,,,normal,,2026-05-27T11:26:09Z
44887,4915,tiktok,ext_tiktok_00000347,Connected life teams need better outreach after recent storm-related service events,2026-05-17T20:51:10Z,141,45,7,16957,0.423,,,normal,,2026-05-27T11:26:09Z
44888,4975,tiktok,ext_tiktok_00000348,Enterprise care teams are coordinating SLA-impact cases across regional service teams today,2026-05-05T15:22:26Z,2226,1847,466,89959,0.621,,,rising,,2026-05-27T11:26:09Z
44889,4745,threads,ext_threads_00000349,Outage follow-up: demand for Outage Follow-Up Call is up and ClearMind Customer Care needs more field slots,2026-05-26T17:49:16Z,834,0,36,16913,0.42,,,normal,,2026-05-27T11:26:09Z
44890,4545,threads,ext_threads_00000350,"Two-week review of HomeConnect Fixed Wireless Fixed Wireless Home Internet: strong subscriber response, but capacity planning matters",2026-05-27T03:26:29Z,425,34,17,8128,0.307,,,normal,,2026-05-27T11:26:09Z
44891,4688,twitter,ext_twitter_00000351,Families keep asking where to find 5G Unlimited Mobile Plan. SignalBridge Mobile is showing up in every upgrade thread,2026-05-04T03:05:00Z,28,55,49,2782,0.381,,,normal,,2026-05-27T11:26:09Z
44892,4563,twitter,ext_twitter_00000352,Small businesses need earlier visibility into field technician appointment availability,2026-05-23T10:10:54Z,22909,9119,5896,947131,0.545,,,viral,,2026-05-27T11:26:09Z
44893,4891,twitter,ext_twitter_00000353,Billing and usage signals are surfacing new need for 5G Business Consultation from PulsePoint 5G,2026-04-28T10:42:51Z,748,17,45,6090,0.246,,,normal,,2026-05-27T11:26:09Z
44894,4890,tiktok,ext_tiktok_00000354,"If your subscribers need Premium International Roaming Pass, check SignalBridge Mobile availability early; appointment slots are moving fast",2026-05-20T09:05:02Z,191,15,46,19764,0.751,,,normal,,2026-05-27T11:26:09Z
44895,4714,youtube,ext_youtube_00000355,Device-support channels are seeing increased activation demand after a handset launch,2026-05-04T17:31:03Z,776,88,14,5371,-0.145,,,normal,,2026-05-27T11:26:09Z
44896,4827,youtube,ext_youtube_00000356,Recommended WellNest Family Plans Student Mobile Plan to an account manager today because churn risk is the issue,2026-05-03T08:22:03Z,574,28,38,1559,0.652,,,normal,,2026-05-27T11:26:09Z
44897,4849,instagram,ext_instagram_00000357,"Thought Family Data Share Plan demand would level off, but WellNest Family Plans is still seeing urgent requests",2026-05-25T09:39:56Z,586,36,44,7786,0.247,,,normal,,2026-05-27T11:26:09Z
44898,4732,tiktok,ext_tiktok_00000358,Morning capacity review featuring LTE Backup Gateway. HomeConnect Fixed Wireless needs pre-positioned technician capacity,2026-05-09T14:03:42Z,588,7,47,14848,0.213,,,normal,,2026-05-27T11:26:09Z
44899,4831,twitter,ext_twitter_00000359,Added Field Technician Evaluation to the high-priority service assurance path. Thank you OrbitMotion IoT for closing the gap,2026-05-24T15:42:47Z,663,3,17,12327,0.649,,,normal,,2026-05-27T11:26:09Z
44900,4654,youtube,ext_youtube_00000360,Subscribers are asking for clearer instructions after fiber installation and faster follow-up windows,2026-05-13T11:31:45Z,233,92,17,236,0.336,,,normal,,2026-05-27T11:26:09Z
44901,4582,tiktok,ext_tiktok_00000361,Network operations is flagging Customer Retention Intake from ClearMind Customer Care as a capacity bottleneck this week,2026-05-21T12:51:33Z,4050,268,678,145827,0.807,,,rising,,2026-05-27T11:26:09Z
44902,4850,tiktok,ext_tiktok_00000362,Coverage update: Customer Retention Intake capacity at ClearMind Customer Care is getting tight after a spike in service orders,2026-05-09T02:02:19Z,958,47,30,9581,0.441,,,normal,,2026-05-27T11:26:09Z
44903,4605,threads,ext_threads_00000363,Subscriber experience note - SilverLine Connected Life Family Connectivity Support Session is the service everyone is trying to schedule right now,2026-05-10T19:57:09Z,343,86,41,15784,0.431,,,normal,,2026-05-27T11:26:09Z
44904,4581,instagram,ext_instagram_00000364,Coverage gaps are delaying service assurance for several subscriber groups,2026-05-25T00:20:24Z,85,37,32,13548,0.846,,,normal,,2026-05-27T11:26:09Z
44905,5044,tiktok,ext_tiktok_00000365,"Two-week review of PulsePoint 5G 5G Business Consultation: strong subscriber response, but capacity planning matters",2026-05-24T12:47:17Z,9177,1786,103,33125,0.572,,,rising,,2026-05-27T11:26:09Z
44906,4764,youtube,ext_youtube_00000366,Families keep asking where to find Small Business Fiber SLA. FiberPath Broadband is showing up in every upgrade thread,2026-05-14T11:07:02Z,346,86,28,11974,0.232,,,normal,,2026-05-27T11:26:09Z
44907,4969,instagram,ext_instagram_00000367,NOC huddle: prioritize WaveFirst Mobile New Line Activation installs before the weekend streaming surge,2026-05-01T10:22:20Z,322,75,44,3887,0.821,,,normal,,2026-05-27T11:26:09Z
44908,5054,tiktok,ext_tiktok_00000368,Billing and usage signals are surfacing new need for Fiber Repair Appointment from FiberPath Broadband,2026-05-27T05:57:51Z,83,84,20,10716,0.433,,,normal,,2026-05-27T11:26:09Z
44909,4855,tiktok,ext_tiktok_00000369,"If your subscribers need Churn Risk Save Offer, check WaveFirst Mobile availability early; appointment slots are moving fast",2026-04-30T22:49:56Z,580,39,45,6556,0.22,,,normal,,2026-05-27T11:26:09Z
44910,4982,youtube,ext_youtube_00000370,Day 30 with the Family Connectivity Support Session workflow and the field team says SilverLine Connected Life reduced manual follow-up,2026-05-01T15:26:27Z,2073,1935,516,105230,0.291,,,rising,,2026-05-27T11:26:09Z
44911,4725,threads,ext_threads_00000371,Recommended EnterpriseEdge Services Enterprise Account Navigation to an account manager today because churn risk is the issue,2026-05-21T11:43:41Z,949,65,45,17336,0.751,,,normal,,2026-05-27T11:26:09Z
44912,4771,instagram,ext_instagram_00000372,"Thought Connected Device Monitoring Onboarding demand would level off, but MetroSupply Devices is still seeing urgent requests",2026-05-23T04:46:16Z,3160,1744,690,21551,0.556,,,rising,,2026-05-27T11:26:09Z
44913,4750,threads,ext_threads_00000373,Morning capacity review featuring LTE Backup Gateway. HomeConnect Fixed Wireless needs pre-positioned technician capacity,2026-05-10T06:56:08Z,626,64,26,9657,0.723,,,normal,,2026-05-27T11:26:09Z
44914,4542,tiktok,ext_tiktok_00000374,Coverage gaps are delaying service assurance for several subscriber groups,2026-05-26T15:39:51Z,11015,7999,5513,607413,0.065,,,viral,,2026-05-27T11:26:09Z
44915,4805,tiktok,ext_tiktok_00000375,Subscribers are asking about LTE Backup Gateway through HomeConnect Fixed Wireless; upgrade and activation demand is rising,2026-05-25T12:51:19Z,5565,1172,550,176951,0.341,,,rising,,2026-05-27T11:26:09Z
44916,4643,twitter,ext_twitter_00000376,Network operations is flagging 5G Mobile Hotspot Kit from MetroSupply Devices as a capacity bottleneck this week,2026-05-25T19:34:56Z,879,2,0,9879,0.311,,,normal,,2026-05-27T11:26:09Z
44917,4580,threads,ext_threads_00000377,Coverage update: Churn Risk Save Offer capacity at WaveFirst Mobile is getting tight after a spike in service orders,2026-05-17T13:36:45Z,295,96,25,2423,0.443,,,normal,,2026-05-27T11:26:09Z
44918,4888,threads,ext_threads_00000378,Subscriber experience note - HomeConnect Fixed Wireless LTE Backup Gateway is the service everyone is trying to schedule right now,2026-05-26T16:54:44Z,710,42,36,6862,0.899,,,normal,,2026-05-27T11:26:09Z
44919,5018,threads,ext_threads_00000379,Outage follow-up: demand for Field Technician Evaluation is up and OrbitMotion IoT needs more field slots,2026-05-10T19:09:46Z,382,20,13,920,0.212,,,normal,,2026-05-27T11:26:09Z
44920,4680,threads,ext_threads_00000380,Subscribers are asking for clearer instructions after fiber installation and faster follow-up windows,2026-05-17T21:11:34Z,6839,1373,192,65526,0.707,,,rising,,2026-05-27T11:26:09Z
44921,4822,youtube,ext_youtube_00000381,Families keep asking where to find Churn Risk Save Offer. WaveFirst Mobile is showing up in every upgrade thread,2026-05-19T04:21:23Z,976,92,48,12894,0.216,,,normal,,2026-05-27T11:26:09Z
44922,4600,threads,ext_threads_00000382,NOC huddle: prioritize OrbitMotion IoT IoT Sensor Gateway Kit installs before the weekend streaming surge,2026-05-09T17:52:16Z,6175,1422,790,40505,0.247,,,rising,,2026-05-27T11:26:09Z
44923,5015,tiktok,ext_tiktok_00000383,Billing and usage signals are surfacing new need for 5G Mobile Hotspot Kit from MetroSupply Devices,2026-05-25T11:02:54Z,28131,10295,3197,826077,0.331,,,viral,,2026-05-27T11:26:09Z
44924,4617,tiktok,ext_tiktok_00000384,Coverage gaps are delaying service assurance for several subscriber groups,2026-05-01T07:00:10Z,345,98,33,15640,0.472,,,normal,,2026-05-27T11:26:09Z
44925,4828,threads,ext_threads_00000385,Device-support channels are seeing increased activation demand after a handset launch,2026-05-20T18:02:44Z,762,89,32,3721,0.112,,,normal,,2026-05-27T11:26:09Z
44926,4780,threads,ext_threads_00000386,Recommended WaveFirst Mobile Churn Risk Save Offer to an account manager today because churn risk is the issue,2026-05-02T18:44:32Z,792,33,2,850,0.763,,,normal,,2026-05-27T11:26:09Z
44927,4690,threads,ext_threads_00000387,"Thought Connected Device Monitoring Onboarding demand would level off, but MetroSupply Devices is still seeing urgent requests",2026-05-26T14:25:18Z,400,79,32,15326,0.268,,,normal,,2026-05-27T11:26:09Z
44928,4672,tiktok,ext_tiktok_00000388,Morning capacity review featuring Device Upgrade Enrollment. PulsePoint 5G needs pre-positioned technician capacity,2026-05-25T16:28:06Z,979,85,33,13491,0.444,,,normal,,2026-05-27T11:26:09Z
44929,4882,youtube,ext_youtube_00000389,Added Enterprise Account Navigation to the high-priority service assurance path. Thank you EnterpriseEdge Services for closing the gap,2026-05-27T08:36:34Z,855,37,19,9175,0.207,,,normal,,2026-05-27T11:26:09Z
44930,4916,twitter,ext_twitter_00000390,Subscribers are asking about Smart Home Connectivity Assessment through HomeConnect Fixed Wireless; upgrade and activation demand is rising,2026-05-26T11:37:19Z,219,37,10,1141,0.277,,,normal,,2026-05-27T11:26:09Z
44931,4756,instagram,ext_instagram_00000391,Network operations is flagging LTE Backup Gateway from HomeConnect Fixed Wireless as a capacity bottleneck this week,2026-05-19T00:26:58Z,408,91,30,5300,0.564,,,normal,,2026-05-27T11:26:09Z
44932,4705,threads,ext_threads_00000392,Coverage update: Device Upgrade Enrollment capacity at PulsePoint 5G is getting tight after a spike in service orders,2026-05-18T11:33:04Z,8399,1171,393,68275,0.898,,,rising,,2026-05-27T11:26:09Z
44933,4743,twitter,ext_twitter_00000393,Subscriber experience note - ClearMind Customer Care Fraud Resolution Case is the service everyone is trying to schedule right now,2026-05-06T10:44:42Z,49546,11516,3172,875962,0.293,,,viral,,2026-05-27T11:26:09Z
44934,5058,instagram,ext_instagram_00000394,Outage follow-up: demand for Roaming Cost Coaching is up and RoamFlow Mobility needs more field slots,2026-05-24T14:15:10Z,4398,1596,998,120943,0.539,,,rising,,2026-05-27T11:26:09Z
44935,4664,youtube,ext_youtube_00000395,"Two-week review of WaveFirst Mobile Churn Risk Save Offer: strong subscriber response, but capacity planning matters",2026-05-24T05:54:23Z,178,85,24,13191,0.777,,,normal,,2026-05-27T11:26:09Z
44936,4905,tiktok,ext_tiktok_00000396,Families keep asking for better Wi-Fi performance before evening streaming starts,2026-05-25T09:27:34Z,400,31,4,13405,0.648,,,normal,,2026-05-27T11:26:09Z
44937,4697,tiktok,ext_tiktok_00000397,NOC huddle: prioritize OrbitMotion IoT Field Technician Evaluation installs before the weekend streaming surge,2026-05-13T04:09:19Z,512,99,34,19454,0.299,,,normal,,2026-05-27T11:26:09Z
44938,4766,instagram,ext_instagram_00000398,Billing and usage signals are surfacing new need for Roaming Cost Coaching from RoamFlow Mobility,2026-05-05T17:38:44Z,11595,9448,6547,915876,0.389,,,viral,,2026-05-27T11:26:09Z
44939,4887,youtube,ext_youtube_00000399,"If your subscribers need Number Port-In Activation, check SignalBridge Mobile availability early; appointment slots are moving fast",2026-05-23T19:05:54Z,2002,1662,948,180931,0.412,,,rising,,2026-05-27T11:26:09Z
44940,4622,tiktok,ext_tiktok_00000400,Subscribers are asking for clearer instructions after fiber installation and faster follow-up windows,2026-05-17T09:53:50Z,242,33,31,13334,0.049,,,normal,,2026-05-27T11:26:09Z
44941,4565,threads,ext_threads_00000401,Recommended SilverLine Connected Life Family Connectivity Support Session to an account manager today because churn risk is the issue,2026-05-24T16:30:58Z,46,64,41,19415,0.786,,,normal,,2026-05-27T11:26:09Z
44942,4671,instagram,ext_instagram_00000402,"Thought Fixed Wireless Home Internet demand would level off, but HomeConnect Fixed Wireless is still seeing urgent requests",2026-05-23T14:26:55Z,738,84,13,19021,0.335,,,normal,,2026-05-27T11:26:09Z
44943,4731,instagram,ext_instagram_00000403,Morning capacity review featuring Edge Compute Reservation. EnterpriseEdge Services needs pre-positioned technician capacity,2026-05-26T07:31:56Z,582,51,48,6248,0.393,,,normal,,2026-05-27T11:26:09Z
44944,4813,threads,ext_threads_00000404,Added Fixed Wireless Home Internet to the high-priority service assurance path. Thank you HomeConnect Fixed Wireless for closing the gap,2026-05-23T20:07:24Z,333,46,5,17307,0.222,,,normal,,2026-05-27T11:26:09Z
44945,5053,instagram,ext_instagram_00000405,Subscribers are asking about Field Technician Evaluation through OrbitMotion IoT; upgrade and activation demand is rising,2026-05-12T11:51:17Z,479,17,20,5403,0.455,,,normal,,2026-05-27T11:26:09Z
44946,5024,instagram,ext_instagram_00000406,Network operations is flagging Field Technician Evaluation from OrbitMotion IoT as a capacity bottleneck this week,2026-05-15T07:03:03Z,67,52,36,14393,0.75,,,normal,,2026-05-27T11:26:09Z
44947,4804,instagram,ext_instagram_00000407,Coverage update: Device Upgrade Enrollment capacity at PulsePoint 5G is getting tight after a spike in service orders,2026-04-30T08:07:56Z,316,6,47,7401,0.434,,,normal,,2026-05-27T11:26:09Z
44948,4677,tiktok,ext_tiktok_00000408,Subscriber experience note - WellNest Family Plans Network Congestion Plan Review is the service everyone is trying to schedule right now,2026-05-16T23:38:50Z,467,99,32,19557,0.285,,,normal,,2026-05-27T11:26:09Z
44949,4590,threads,ext_threads_00000409,Outage follow-up: demand for Student Mobile Plan is up and WellNest Family Plans needs more field slots,2026-05-09T16:27:58Z,32006,2141,1476,336803,0.625,,,viral,,2026-05-27T11:26:09Z
44950,4658,twitter,ext_twitter_00000410,Subscribers are asking for clearer instructions after fiber installation and faster follow-up windows,2026-05-23T08:49:40Z,673,66,3,13798,0.549,,,normal,,2026-05-27T11:26:09Z
44951,4631,instagram,ext_instagram_00000411,Families keep asking where to find Premium International Roaming Pass. SignalBridge Mobile is showing up in every upgrade thread,2026-05-02T16:44:20Z,462,26,3,8193,0.42,,,normal,,2026-05-27T11:26:09Z
44952,4776,instagram,ext_instagram_00000412,NOC huddle: prioritize SilverLine Connected Life Family Connectivity Support Session installs before the weekend streaming surge,2026-05-06T13:25:28Z,108,34,36,4119,0.767,,,normal,,2026-05-27T11:26:09Z
44953,4845,tiktok,ext_tiktok_00000413,Billing and usage signals are surfacing new need for Fleet Telematics SIM Pack from OrbitMotion IoT,2026-05-18T13:07:33Z,37735,3795,2670,291978,0.29,,,viral,,2026-05-27T11:26:09Z
44954,4648,twitter,ext_twitter_00000414,"If your subscribers need Family Data Share Plan, check WellNest Family Plans availability early; appointment slots are moving fast",2026-05-26T18:50:43Z,855,29,49,8861,0.688,,,normal,,2026-05-27T11:26:09Z
44955,4989,instagram,ext_instagram_00000415,Day 30 with the Gigabit Fiber Install workflow and the field team says FiberPath Broadband reduced manual follow-up,2026-05-23T07:17:02Z,841,4,42,18833,0.825,,,normal,,2026-05-27T11:26:09Z
44956,4999,instagram,ext_instagram_00000416,Recommended FiberPath Broadband Small Business Fiber SLA to an account manager today because churn risk is the issue,2026-05-23T11:06:10Z,914,8,19,18739,0.81,,,normal,,2026-05-27T11:26:09Z
44957,5013,threads,ext_threads_00000417,Connected life teams need better outreach after recent storm-related service events,2026-05-15T05:23:23Z,39270,8522,3994,998870,0.794,,,viral,,2026-05-27T11:26:09Z
44958,4773,twitter,ext_twitter_00000418,Morning capacity review featuring Fiber Repair Appointment. FiberPath Broadband needs pre-positioned technician capacity,2026-05-27T08:41:16Z,417,69,22,18891,0.456,,,normal,,2026-05-27T11:26:09Z
44959,4650,threads,ext_threads_00000419,Added Connected Device Monitoring Onboarding to the high-priority service assurance path. Thank you MetroSupply Devices for closing the gap,2026-05-27T11:14:58Z,4654,218,781,185199,0.875,,,rising,,2026-05-27T11:26:09Z
44960,4770,threads,ext_threads_00000420,Subscribers are asking about New Line Activation through WaveFirst Mobile; upgrade and activation demand is rising,2026-05-14T14:25:54Z,705,75,18,13937,0.411,,,normal,,2026-05-27T11:26:09Z
44961,4866,twitter,ext_twitter_00000421,Network operations is flagging Fixed Wireless Home Internet from HomeConnect Fixed Wireless as a capacity bottleneck this week,2026-05-05T11:51:22Z,915,11,21,10909,0.562,,,normal,,2026-05-27T11:26:09Z
44962,4635,threads,ext_threads_00000422,Coverage update: Senior Connected Life Plan capacity at SilverLine Connected Life is getting tight after a spike in service orders,2026-05-21T12:44:05Z,840,60,28,13151,0.496,,,normal,,2026-05-27T11:26:09Z
44963,4795,tiktok,ext_tiktok_00000423,Network monitoring alerts are helping the team catch congestion before call volume spikes,2026-05-06T01:11:07Z,17101,2256,5037,905186,-0.1,,,viral,,2026-05-27T11:26:09Z
44964,4853,threads,ext_threads_00000424,Coverage gaps are delaying service assurance for several subscriber groups,2026-05-25T19:06:44Z,8469,998,126,135392,0.199,,,rising,,2026-05-27T11:26:09Z
44965,4710,threads,ext_threads_00000425,"Two-week review of FiberPath Broadband Small Business Fiber SLA: strong subscriber response, but capacity planning matters",2026-05-25T19:37:09Z,808,94,41,2153,0.332,,,normal,,2026-05-27T11:26:09Z
44966,5052,threads,ext_threads_00000426,Families keep asking where to find IoT Sensor Gateway Kit. OrbitMotion IoT is showing up in every upgrade thread,2026-05-17T13:55:08Z,3102,1969,147,106324,0.559,,,rising,,2026-05-27T11:26:09Z
44967,4756,instagram,ext_instagram_00000427,NOC huddle: prioritize ClearMind Customer Care Fraud Resolution Case installs before the weekend streaming surge,2026-05-27T10:37:46Z,557,53,32,4294,0.651,,,normal,,2026-05-27T11:26:09Z
44968,4870,tiktok,ext_tiktok_00000428,Billing and usage signals are surfacing new need for 5G Mobile Hotspot Kit from MetroSupply Devices,2026-04-27T12:58:07Z,1231,458,783,74565,0.779,,,rising,,2026-05-27T11:26:09Z
44969,4695,threads,ext_threads_00000429,Roaming bill questions are creating new handoffs to billing and retention teams,2026-05-27T08:22:57Z,609,85,26,3929,0.46,,,normal,,2026-05-27T11:26:09Z
44970,4860,tiktok,ext_tiktok_00000430,Subscribers are asking for clearer instructions after fiber installation and faster follow-up windows,2026-05-27T11:03:04Z,357,91,10,2603,0.64,,,normal,,2026-05-27T11:26:09Z
44971,4542,tiktok,ext_tiktok_00000431,Recommended HomeConnect Fixed Wireless Fixed Wireless Home Internet to an account manager today because churn risk is the issue,2026-05-23T08:31:46Z,469085,87433,33825,16543743,0.494,,,mega_viral,,2026-05-27T11:26:09Z
44972,4945,tiktok,ext_tiktok_00000432,"Thought Fraud Resolution Case demand would level off, but ClearMind Customer Care is still seeing urgent requests",2026-05-08T22:08:04Z,961,35,17,7603,0.626,,,normal,,2026-05-27T11:26:09Z
44973,4677,tiktok,ext_tiktok_00000433,Morning capacity review featuring Connected Device Monitoring Onboarding. MetroSupply Devices needs pre-positioned technician capacity,2026-05-23T08:17:45Z,250,44,16,13765,0.258,,,normal,,2026-05-27T11:26:09Z
44974,4577,tiktok,ext_tiktok_00000434,Added New Line Activation to the high-priority service assurance path. Thank you WaveFirst Mobile for closing the gap,2026-05-18T14:56:10Z,8650,1411,577,65847,0.724,,,rising,,2026-05-27T11:26:09Z
44975,4872,youtube,ext_youtube_00000435,Subscribers are asking about Enterprise Account Navigation through EnterpriseEdge Services; upgrade and activation demand is rising,2026-05-23T11:13:20Z,928,87,15,11003,0.908,,,normal,,2026-05-27T11:26:09Z
44976,4720,threads,ext_threads_00000436,Network operations is flagging Student Mobile Plan from WellNest Family Plans as a capacity bottleneck this week,2026-05-25T22:54:17Z,677,34,28,12444,0.509,,,normal,,2026-05-27T11:26:09Z
44977,4554,youtube,ext_youtube_00000437,Coverage update: 5G Mobile Hotspot Kit capacity at MetroSupply Devices is getting tight after a spike in service orders,2026-05-27T08:44:41Z,155,74,23,1408,0.921,,,normal,,2026-05-27T11:26:09Z
44978,4816,twitter,ext_twitter_00000438,Subscriber experience note - ClearMind Customer Care Outage Follow-Up Call is the service everyone is trying to schedule right now,2026-05-27T11:23:48Z,133,14,19,3531,0.745,,,normal,,2026-05-27T11:26:09Z
44979,4578,twitter,ext_twitter_00000439,Roaming bill questions are creating new handoffs to billing and retention teams,2026-05-27T07:48:18Z,5941,914,931,165360,-0.034,,,rising,,2026-05-27T11:26:09Z
44980,4922,youtube,ext_youtube_00000440,"Two-week review of EnterpriseEdge Services Enterprise Account Navigation: strong subscriber response, but capacity planning matters",2026-05-04T04:58:55Z,147,86,28,12075,0.429,,,normal,,2026-05-27T11:26:09Z
44981,4596,instagram,ext_instagram_00000441,Outage follow-up is the top request in our subscriber forum this week,2026-05-27T10:57:58Z,523,16,47,3743,0.03,,,normal,,2026-05-27T11:26:09Z
44982,4816,twitter,ext_twitter_00000442,NOC huddle: prioritize SignalBridge Mobile Number Port-In Activation installs before the weekend streaming surge,2026-05-21T16:22:26Z,38353,11544,7589,647586,0.262,,,viral,,2026-05-27T11:26:09Z
44983,4849,instagram,ext_instagram_00000443,Billing and usage signals are surfacing new need for 5G Unlimited Mobile Plan from SignalBridge Mobile,2026-05-13T12:39:46Z,869,23,21,6774,0.385,,,normal,,2026-05-27T11:26:09Z
44984,4856,twitter,ext_twitter_00000444,"If your subscribers need Small Business Fiber SLA, check FiberPath Broadband availability early; appointment slots are moving fast",2026-05-04T16:48:07Z,43236,6229,3919,479107,0.324,,,viral,,2026-05-27T11:26:09Z
44985,4774,youtube,ext_youtube_00000445,Day 30 with the Small Business Fiber SLA workflow and the field team says FiberPath Broadband reduced manual follow-up,2026-05-27T09:04:28Z,311971,16711,36799,8690541,0.5,,,mega_viral,,2026-05-27T11:26:09Z
44986,4595,threads,ext_threads_00000446,Recommended ClearMind Customer Care Outage Follow-Up Call to an account manager today because churn risk is the issue,2026-04-28T12:53:47Z,56,75,18,16405,0.537,,,normal,,2026-05-27T11:26:09Z
44987,4933,threads,ext_threads_00000447,Connected life teams need better outreach after recent storm-related service events,2026-05-24T01:14:10Z,966,77,49,9982,0.393,,,normal,,2026-05-27T11:26:09Z
44988,4851,twitter,ext_twitter_00000448,Enterprise care teams are coordinating SLA-impact cases across regional service teams today,2026-05-24T01:55:51Z,1684,1113,633,29394,0.349,,,rising,,2026-05-27T11:26:09Z
44989,5008,threads,ext_threads_00000449,Added 5G Unlimited Mobile Plan to the high-priority service assurance path. Thank you SignalBridge Mobile for closing the gap,2026-05-20T01:34:04Z,417,26,19,19738,0.496,,,normal,,2026-05-27T11:26:09Z
44990,4815,tiktok,ext_tiktok_00000450,Subscribers are asking about SIM Replacement Starter Kit through MetroSupply Devices; upgrade and activation demand is rising,2026-05-27T06:53:36Z,9033,1512,259,135851,0.723,,,rising,,2026-05-27T11:26:09Z
44991,5051,youtube,ext_youtube_00000451,Network operations is flagging SIM Replacement Starter Kit from MetroSupply Devices as a capacity bottleneck this week,2026-04-29T09:12:39Z,681,55,36,4608,0.362,,,normal,,2026-05-27T11:26:09Z
44992,4594,youtube,ext_youtube_00000452,Small businesses need earlier visibility into field technician appointment availability,2026-05-27T02:44:45Z,227,65,3,17047,0.065,,,normal,,2026-05-27T11:26:09Z
44993,4725,threads,ext_threads_00000453,Subscriber experience note - ClearMind Customer Care Customer Retention Intake is the service everyone is trying to schedule right now,2026-05-23T00:08:35Z,118,61,6,19532,0.582,,,normal,,2026-05-27T11:26:09Z
44994,4767,tiktok,ext_tiktok_00000454,Outage follow-up: demand for Fixed Wireless Home Internet is up and HomeConnect Fixed Wireless needs more field slots,2026-05-17T05:06:58Z,484031,65327,34819,10444564,0.527,,,mega_viral,,2026-05-27T11:26:09Z
44995,4591,instagram,ext_instagram_00000455,Device-support channels are seeing increased activation demand after a handset launch,2026-05-17T04:34:06Z,537,97,0,19728,0.201,,,normal,,2026-05-27T11:26:09Z
44996,4928,threads,ext_threads_00000456,Families keep asking where to find Roaming Cost Coaching. RoamFlow Mobility is showing up in every upgrade thread,2026-05-25T09:00:48Z,853,46,33,4190,0.33,,,normal,,2026-05-27T11:26:09Z
44997,4554,youtube,ext_youtube_00000457,Connected life teams need better outreach after recent storm-related service events,2026-05-15T05:50:45Z,840,97,17,14046,-0.177,,,normal,,2026-05-27T11:26:09Z
44998,4926,twitter,ext_twitter_00000458,Billing and usage signals are surfacing new need for 5G Business Consultation from PulsePoint 5G,2026-05-13T12:38:26Z,698,7,9,8345,0.873,,,normal,,2026-05-27T11:26:09Z
44999,4862,youtube,ext_youtube_00000459,"If your subscribers need Device Upgrade Enrollment, check PulsePoint 5G availability early; appointment slots are moving fast",2026-05-17T07:38:04Z,23980,2341,2094,664002,0.917,,,viral,,2026-05-27T11:26:09Z
45000,4817,youtube,ext_youtube_00000460,Day 30 with the Churn Risk Save Offer workflow and the field team says WaveFirst Mobile reduced manual follow-up,2026-05-05T06:24:47Z,170,78,34,11100,0.569,,,normal,,2026-05-27T11:26:09Z
45001,4681,instagram,ext_instagram_00000461,Recommended SignalBridge Mobile Premium International Roaming Pass to an account manager today because churn risk is the issue,2026-05-20T18:56:21Z,6608,639,121,44582,0.487,,,rising,,2026-05-27T11:26:09Z
45002,4903,threads,ext_threads_00000462,Small businesses need earlier visibility into field technician appointment availability,2026-05-11T10:48:10Z,21036,4582,1274,950400,0.36,,,viral,,2026-05-27T11:26:09Z
45003,5019,instagram,ext_instagram_00000463,Morning capacity review featuring Outage Follow-Up Call. ClearMind Customer Care needs pre-positioned technician capacity,2026-05-19T03:27:37Z,2193,974,375,21267,0.437,,,rising,,2026-05-27T11:26:09Z
45004,4864,instagram,ext_instagram_00000464,Added Field Technician Evaluation to the high-priority service assurance path. Thank you OrbitMotion IoT for closing the gap,2026-05-10T18:39:22Z,834,73,30,11022,0.67,,,normal,,2026-05-27T11:26:09Z
45005,4814,instagram,ext_instagram_00000465,Device-support channels are seeing increased activation demand after a handset launch,2026-05-17T11:11:15Z,1169,817,272,72472,0.625,,,rising,,2026-05-27T11:26:09Z
45006,4576,instagram,ext_instagram_00000466,Families keep asking for better Wi-Fi performance before evening streaming starts,2026-05-27T03:42:52Z,47383,12780,7112,343347,-0.11,,,viral,,2026-05-27T11:26:09Z
45007,5023,threads,ext_threads_00000467,Connected life teams need better outreach after recent storm-related service events,2026-05-24T05:19:20Z,5507,1088,618,85994,0.122,,,rising,,2026-05-27T11:26:09Z
45008,4644,youtube,ext_youtube_00000468,Enterprise care teams are coordinating SLA-impact cases across regional service teams today,2026-05-24T08:26:27Z,691,56,36,2145,0.08,,,normal,,2026-05-27T11:26:09Z
45009,4572,tiktok,ext_tiktok_00000469,Outage follow-up: demand for Customer Retention Intake is up and ClearMind Customer Care needs more field slots,2026-05-14T00:18:05Z,582,28,17,3996,0.812,,,normal,,2026-05-27T11:26:09Z
45010,5026,twitter,ext_twitter_00000470,"Two-week review of WellNest Family Plans Network Congestion Plan Review: strong subscriber response, but capacity planning matters",2026-05-05T11:46:17Z,836,1,7,14694,0.397,,,normal,,2026-05-27T11:26:09Z
45011,4616,instagram,ext_instagram_00000471,Outage follow-up is the top request in our subscriber forum this week,2026-05-02T04:02:44Z,477,4,24,4505,-0.152,,,normal,,2026-05-27T11:26:09Z
45012,4594,youtube,ext_youtube_00000472,NOC huddle: prioritize ClearMind Customer Care Fraud Resolution Case installs before the weekend streaming surge,2026-05-24T03:46:32Z,6978,1121,892,55117,0.298,,,rising,,2026-05-27T11:26:09Z
45013,4958,threads,ext_threads_00000473,Billing and usage signals are surfacing new need for LTE Backup Gateway from HomeConnect Fixed Wireless,2026-05-02T15:20:24Z,64,49,12,16812,0.223,,,normal,,2026-05-27T11:26:09Z
45014,4814,instagram,ext_instagram_00000474,"If your subscribers need Gigabit Fiber Install, check FiberPath Broadband availability early; appointment slots are moving fast",2026-05-09T02:26:28Z,156,85,39,14781,0.792,,,normal,,2026-05-27T11:26:09Z
45015,4771,instagram,ext_instagram_00000475,Day 30 with the Device Upgrade Enrollment workflow and the field team says PulsePoint 5G reduced manual follow-up,2026-05-27T06:52:45Z,570,7,12,2795,0.71,,,normal,,2026-05-27T11:26:09Z
45016,4953,threads,ext_threads_00000476,Recommended RoamFlow Mobility Fiber Appointment Scheduling to an account manager today because churn risk is the issue,2026-05-22T23:36:35Z,610,14,0,14352,0.893,,,normal,,2026-05-27T11:26:09Z
45017,4893,threads,ext_threads_00000477,"Thought Network Congestion Plan Review demand would level off, but WellNest Family Plans is still seeing urgent requests",2026-05-22T07:45:47Z,72725,88582,14839,9523193,0.619,,,mega_viral,,2026-05-27T11:26:09Z
45018,4989,instagram,ext_instagram_00000478,Morning capacity review featuring Family Connectivity Support Session. SilverLine Connected Life needs pre-positioned technician capacity,2026-05-27T06:22:30Z,113,58,31,14770,0.273,,,normal,,2026-05-27T11:26:09Z
45019,4923,threads,ext_threads_00000479,Added Premium International Roaming Pass to the high-priority service assurance path. Thank you SignalBridge Mobile for closing the gap,2026-05-25T03:48:02Z,186,84,31,9260,0.722,,,normal,,2026-05-27T11:26:09Z
45020,4750,threads,ext_threads_00000480,Subscribers are asking about 5G Mobile Hotspot Kit through MetroSupply Devices; upgrade and activation demand is rising,2026-05-27T05:30:47Z,7359,533,119,57542,0.401,,,rising,,2026-05-27T11:26:09Z
45021,4835,tiktok,ext_tiktok_00000481,Network operations is flagging 5G Mobile Hotspot Kit from MetroSupply Devices as a capacity bottleneck this week,2026-05-20T07:05:23Z,745,49,7,3497,0.702,,,normal,,2026-05-27T11:26:09Z
45022,4713,twitter,ext_twitter_00000482,Coverage update: Student Mobile Plan capacity at WellNest Family Plans is getting tight after a spike in service orders,2026-05-03T02:45:45Z,8652,1385,441,105527,0.398,,,rising,,2026-05-27T11:26:09Z
45023,4849,instagram,ext_instagram_00000483,Subscriber experience note - PulsePoint 5G 5G Business Consultation is the service everyone is trying to schedule right now,2026-05-23T18:46:31Z,473,21,40,18459,0.72,,,normal,,2026-05-27T11:26:09Z
45024,4881,twitter,ext_twitter_00000484,Outage follow-up: demand for Connected Device Monitoring Onboarding is up and MetroSupply Devices needs more field slots,2026-05-10T06:33:47Z,349,81,27,18938,0.676,,,normal,,2026-05-27T11:26:09Z
45025,4774,youtube,ext_youtube_00000485,"Two-week review of FiberPath Broadband Small Business Fiber SLA: strong subscriber response, but capacity planning matters",2026-05-21T20:37:06Z,26,42,24,2402,0.533,,,normal,,2026-05-27T11:26:09Z
45026,4915,tiktok,ext_tiktok_00000486,Families keep asking where to find Field Technician Evaluation. OrbitMotion IoT is showing up in every upgrade thread,2026-05-12T07:29:58Z,871,9,9,18118,0.397,,,normal,,2026-05-27T11:26:09Z
45027,4884,instagram,ext_instagram_00000487,NOC huddle: prioritize OrbitMotion IoT Field Technician Evaluation installs before the weekend streaming surge,2026-05-26T21:12:18Z,776,68,15,8713,0.759,,,normal,,2026-05-27T11:26:09Z
45028,4661,instagram,ext_instagram_00000488,Enterprise care teams are coordinating SLA-impact cases across regional service teams today,2026-05-02T05:47:26Z,437,16,44,17303,0.392,,,normal,,2026-05-27T11:26:09Z
45029,4661,instagram,ext_instagram_00000489,"If your subscribers need New Line Activation, check WaveFirst Mobile availability early; appointment slots are moving fast",2026-05-13T04:25:10Z,332,62,16,19026,0.525,,,normal,,2026-05-27T11:26:09Z
45030,4961,twitter,ext_twitter_00000490,Day 30 with the Roaming Cost Coaching workflow and the field team says RoamFlow Mobility reduced manual follow-up,2026-05-04T06:36:55Z,376,90,32,15727,0.928,,,normal,,2026-05-27T11:26:09Z
45031,4796,twitter,ext_twitter_00000491,Recommended MetroSupply Devices Connected Device Monitoring Onboarding to an account manager today because churn risk is the issue,2026-05-22T23:13:49Z,343,0,44,924,0.884,,,normal,,2026-05-27T11:26:09Z
45032,4809,instagram,ext_instagram_00000492,"Thought Customer Retention Intake demand would level off, but ClearMind Customer Care is still seeing urgent requests",2026-04-27T15:53:44Z,29,83,25,17705,0.851,,,normal,,2026-05-27T11:26:09Z
45033,4607,tiktok,ext_tiktok_00000493,Morning capacity review featuring Fixed Wireless Home Internet. HomeConnect Fixed Wireless needs pre-positioned technician capacity,2026-05-23T14:45:21Z,687,59,13,6059,0.419,,,normal,,2026-05-27T11:26:09Z
45034,4750,threads,ext_threads_00000494,Coverage gaps are delaying service assurance for several subscriber groups,2026-05-26T13:43:14Z,8485,726,785,56022,0.519,,,rising,,2026-05-27T11:26:09Z
45035,4868,threads,ext_threads_00000495,Subscribers are asking about 5G Mobile Hotspot Kit through MetroSupply Devices; upgrade and activation demand is rising,2026-05-25T18:54:31Z,41455,5975,7661,389331,0.703,,,viral,,2026-05-27T11:26:09Z
45036,4903,threads,ext_threads_00000496,Network operations is flagging 5G Mobile Hotspot Kit from MetroSupply Devices as a capacity bottleneck this week,2026-05-20T20:05:49Z,7147,1298,927,149471,0.438,,,rising,,2026-05-27T11:26:09Z
45037,4903,threads,ext_threads_00000497,Coverage update: Fraud Resolution Case capacity at ClearMind Customer Care is getting tight after a spike in service orders,2026-05-14T17:14:02Z,153,16,44,15664,0.202,,,normal,,2026-05-27T11:26:09Z
45038,4852,youtube,ext_youtube_00000498,Subscriber experience note - RoamFlow Mobility Roaming Cost Coaching is the service everyone is trying to schedule right now,2026-05-11T01:11:21Z,727,1,37,1427,0.211,,,normal,,2026-05-27T11:26:09Z
45039,4896,twitter,ext_twitter_00000499,Outage follow-up: demand for Device Upgrade Enrollment is up and PulsePoint 5G needs more field slots,2026-05-04T11:39:02Z,275,17,28,9539,0.351,,,normal,,2026-05-27T11:26:09Z
45040,4730,threads,ext_threads_00000500,"Two-week review of SignalBridge Mobile 5G Unlimited Mobile Plan: strong subscriber response, but capacity planning matters",2026-05-24T02:47:01Z,22576,14910,7706,924982,0.94,,,viral,,2026-05-27T11:26:09Z
45041,4560,threads,ext_threads_00000501,Families keep asking where to find Outage Follow-Up Call. ClearMind Customer Care is showing up in every upgrade thread,2026-05-24T05:34:15Z,599,11,5,6125,0.933,,,normal,,2026-05-27T11:26:09Z
45042,4557,tiktok,ext_tiktok_00000502,NOC huddle: prioritize RoamFlow Mobility Fiber Appointment Scheduling installs before the weekend streaming surge,2026-05-27T07:07:57Z,284,99,22,18850,0.697,,,normal,,2026-05-27T11:26:09Z
45043,5046,youtube,ext_youtube_00000503,Billing and usage signals are surfacing new need for Customer Retention Intake from ClearMind Customer Care,2026-05-12T11:49:15Z,379,37,21,6959,0.342,,,normal,,2026-05-27T11:26:09Z
45044,4832,youtube,ext_youtube_00000504,Coverage gaps are delaying service assurance for several subscriber groups,2026-05-23T14:36:20Z,7921,820,796,56679,-0.221,,,rising,,2026-05-27T11:26:09Z
45045,4643,twitter,ext_twitter_00000505,Day 30 with the Device Upgrade Enrollment workflow and the field team says PulsePoint 5G reduced manual follow-up,2026-05-26T19:05:07Z,205,60,12,3427,0.792,,,normal,,2026-05-27T11:26:09Z
45046,4866,twitter,ext_twitter_00000506,Recommended RoamFlow Mobility Roaming Cost Coaching to an account manager today because churn risk is the issue,2026-05-16T22:39:03Z,777,69,14,11811,0.608,,,normal,,2026-05-27T11:26:09Z
45047,4945,tiktok,ext_tiktok_00000507,"Thought Edge Compute Reservation demand would level off, but EnterpriseEdge Services is still seeing urgent requests",2026-04-28T15:21:00Z,944,83,11,18315,0.945,,,normal,,2026-05-27T11:26:09Z
45048,4696,instagram,ext_instagram_00000508,Morning capacity review featuring Senior Connected Life Plan. SilverLine Connected Life needs pre-positioned technician capacity,2026-05-15T02:33:20Z,437,27,42,13370,0.715,,,normal,,2026-05-27T11:26:09Z
45049,4571,instagram,ext_instagram_00000509,Added Premium International Roaming Pass to the high-priority service assurance path. Thank you SignalBridge Mobile for closing the gap,2026-05-26T13:35:51Z,253550,41380,14769,10072541,0.35,,,mega_viral,,2026-05-27T11:26:09Z
45050,5010,tiktok,ext_tiktok_00000510,Subscribers are asking about SIM Replacement Starter Kit through MetroSupply Devices; upgrade and activation demand is rising,2026-05-26T09:15:50Z,454,97,35,9094,0.641,,,normal,,2026-05-27T11:26:09Z
45051,4579,youtube,ext_youtube_00000511,Outage follow-up is the top request in our subscriber forum this week,2026-05-19T16:36:35Z,685,15,28,2010,-0.236,,,normal,,2026-05-27T11:26:09Z
45052,4826,twitter,ext_twitter_00000512,Small businesses need earlier visibility into field technician appointment availability,2026-05-06T11:47:41Z,11178,4788,6643,397784,0.706,,,viral,,2026-05-27T11:26:09Z
45053,4610,threads,ext_threads_00000513,Subscriber experience note - MetroSupply Devices SIM Replacement Starter Kit is the service everyone is trying to schedule right now,2026-05-19T10:01:28Z,1409,767,988,62899,0.701,,,rising,,2026-05-27T11:26:09Z
45054,4876,twitter,ext_twitter_00000514,Coverage gaps are delaying service assurance for several subscriber groups,2026-05-01T22:10:30Z,154,5,29,18812,0.451,,,normal,,2026-05-27T11:26:09Z
45055,4969,instagram,ext_instagram_00000515,Device-support channels are seeing increased activation demand after a handset launch,2026-05-25T15:30:27Z,423,65,31,4320,0.499,,,normal,,2026-05-27T11:26:09Z
45056,4624,youtube,ext_youtube_00000516,Families keep asking where to find Field Technician Evaluation. OrbitMotion IoT is showing up in every upgrade thread,2026-05-01T05:50:38Z,221,82,23,5715,0.294,,,normal,,2026-05-27T11:26:09Z
45057,4917,youtube,ext_youtube_00000517,Connected life teams need better outreach after recent storm-related service events,2026-05-27T11:04:57Z,371576,68585,46255,3051649,-0.092,,,mega_viral,,2026-05-27T11:26:09Z
45058,4626,instagram,ext_instagram_00000518,Billing and usage signals are surfacing new need for Fiber Appointment Scheduling from RoamFlow Mobility,2026-04-28T06:58:12Z,7606,1223,335,150272,0.443,,,rising,,2026-05-27T11:26:09Z
45059,4996,twitter,ext_twitter_00000519,"If your subscribers need Device Upgrade Enrollment, check PulsePoint 5G availability early; appointment slots are moving fast",2026-04-29T17:07:13Z,809,28,22,2568,0.521,,,normal,,2026-05-27T11:26:09Z
45060,4751,instagram,ext_instagram_00000520,Day 30 with the Smart Home Connectivity Assessment workflow and the field team says HomeConnect Fixed Wireless reduced manual follow-up,2026-05-20T18:58:00Z,7074,1917,642,72264,0.777,,,rising,,2026-05-27T11:26:09Z
45061,4720,threads,ext_threads_00000521,Recommended HomeConnect Fixed Wireless Fixed Wireless Home Internet to an account manager today because churn risk is the issue,2026-05-01T23:58:25Z,168,25,46,145,0.869,,,normal,,2026-05-27T11:26:09Z
45062,4916,twitter,ext_twitter_00000522,Small businesses need earlier visibility into field technician appointment availability,2026-05-08T19:47:48Z,154,62,35,555,0.272,,,normal,,2026-05-27T11:26:09Z
45063,4818,threads,ext_threads_00000523,Morning capacity review featuring Senior Connected Life Plan. SilverLine Connected Life needs pre-positioned technician capacity,2026-05-15T19:16:11Z,325,78,34,10138,0.595,,,normal,,2026-05-27T11:26:09Z
45064,4795,tiktok,ext_tiktok_00000524,Added Edge Compute Reservation to the high-priority service assurance path. Thank you EnterpriseEdge Services for closing the gap,2026-05-26T17:41:37Z,570,85,14,6165,0.511,,,normal,,2026-05-27T11:26:09Z
45065,4662,tiktok,ext_tiktok_00000525,Subscribers are asking about Premium International Roaming Pass through SignalBridge Mobile; upgrade and activation demand is rising,2026-05-10T23:17:20Z,111,36,20,14378,0.312,,,normal,,2026-05-27T11:26:09Z
45066,4634,youtube,ext_youtube_00000526,Network operations is flagging Network Congestion Plan Review from WellNest Family Plans as a capacity bottleneck this week,2026-05-27T07:58:15Z,495,85,4,1148,0.901,,,normal,,2026-05-27T11:26:09Z
45067,4646,instagram,ext_instagram_00000527,Connected life teams need better outreach after recent storm-related service events,2026-05-26T07:52:31Z,4069,306,331,71726,0.881,,,rising,,2026-05-27T11:26:09Z
45068,4760,threads,ext_threads_00000528,Subscriber experience note - HomeConnect Fixed Wireless LTE Backup Gateway is the service everyone is trying to schedule right now,2026-05-27T09:59:15Z,601,50,29,9895,0.698,,,normal,,2026-05-27T11:26:09Z
45069,4583,twitter,ext_twitter_00000529,Outage follow-up: demand for Roaming Cost Coaching is up and RoamFlow Mobility needs more field slots,2026-05-26T07:53:21Z,539,48,49,10911,0.835,,,normal,,2026-05-27T11:26:09Z
45070,5004,instagram,ext_instagram_00000530,"Two-week review of PulsePoint 5G Home Wi-Fi Mesh Kit: strong subscriber response, but capacity planning matters",2026-05-17T02:20:30Z,949,62,23,17139,0.302,,,normal,,2026-05-27T11:26:09Z
45071,4722,tiktok,ext_tiktok_00000531,Outage follow-up is the top request in our subscriber forum this week,2026-05-24T13:52:02Z,134,52,32,8737,0.188,,,normal,,2026-05-27T11:26:09Z
45072,4542,tiktok,ext_tiktok_00000532,NOC huddle: prioritize EnterpriseEdge Services Enterprise Account Navigation installs before the weekend streaming surge,2026-05-23T04:40:01Z,9611,1262,995,165578,0.343,,,rising,,2026-05-27T11:26:09Z
45073,4709,youtube,ext_youtube_00000533,Billing and usage signals are surfacing new need for Roaming Cost Coaching from RoamFlow Mobility,2026-05-14T11:16:11Z,248,65,37,3861,0.894,,,normal,,2026-05-27T11:26:09Z
45074,5060,twitter,ext_twitter_00000534,"If your subscribers need LTE Backup Gateway, check HomeConnect Fixed Wireless availability early; appointment slots are moving fast",2026-05-25T04:07:10Z,46666,5913,1751,576888,0.801,,,viral,,2026-05-27T11:26:09Z
45075,4745,threads,ext_threads_00000535,Day 30 with the Connected Device Monitoring Onboarding workflow and the field team says MetroSupply Devices reduced manual follow-up,2026-04-30T23:09:46Z,326,74,34,12728,0.519,,,normal,,2026-05-27T11:26:09Z
45076,4741,instagram,ext_instagram_00000536,Families keep asking for better Wi-Fi performance before evening streaming starts,2026-05-06T15:35:02Z,5132,1712,478,39729,0.778,,,rising,,2026-05-27T11:26:09Z
45077,4902,youtube,ext_youtube_00000537,"Thought LTE Backup Gateway demand would level off, but HomeConnect Fixed Wireless is still seeing urgent requests",2026-05-23T02:04:40Z,38654,10966,6139,693024,0.578,,,viral,,2026-05-27T11:26:09Z
45078,4634,youtube,ext_youtube_00000538,Morning capacity review featuring Home Wi-Fi Mesh Kit. PulsePoint 5G needs pre-positioned technician capacity,2026-05-06T22:14:02Z,31,73,1,10464,0.366,,,normal,,2026-05-27T11:26:09Z
45079,4913,threads,ext_threads_00000539,Roaming bill questions are creating new handoffs to billing and retention teams,2026-05-26T12:16:40Z,1789,454,136,188249,-0.274,,,rising,,2026-05-27T11:26:09Z
45080,4990,tiktok,ext_tiktok_00000540,Subscribers are asking for clearer instructions after fiber installation and faster follow-up windows,2026-05-17T14:45:02Z,6666,1067,778,195486,0.151,,,rising,,2026-05-27T11:26:09Z
45081,4610,threads,ext_threads_00000541,Network operations is flagging Fixed Wireless Home Internet from HomeConnect Fixed Wireless as a capacity bottleneck this week,2026-05-27T02:31:38Z,8618,1725,539,138050,0.687,,,rising,,2026-05-27T11:26:09Z
45082,4667,tiktok,ext_tiktok_00000542,Small businesses need earlier visibility into field technician appointment availability,2026-05-14T15:39:28Z,3222,1867,434,149510,0.545,,,rising,,2026-05-27T11:26:09Z
45083,4687,tiktok,ext_tiktok_00000543,Subscriber experience note - RoamFlow Mobility Fiber Appointment Scheduling is the service everyone is trying to schedule right now,2026-05-21T19:10:48Z,242,94,0,19880,0.881,,,normal,,2026-05-27T11:26:09Z
45084,4980,tiktok,ext_tiktok_00000544,Outage follow-up: demand for IoT Sensor Gateway Kit is up and OrbitMotion IoT needs more field slots,2026-05-27T07:47:15Z,991,74,47,3958,0.881,,,normal,,2026-05-27T11:26:09Z
45085,4733,twitter,ext_twitter_00000545,Device-support channels are seeing increased activation demand after a handset launch,2026-05-23T08:11:23Z,447,70,10,12336,-0.258,,,normal,,2026-05-27T11:26:09Z
45086,4608,twitter,ext_twitter_00000546,Families keep asking for better Wi-Fi performance before evening streaming starts,2026-05-09T18:23:10Z,2592,1887,898,181690,0.013,,,rising,,2026-05-27T11:26:09Z
45087,4774,youtube,ext_youtube_00000547,NOC huddle: prioritize HomeConnect Fixed Wireless Smart Home Connectivity Assessment installs before the weekend streaming surge,2026-04-28T23:49:41Z,684,8,44,19640,0.295,,,normal,,2026-05-27T11:26:09Z
45088,4967,youtube,ext_youtube_00000548,Billing and usage signals are surfacing new need for Student Mobile Plan from WellNest Family Plans,2026-05-27T01:49:52Z,297,86,14,15723,0.603,,,normal,,2026-05-27T11:26:09Z
45089,4660,threads,ext_threads_00000549,"If your subscribers need Gigabit Fiber Install, check FiberPath Broadband availability early; appointment slots are moving fast",2026-04-30T08:00:06Z,1344,1694,403,85574,0.855,,,rising,,2026-05-27T11:26:09Z
45090,4941,twitter,ext_twitter_00000550,Subscribers are asking for clearer instructions after fiber installation and faster follow-up windows,2026-05-20T22:56:56Z,11,91,41,13227,-0.251,,,normal,,2026-05-27T11:26:09Z
45091,4670,threads,ext_threads_00000551,Recommended PulsePoint 5G Home Wi-Fi Mesh Kit to an account manager today because churn risk is the issue,2026-05-23T17:44:53Z,347,74,42,7715,0.94,,,normal,,2026-05-27T11:26:09Z
45092,4791,twitter,ext_twitter_00000552,"Thought LTE Backup Gateway demand would level off, but HomeConnect Fixed Wireless is still seeing urgent requests",2026-05-12T23:16:43Z,8524,709,962,101071,0.64,,,rising,,2026-05-27T11:26:09Z
45093,4671,instagram,ext_instagram_00000553,Morning capacity review featuring Small Business Fiber SLA. FiberPath Broadband needs pre-positioned technician capacity,2026-05-07T09:00:58Z,4062,1274,184,160489,0.825,,,rising,,2026-05-27T11:26:09Z
45094,4686,instagram,ext_instagram_00000554,Added Fraud Resolution Case to the high-priority service assurance path. Thank you ClearMind Customer Care for closing the gap,2026-05-21T18:27:30Z,256,72,22,687,0.751,,,normal,,2026-05-27T11:26:09Z
45095,4996,twitter,ext_twitter_00000555,Device-support channels are seeing increased activation demand after a handset launch,2026-05-25T01:30:39Z,840,70,7,10136,0.039,,,normal,,2026-05-27T11:26:09Z
45096,4541,instagram,ext_instagram_00000556,Network operations is flagging 5G Unlimited Mobile Plan from SignalBridge Mobile as a capacity bottleneck this week,2026-05-03T22:14:58Z,176,11,15,11853,0.283,,,normal,,2026-05-27T11:26:09Z
45097,4623,twitter,ext_twitter_00000557,Coverage update: Fiber Appointment Scheduling capacity at RoamFlow Mobility is getting tight after a spike in service orders,2026-05-25T03:18:14Z,800,67,22,17317,0.363,,,normal,,2026-05-27T11:26:09Z
45098,4756,instagram,ext_instagram_00000558,Enterprise care teams are coordinating SLA-impact cases across regional service teams today,2026-05-13T12:28:40Z,595,74,25,2691,0.684,,,normal,,2026-05-27T11:26:09Z
45099,4690,threads,ext_threads_00000559,Outage follow-up: demand for Senior Connected Life Plan is up and SilverLine Connected Life needs more field slots,2026-05-26T21:08:04Z,21474,9151,1644,910195,0.587,,,viral,,2026-05-27T11:26:09Z
45100,4566,instagram,ext_instagram_00000560,Subscribers are asking for clearer instructions after fiber installation and faster follow-up windows,2026-05-11T17:51:48Z,892,62,12,11731,-0.293,,,normal,,2026-05-27T11:26:09Z
45101,4574,youtube,ext_youtube_00000561,Outage follow-up is the top request in our subscriber forum this week,2026-05-26T09:33:05Z,150,56,16,8435,0.688,,,normal,,2026-05-27T11:26:09Z
45102,4653,twitter,ext_twitter_00000562,Small businesses need earlier visibility into field technician appointment availability,2026-05-22T11:16:50Z,7981,664,214,43079,0.472,,,rising,,2026-05-27T11:26:09Z
45103,4755,threads,ext_threads_00000563,Billing and usage signals are surfacing new need for Device Upgrade Enrollment from PulsePoint 5G,2026-05-23T08:40:08Z,507,55,30,1433,0.677,,,normal,,2026-05-27T11:26:09Z
45104,4658,twitter,ext_twitter_00000564,Coverage gaps are delaying service assurance for several subscriber groups,2026-05-18T16:13:50Z,365,48,36,19283,-0.042,,,normal,,2026-05-27T11:26:09Z
45105,4779,youtube,ext_youtube_00000565,Day 30 with the Smart Home Connectivity Assessment workflow and the field team says HomeConnect Fixed Wireless reduced manual follow-up,2026-05-17T20:15:35Z,9306,512,734,79690,0.531,,,rising,,2026-05-27T11:26:09Z
45106,4792,youtube,ext_youtube_00000566,Recommended PulsePoint 5G Device Upgrade Enrollment to an account manager today because churn risk is the issue,2026-05-21T16:52:31Z,534,83,25,19234,0.223,,,normal,,2026-05-27T11:26:09Z
45107,4694,youtube,ext_youtube_00000567,"Thought Family Data Share Plan demand would level off, but WellNest Family Plans is still seeing urgent requests",2026-05-25T17:45:33Z,770,46,27,18889,0.751,,,normal,,2026-05-27T11:26:09Z
45108,4773,twitter,ext_twitter_00000568,Enterprise care teams are coordinating SLA-impact cases across regional service teams today,2026-05-27T04:40:10Z,712,60,6,12068,0.245,,,normal,,2026-05-27T11:26:09Z
45109,4915,tiktok,ext_tiktok_00000569,Added Student Mobile Plan to the high-priority service assurance path. Thank you WellNest Family Plans for closing the gap,2026-05-25T10:21:02Z,930,29,6,12692,0.321,,,normal,,2026-05-27T11:26:09Z
45110,4915,tiktok,ext_tiktok_00000570,Subscribers are asking about Roaming Cost Coaching through RoamFlow Mobility; upgrade and activation demand is rising,2026-05-13T03:38:18Z,454,21,45,13282,0.427,,,normal,,2026-05-27T11:26:09Z
45111,4698,twitter,ext_twitter_00000571,Network operations is flagging Home Wi-Fi Mesh Kit from PulsePoint 5G as a capacity bottleneck this week,2026-05-21T11:27:23Z,479,17,28,10440,0.71,,,normal,,2026-05-27T11:26:09Z
45112,4813,threads,ext_threads_00000572,Coverage update: Edge Compute Reservation capacity at EnterpriseEdge Services is getting tight after a spike in service orders,2026-05-16T23:04:51Z,476,51,16,16578,0.31,,,normal,,2026-05-27T11:26:09Z
45113,5000,tiktok,ext_tiktok_00000573,Subscriber experience note - SignalBridge Mobile Premium International Roaming Pass is the service everyone is trying to schedule right now,2026-05-27T01:17:38Z,471,96,48,10653,0.903,,,normal,,2026-05-27T11:26:09Z
45114,4663,twitter,ext_twitter_00000574,Coverage gaps are delaying service assurance for several subscriber groups,2026-05-24T14:02:05Z,3809,597,332,167492,-0.099,,,rising,,2026-05-27T11:26:09Z
45115,4656,instagram,ext_instagram_00000575,"Two-week review of RoamFlow Mobility Fiber Appointment Scheduling: strong subscriber response, but capacity planning matters",2026-05-17T13:54:33Z,8085,1671,480,171950,0.773,,,rising,,2026-05-27T11:26:09Z
45116,4920,tiktok,ext_tiktok_00000576,Families keep asking where to find IoT Sensor Gateway Kit. OrbitMotion IoT is showing up in every upgrade thread,2026-05-14T01:58:33Z,544,14,31,2813,0.809,,,normal,,2026-05-27T11:26:09Z
45117,5004,instagram,ext_instagram_00000577,Connected life teams need better outreach after recent storm-related service events,2026-05-22T17:53:42Z,2820,1247,695,111335,-0.006,,,rising,,2026-05-27T11:26:09Z
45118,4869,instagram,ext_instagram_00000578,Billing and usage signals are surfacing new need for Churn Risk Save Offer from WaveFirst Mobile,2026-05-23T18:06:01Z,694,7,7,10143,0.628,,,normal,,2026-05-27T11:26:09Z
45119,4656,instagram,ext_instagram_00000579,"If your subscribers need Small Business Fiber SLA, check FiberPath Broadband availability early; appointment slots are moving fast",2026-05-27T08:36:42Z,954,70,18,8504,0.507,,,normal,,2026-05-27T11:26:09Z
45120,4669,youtube,ext_youtube_00000580,Subscribers are asking for clearer instructions after fiber installation and faster follow-up windows,2026-05-15T01:59:04Z,4286,420,272,66222,0.202,,,rising,,2026-05-27T11:26:09Z
45121,4560,threads,ext_threads_00000581,Recommended ClearMind Customer Care Customer Retention Intake to an account manager today because churn risk is the issue,2026-05-25T08:26:31Z,19,20,42,3530,0.625,,,normal,,2026-05-27T11:26:09Z
45122,4553,twitter,ext_twitter_00000582,"Thought Fiber Appointment Scheduling demand would level off, but RoamFlow Mobility is still seeing urgent requests",2026-05-08T12:24:22Z,9732,1927,912,174354,0.921,,,rising,,2026-05-27T11:26:09Z
45123,4591,instagram,ext_instagram_00000583,Network monitoring alerts are helping the team catch congestion before call volume spikes,2026-05-12T23:16:38Z,590,54,9,8505,0.441,,,normal,,2026-05-27T11:26:09Z
45124,4681,instagram,ext_instagram_00000584,Added IoT Sensor Gateway Kit to the high-priority service assurance path. Thank you OrbitMotion IoT for closing the gap,2026-05-19T02:08:43Z,385,64,12,19150,0.331,,,normal,,2026-05-27T11:26:09Z
45125,4561,instagram,ext_instagram_00000585,Device-support channels are seeing increased activation demand after a handset launch,2026-05-13T17:50:50Z,9654,212,230,76337,0.863,,,rising,,2026-05-27T11:26:09Z
45126,4895,tiktok,ext_tiktok_00000586,Network operations is flagging Field Technician Evaluation from OrbitMotion IoT as a capacity bottleneck this week,2026-05-25T12:51:56Z,4224,930,616,22203,0.946,,,rising,,2026-05-27T11:26:09Z
45127,4807,youtube,ext_youtube_00000587,Connected life teams need better outreach after recent storm-related service events,2026-05-17T16:07:51Z,432,6,28,12688,0.21,,,normal,,2026-05-27T11:26:09Z
45128,4823,threads,ext_threads_00000588,Subscriber experience note - EnterpriseEdge Services Edge Compute Reservation is the service everyone is trying to schedule right now,2026-05-25T09:57:10Z,203668,92310,23621,12727238,0.72,,,mega_viral,,2026-05-27T11:26:09Z
45129,4580,threads,ext_threads_00000589,Roaming bill questions are creating new handoffs to billing and retention teams,2026-05-27T10:13:31Z,97,4,12,833,-0.124,,,normal,,2026-05-27T11:26:09Z
45130,4997,youtube,ext_youtube_00000590,"Two-week review of RoamFlow Mobility Roaming Cost Coaching: strong subscriber response, but capacity planning matters",2026-05-07T18:17:23Z,271,95,9,3209,0.765,,,normal,,2026-05-27T11:26:09Z
45131,4923,threads,ext_threads_00000591,Families keep asking where to find Fiber Appointment Scheduling. RoamFlow Mobility is showing up in every upgrade thread,2026-05-27T08:14:26Z,840,65,30,3931,0.356,,,normal,,2026-05-27T11:26:09Z
45132,4679,youtube,ext_youtube_00000592,Small businesses need earlier visibility into field technician appointment availability,2026-05-27T03:35:48Z,3836,1902,382,115241,0.86,,,rising,,2026-05-27T11:26:09Z
45133,4882,youtube,ext_youtube_00000593,Billing and usage signals are surfacing new need for LTE Backup Gateway from HomeConnect Fixed Wireless,2026-05-04T17:28:07Z,8964,1082,284,48539,0.505,,,rising,,2026-05-27T11:26:09Z
45134,4968,threads,ext_threads_00000594,"If your subscribers need Field Technician Evaluation, check OrbitMotion IoT availability early; appointment slots are moving fast",2026-05-15T09:01:16Z,390,39,23,12506,0.402,,,normal,,2026-05-27T11:26:09Z
45135,4818,threads,ext_threads_00000595,Day 30 with the LTE Backup Gateway workflow and the field team says HomeConnect Fixed Wireless reduced manual follow-up,2026-05-27T10:31:23Z,8203,1045,404,23781,0.775,,,rising,,2026-05-27T11:26:09Z
45136,4981,twitter,ext_twitter_00000596,Recommended ClearMind Customer Care Fraud Resolution Case to an account manager today because churn risk is the issue,2026-05-13T03:01:25Z,633,13,38,4366,0.634,,,normal,,2026-05-27T11:26:09Z
45137,4823,threads,ext_threads_00000597,Connected life teams need better outreach after recent storm-related service events,2026-05-19T22:16:41Z,815,44,16,19336,0.251,,,normal,,2026-05-27T11:26:09Z
45138,4557,tiktok,ext_tiktok_00000598,Morning capacity review featuring Enterprise Account Navigation. EnterpriseEdge Services needs pre-positioned technician capacity,2026-05-26T20:59:31Z,335,45,49,1550,0.652,,,normal,,2026-05-27T11:26:09Z
45139,4721,instagram,ext_instagram_00000599,Roaming bill questions are creating new handoffs to billing and retention teams,2026-05-12T19:58:47Z,310,93,9,11814,0.575,,,normal,,2026-05-27T11:26:09Z
45140,4888,threads,ext_threads_00000600,Subscribers are asking about Edge Compute Reservation through EnterpriseEdge Services; upgrade and activation demand is rising,2026-05-17T15:03:29Z,15009,3432,2664,341225,0.683,,,viral,,2026-05-27T11:26:09Z
45141,4930,tiktok,ext_tiktok_00000601,Network operations is flagging Outage Follow-Up Call from ClearMind Customer Care as a capacity bottleneck this week,2026-05-13T17:58:02Z,327,38,23,5821,0.245,,,normal,,2026-05-27T11:26:09Z
45142,4633,twitter,ext_twitter_00000602,Small businesses need earlier visibility into field technician appointment availability,2026-05-23T17:11:09Z,504,20,44,9472,-0.238,,,normal,,2026-05-27T11:26:09Z
45143,4546,instagram,ext_instagram_00000603,Network monitoring alerts are helping the team catch congestion before call volume spikes,2026-05-25T00:15:30Z,985,55,1,15626,-0.04,,,normal,,2026-05-27T11:26:09Z
45144,4778,twitter,ext_twitter_00000604,Outage follow-up: demand for Fiber Appointment Scheduling is up and RoamFlow Mobility needs more field slots,2026-05-25T14:18:31Z,934,11,22,15569,0.62,,,normal,,2026-05-27T11:26:09Z
45145,4765,threads,ext_threads_00000605,"Two-week review of ClearMind Customer Care Fraud Resolution Case: strong subscriber response, but capacity planning matters",2026-05-26T09:50:21Z,714,73,14,374,0.407,,,normal,,2026-05-27T11:26:09Z
45146,4781,instagram,ext_instagram_00000606,Families keep asking where to find Fixed Wireless Home Internet. HomeConnect Fixed Wireless is showing up in every upgrade thread,2026-05-24T22:55:15Z,352,87,39,9731,0.358,,,normal,,2026-05-27T11:26:09Z
45147,4687,tiktok,ext_tiktok_00000607,NOC huddle: prioritize OrbitMotion IoT IoT Sensor Gateway Kit installs before the weekend streaming surge,2026-05-19T09:24:23Z,450,20,36,177,0.332,,,normal,,2026-05-27T11:26:09Z
45148,5016,twitter,ext_twitter_00000608,Enterprise care teams are coordinating SLA-impact cases across regional service teams today,2026-05-20T22:47:32Z,661,78,39,18576,0.249,,,normal,,2026-05-27T11:26:09Z
45149,4703,twitter,ext_twitter_00000609,"If your subscribers need SIM Replacement Starter Kit, check MetroSupply Devices availability early; appointment slots are moving fast",2026-05-24T06:44:19Z,911,21,39,18763,0.905,,,normal,,2026-05-27T11:26:09Z
45150,4889,instagram,ext_instagram_00000610,Day 30 with the Student Mobile Plan workflow and the field team says WellNest Family Plans reduced manual follow-up,2026-05-18T22:23:37Z,5438,1949,990,105838,0.69,,,rising,,2026-05-27T11:26:09Z
45151,4804,instagram,ext_instagram_00000611,Recommended WaveFirst Mobile Churn Risk Save Offer to an account manager today because churn risk is the issue,2026-05-19T20:37:17Z,442,88,18,9925,0.287,,,normal,,2026-05-27T11:26:09Z
45152,4721,instagram,ext_instagram_00000612,"Thought Roaming Cost Coaching demand would level off, but RoamFlow Mobility is still seeing urgent requests",2026-05-08T22:25:04Z,981,71,7,2459,0.406,,,normal,,2026-05-27T11:26:09Z
45153,4808,threads,ext_threads_00000613,Morning capacity review featuring Gigabit Fiber Install. FiberPath Broadband needs pre-positioned technician capacity,2026-05-23T22:09:50Z,13,89,10,5557,0.382,,,normal,,2026-05-27T11:26:09Z
45154,4871,twitter,ext_twitter_00000614,Added Roaming Cost Coaching to the high-priority service assurance path. Thank you RoamFlow Mobility for closing the gap,2026-05-26T05:03:44Z,8677,1710,846,171155,0.849,,,rising,,2026-05-27T11:26:09Z
45155,4663,twitter,ext_twitter_00000615,Subscribers are asking about Number Port-In Activation through SignalBridge Mobile; upgrade and activation demand is rising,2026-05-27T11:22:39Z,264,61,23,6012,0.944,,,normal,,2026-05-27T11:26:09Z
45156,4543,twitter,ext_twitter_00000616,Families keep asking for better Wi-Fi performance before evening streaming starts,2026-05-03T16:20:11Z,8272,630,853,153607,-0.133,,,rising,,2026-05-27T11:26:09Z
45157,4778,twitter,ext_twitter_00000617,Connected life teams need better outreach after recent storm-related service events,2026-05-25T16:15:52Z,8214,424,443,153149,0.843,,,rising,,2026-05-27T11:26:09Z
45158,5026,twitter,ext_twitter_00000618,Subscriber experience note - FiberPath Broadband Small Business Fiber SLA is the service everyone is trying to schedule right now,2026-05-16T06:10:26Z,1251,401,800,41176,0.495,,,rising,,2026-05-27T11:26:09Z
45159,4602,tiktok,ext_tiktok_00000619,Roaming bill questions are creating new handoffs to billing and retention teams,2026-05-11T12:56:51Z,4730,1164,434,49386,0.858,,,rising,,2026-05-27T11:26:09Z
45160,4824,instagram,ext_instagram_00000620,Subscribers are asking for clearer instructions after fiber installation and faster follow-up windows,2026-05-18T01:01:40Z,344,22,42,1992,0.788,,,normal,,2026-05-27T11:26:09Z
45161,4986,twitter,ext_twitter_00000621,Outage follow-up is the top request in our subscriber forum this week,2026-05-24T23:33:04Z,605,35,47,16339,0.33,,,normal,,2026-05-27T11:26:09Z
45162,4846,twitter,ext_twitter_00000622,Small businesses need earlier visibility into field technician appointment availability,2026-05-22T11:26:58Z,39603,11677,3506,481972,-0.296,,,viral,,2026-05-27T11:26:09Z
45163,4769,youtube,ext_youtube_00000623,Billing and usage signals are surfacing new need for Family Connectivity Support Session from SilverLine Connected Life,2026-05-08T19:48:28Z,7929,1971,315,149870,0.377,,,rising,,2026-05-27T11:26:09Z
45164,4576,instagram,ext_instagram_00000624,"If your subscribers need LTE Backup Gateway, check HomeConnect Fixed Wireless availability early; appointment slots are moving fast",2026-05-05T16:36:37Z,16,75,41,2424,0.572,,,normal,,2026-05-27T11:26:09Z
45165,4887,youtube,ext_youtube_00000625,Device-support channels are seeing increased activation demand after a handset launch,2026-05-23T14:10:42Z,8767,227,261,92216,0.327,,,rising,,2026-05-27T11:26:09Z
45166,4622,tiktok,ext_tiktok_00000626,Recommended ClearMind Customer Care Fraud Resolution Case to an account manager today because churn risk is the issue,2026-05-26T15:25:47Z,4992,894,154,40520,0.815,,,rising,,2026-05-27T11:26:09Z
45167,4723,twitter,ext_twitter_00000627,"Thought Family Data Share Plan demand would level off, but WellNest Family Plans is still seeing urgent requests",2026-05-22T18:55:13Z,8246,1044,814,182638,0.51,,,rising,,2026-05-27T11:26:09Z
45168,4645,threads,ext_threads_00000628,Morning capacity review featuring New Line Activation. WaveFirst Mobile needs pre-positioned technician capacity,2026-05-08T14:15:38Z,642,95,16,15647,0.56,,,normal,,2026-05-27T11:26:09Z
45169,4586,instagram,ext_instagram_00000629,Added New Line Activation to the high-priority service assurance path. Thank you WaveFirst Mobile for closing the gap,2026-05-25T02:41:09Z,967,64,25,15336,0.882,,,normal,,2026-05-27T11:26:09Z
45170,4914,instagram,ext_instagram_00000630,Subscribers are asking about Student Mobile Plan through WellNest Family Plans; upgrade and activation demand is rising,2026-05-23T15:07:28Z,564,30,33,9821,0.848,,,normal,,2026-05-27T11:26:09Z
45171,4822,youtube,ext_youtube_00000631,Network operations is flagging Family Connectivity Support Session from SilverLine Connected Life as a capacity bottleneck this week,2026-05-22T09:16:14Z,417,97,2,2693,0.371,,,normal,,2026-05-27T11:26:09Z
45172,4920,tiktok,ext_tiktok_00000632,Coverage update: Home Wi-Fi Mesh Kit capacity at PulsePoint 5G is getting tight after a spike in service orders,2026-05-27T10:05:15Z,8792,366,414,139710,0.865,,,rising,,2026-05-27T11:26:09Z
45173,4882,youtube,ext_youtube_00000633,Subscriber experience note - FiberPath Broadband Gigabit Fiber Install is the service everyone is trying to schedule right now,2026-05-20T21:32:21Z,624,40,5,15415,0.312,,,normal,,2026-05-27T11:26:09Z
45174,5052,threads,ext_threads_00000634,Coverage gaps are delaying service assurance for several subscriber groups,2026-05-25T05:24:49Z,221,22,3,2577,-0.277,,,normal,,2026-05-27T11:26:09Z
45175,5047,threads,ext_threads_00000635,"Two-week review of SignalBridge Mobile 5G Unlimited Mobile Plan: strong subscriber response, but capacity planning matters",2026-05-16T20:29:13Z,572,84,37,2613,0.505,,,normal,,2026-05-27T11:26:09Z
45176,5006,twitter,ext_twitter_00000636,Families keep asking for better Wi-Fi performance before evening streaming starts,2026-05-27T11:13:45Z,263,22,27,1367,-0.195,,,normal,,2026-05-27T11:26:09Z
45177,4854,instagram,ext_instagram_00000637,Connected life teams need better outreach after recent storm-related service events,2026-05-25T12:25:16Z,414115,23379,26503,7994672,-0.221,,,mega_viral,,2026-05-27T11:26:09Z
45178,4933,threads,ext_threads_00000638,Billing and usage signals are surfacing new need for Fixed Wireless Home Internet from HomeConnect Fixed Wireless,2026-05-09T21:30:40Z,949,1,49,9003,0.797,,,normal,,2026-05-27T11:26:09Z
45179,4897,youtube,ext_youtube_00000639,"If your subscribers need Number Port-In Activation, check SignalBridge Mobile availability early; appointment slots are moving fast",2026-05-17T05:39:16Z,9853,1628,172,186916,0.424,,,rising,,2026-05-27T11:26:09Z
45180,4612,tiktok,ext_tiktok_00000640,Day 30 with the 5G Business Consultation workflow and the field team says PulsePoint 5G reduced manual follow-up,2026-05-26T11:30:34Z,656,74,49,9046,0.723,,,normal,,2026-05-27T11:26:09Z
45181,4642,tiktok,ext_tiktok_00000641,Recommended SilverLine Connected Life Family Connectivity Support Session to an account manager today because churn risk is the issue,2026-05-27T00:33:35Z,696,41,0,3991,0.332,,,normal,,2026-05-27T11:26:09Z
45182,4618,twitter,ext_twitter_00000642,Small businesses need earlier visibility into field technician appointment availability,2026-05-23T02:00:17Z,6861,1176,531,24066,-0.245,,,rising,,2026-05-27T11:26:09Z
45183,4664,youtube,ext_youtube_00000643,Network monitoring alerts are helping the team catch congestion before call volume spikes,2026-05-04T15:05:12Z,984,31,47,17656,0.393,,,normal,,2026-05-27T11:26:09Z
45184,4917,youtube,ext_youtube_00000644,Added Churn Risk Save Offer to the high-priority service assurance path. Thank you WaveFirst Mobile for closing the gap,2026-04-30T23:25:24Z,697,43,0,7275,0.934,,,normal,,2026-05-27T11:26:09Z
45185,4842,youtube,ext_youtube_00000645,Subscribers are asking about Edge Compute Reservation through EnterpriseEdge Services; upgrade and activation demand is rising,2026-05-14T14:23:00Z,95,19,0,6948,0.782,,,normal,,2026-05-27T11:26:09Z
45186,4896,twitter,ext_twitter_00000646,Network operations is flagging 5G Unlimited Mobile Plan from SignalBridge Mobile as a capacity bottleneck this week,2026-05-08T13:45:09Z,10743,6969,2356,542148,0.485,,,viral,,2026-05-27T11:26:09Z
45187,5027,youtube,ext_youtube_00000647,Connected life teams need better outreach after recent storm-related service events,2026-05-03T16:36:42Z,11,88,14,9816,0.564,,,normal,,2026-05-27T11:26:09Z
45188,4958,threads,ext_threads_00000648,Enterprise care teams are coordinating SLA-impact cases across regional service teams today,2026-05-06T16:06:46Z,880,5,3,11785,0.888,,,normal,,2026-05-27T11:26:09Z
45189,4676,instagram,ext_instagram_00000649,Outage follow-up: demand for Fixed Wireless Home Internet is up and HomeConnect Fixed Wireless needs more field slots,2026-04-28T17:23:44Z,819,99,44,10706,0.481,,,normal,,2026-05-27T11:26:09Z
45190,4896,twitter,ext_twitter_00000650,"Two-week review of HomeConnect Fixed Wireless LTE Backup Gateway: strong subscriber response, but capacity planning matters",2026-05-11T10:07:00Z,472,49,16,2867,0.65,,,normal,,2026-05-27T11:26:09Z
45191,4654,youtube,ext_youtube_00000651,Outage follow-up is the top request in our subscriber forum this week,2026-05-14T05:11:47Z,722,88,9,7245,0.135,,,normal,,2026-05-27T11:26:09Z
45192,4700,threads,ext_threads_00000652,NOC huddle: prioritize SignalBridge Mobile 5G Unlimited Mobile Plan installs before the weekend streaming surge,2026-05-27T00:47:52Z,92,0,2,14196,0.687,,,normal,,2026-05-27T11:26:09Z
45193,4704,youtube,ext_youtube_00000653,Billing and usage signals are surfacing new need for Enterprise Account Navigation from EnterpriseEdge Services,2026-05-27T11:18:53Z,604,48,34,4650,0.261,,,normal,,2026-05-27T11:26:09Z
45194,4876,twitter,ext_twitter_00000654,Coverage gaps are delaying service assurance for several subscriber groups,2026-05-27T10:22:24Z,454,27,45,3248,-0.003,,,normal,,2026-05-27T11:26:09Z
45195,4810,tiktok,ext_tiktok_00000655,Day 30 with the Student Mobile Plan workflow and the field team says WellNest Family Plans reduced manual follow-up,2026-05-24T14:40:39Z,9810,1265,252,141072,0.57,,,rising,,2026-05-27T11:26:09Z
45196,4759,youtube,ext_youtube_00000656,Recommended MetroSupply Devices Connected Device Monitoring Onboarding to an account manager today because churn risk is the issue,2026-05-25T23:29:19Z,3059,517,487,189617,0.266,,,rising,,2026-05-27T11:26:09Z
45197,4991,twitter,ext_twitter_00000657,"Thought Roaming Cost Coaching demand would level off, but RoamFlow Mobility is still seeing urgent requests",2026-05-21T15:59:17Z,37562,2712,4504,620956,0.427,,,viral,,2026-05-27T11:26:09Z
45198,4683,twitter,ext_twitter_00000658,Morning capacity review featuring IoT Sensor Gateway Kit. OrbitMotion IoT needs pre-positioned technician capacity,2026-04-30T09:01:06Z,487,85,22,14621,0.521,,,normal,,2026-05-27T11:26:09Z
45199,4875,tiktok,ext_tiktok_00000659,Added LTE Backup Gateway to the high-priority service assurance path. Thank you HomeConnect Fixed Wireless for closing the gap,2026-05-20T10:39:09Z,946,52,44,12903,0.923,,,normal,,2026-05-27T11:26:09Z
45200,4942,youtube,ext_youtube_00000660,Subscribers are asking about 5G Mobile Hotspot Kit through MetroSupply Devices; upgrade and activation demand is rising,2026-05-12T14:37:49Z,39,64,29,12387,0.593,,,normal,,2026-05-27T11:26:09Z
45201,4749,youtube,ext_youtube_00000661,Network operations is flagging 5G Unlimited Mobile Plan from SignalBridge Mobile as a capacity bottleneck this week,2026-05-27T09:27:36Z,4723,1728,558,104609,0.39,,,rising,,2026-05-27T11:26:09Z
45202,4902,youtube,ext_youtube_00000662,Small businesses need earlier visibility into field technician appointment availability,2026-05-11T17:47:42Z,737,68,29,10943,0.303,,,normal,,2026-05-27T11:26:09Z
45203,4959,instagram,ext_instagram_00000663,Subscriber experience note - EnterpriseEdge Services Edge Compute Reservation is the service everyone is trying to schedule right now,2026-05-15T19:38:24Z,4038,1349,568,178971,0.471,,,rising,,2026-05-27T11:26:09Z
45204,4823,threads,ext_threads_00000664,Coverage gaps are delaying service assurance for several subscriber groups,2026-04-27T20:35:30Z,762,65,20,5767,0.428,,,normal,,2026-05-27T11:26:09Z
45205,4692,tiktok,ext_tiktok_00000665,"Two-week review of WellNest Family Plans Network Congestion Plan Review: strong subscriber response, but capacity planning matters",2026-05-26T07:55:30Z,954,91,22,14219,0.692,,,normal,,2026-05-27T11:26:09Z
45206,4697,tiktok,ext_tiktok_00000666,Families keep asking where to find Connected Device Monitoring Onboarding. MetroSupply Devices is showing up in every upgrade thread,2026-04-28T20:23:04Z,216858,27902,10653,10733505,0.296,,,mega_viral,,2026-05-27T11:26:09Z
45207,4733,twitter,ext_twitter_00000667,NOC huddle: prioritize SignalBridge Mobile 5G Unlimited Mobile Plan installs before the weekend streaming surge,2026-05-20T19:17:20Z,724,79,10,11270,0.585,,,normal,,2026-05-27T11:26:09Z
45208,4573,twitter,ext_twitter_00000668,Billing and usage signals are surfacing new need for Senior Connected Life Plan from SilverLine Connected Life,2026-05-15T15:16:11Z,15,5,26,13462,0.439,,,normal,,2026-05-27T11:26:09Z
45209,4798,threads,ext_threads_00000669,"If your subscribers need Family Data Share Plan, check WellNest Family Plans availability early; appointment slots are moving fast",2026-05-26T02:36:07Z,659,3,18,12023,0.905,,,normal,,2026-05-27T11:26:09Z
45210,5005,tiktok,ext_tiktok_00000670,Day 30 with the 5G Unlimited Mobile Plan workflow and the field team says SignalBridge Mobile reduced manual follow-up,2026-05-06T02:00:55Z,739,14,28,14433,0.581,,,normal,,2026-05-27T11:26:09Z
45211,4845,tiktok,ext_tiktok_00000671,Recommended SilverLine Connected Life Family Connectivity Support Session to an account manager today because churn risk is the issue,2026-05-21T22:49:04Z,976,71,18,15046,0.568,,,normal,,2026-05-27T11:26:09Z
45212,4982,youtube,ext_youtube_00000672,"Thought Network Congestion Plan Review demand would level off, but WellNest Family Plans is still seeing urgent requests",2026-05-24T02:08:46Z,35,26,27,8490,0.328,,,normal,,2026-05-27T11:26:09Z
45213,4626,instagram,ext_instagram_00000673,Morning capacity review featuring Fiber Appointment Scheduling. RoamFlow Mobility needs pre-positioned technician capacity,2026-05-24T13:08:24Z,7093,1028,812,26661,0.446,,,rising,,2026-05-27T11:26:09Z
45214,4602,tiktok,ext_tiktok_00000674,Coverage gaps are delaying service assurance for several subscriber groups,2026-05-21T21:20:53Z,22972,3954,6913,653821,-0.268,,,viral,,2026-05-27T11:26:09Z
45215,4894,instagram,ext_instagram_00000675,Subscribers are asking about 5G Mobile Hotspot Kit through MetroSupply Devices; upgrade and activation demand is rising,2026-05-17T06:06:01Z,480,18,32,186,0.875,,,normal,,2026-05-27T11:26:09Z
45216,4994,instagram,ext_instagram_00000676,Network operations is flagging Small Business Fiber SLA from FiberPath Broadband as a capacity bottleneck this week,2026-05-22T05:12:28Z,237,81,9,14101,0.43,,,normal,,2026-05-27T11:26:09Z
45217,4874,instagram,ext_instagram_00000677,Coverage update: Home Wi-Fi Mesh Kit capacity at PulsePoint 5G is getting tight after a spike in service orders,2026-05-26T08:59:43Z,533,95,33,11534,0.647,,,normal,,2026-05-27T11:26:09Z
45218,4848,threads,ext_threads_00000678,Subscriber experience note - HomeConnect Fixed Wireless Smart Home Connectivity Assessment is the service everyone is trying to schedule right now,2026-05-11T20:31:33Z,36232,3847,4100,265265,0.546,,,viral,,2026-05-27T11:26:09Z
45219,5002,youtube,ext_youtube_00000679,Outage follow-up: demand for Device Upgrade Enrollment is up and PulsePoint 5G needs more field slots,2026-05-14T00:24:14Z,2520,765,831,91636,0.747,,,rising,,2026-05-27T11:26:09Z
45220,4676,instagram,ext_instagram_00000680,"Two-week review of WellNest Family Plans Network Congestion Plan Review: strong subscriber response, but capacity planning matters",2026-05-27T08:37:26Z,544,31,48,6880,0.897,,,normal,,2026-05-27T11:26:09Z
45221,4994,instagram,ext_instagram_00000681,Outage follow-up is the top request in our subscriber forum this week,2026-05-03T18:19:02Z,8393,1993,600,171533,0.595,,,rising,,2026-05-27T11:26:09Z
45222,4551,instagram,ext_instagram_00000682,NOC huddle: prioritize MetroSupply Devices Connected Device Monitoring Onboarding installs before the weekend streaming surge,2026-05-07T08:17:53Z,9805,338,703,68161,0.393,,,rising,,2026-05-27T11:26:09Z
45223,4612,tiktok,ext_tiktok_00000683,Network monitoring alerts are helping the team catch congestion before call volume spikes,2026-05-24T17:55:02Z,6979,1893,234,79861,0.234,,,rising,,2026-05-27T11:26:09Z
45224,5049,tiktok,ext_tiktok_00000684,Coverage gaps are delaying service assurance for several subscriber groups,2026-04-29T04:02:19Z,9974,559,682,61562,-0.009,,,rising,,2026-05-27T11:26:09Z
45225,4996,twitter,ext_twitter_00000685,Device-support channels are seeing increased activation demand after a handset launch,2026-05-05T07:31:04Z,776,36,16,4562,-0.051,,,normal,,2026-05-27T11:26:09Z
45226,4596,instagram,ext_instagram_00000686,Families keep asking for better Wi-Fi performance before evening streaming starts,2026-05-05T21:24:51Z,416,88,46,11380,0.207,,,normal,,2026-05-27T11:26:09Z
45227,4829,instagram,ext_instagram_00000687,"Thought Family Data Share Plan demand would level off, but WellNest Family Plans is still seeing urgent requests",2026-05-02T17:47:29Z,316044,46471,38584,4578658,0.229,,,mega_viral,,2026-05-27T11:26:09Z
45228,4757,tiktok,ext_tiktok_00000688,Enterprise care teams are coordinating SLA-impact cases across regional service teams today,2026-05-23T04:21:35Z,76,58,3,269,-0.17,,,normal,,2026-05-27T11:26:09Z
45229,4563,twitter,ext_twitter_00000689,Added 5G Business Consultation to the high-priority service assurance path. Thank you PulsePoint 5G for closing the gap,2026-05-27T09:12:06Z,554,35,48,10890,0.361,,,normal,,2026-05-27T11:26:09Z
45230,4727,tiktok,ext_tiktok_00000690,Subscribers are asking about 5G Mobile Hotspot Kit through MetroSupply Devices; upgrade and activation demand is rising,2026-05-04T00:50:35Z,212,52,44,4850,0.918,,,normal,,2026-05-27T11:26:09Z
45231,4782,tiktok,ext_tiktok_00000691,Outage follow-up is the top request in our subscriber forum this week,2026-05-27T03:25:32Z,386,5,39,18877,0.744,,,normal,,2026-05-27T11:26:09Z
45232,5046,youtube,ext_youtube_00000692,Coverage update: Connected Device Monitoring Onboarding capacity at MetroSupply Devices is getting tight after a spike in service orders,2026-05-03T05:58:49Z,26102,11178,1618,754610,0.421,,,viral,,2026-05-27T11:26:09Z
45233,4943,threads,ext_threads_00000693,Subscriber experience note - MetroSupply Devices Connected Device Monitoring Onboarding is the service everyone is trying to schedule right now,2026-05-08T18:23:10Z,193,62,29,5733,0.87,,,normal,,2026-05-27T11:26:09Z
45234,4980,tiktok,ext_tiktok_00000694,Coverage gaps are delaying service assurance for several subscriber groups,2026-04-28T04:13:23Z,31975,8381,6600,542988,0.53,,,viral,,2026-05-27T11:26:09Z
45235,4707,tiktok,ext_tiktok_00000695,Device-support channels are seeing increased activation demand after a handset launch,2026-05-21T21:11:36Z,925,39,34,11717,0.278,,,normal,,2026-05-27T11:26:09Z
45236,4981,twitter,ext_twitter_00000696,Families keep asking where to find Smart Home Connectivity Assessment. HomeConnect Fixed Wireless is showing up in every upgrade thread,2026-04-28T14:08:57Z,74,45,33,9950,0.928,,,normal,,2026-05-27T11:26:09Z
45237,4557,tiktok,ext_tiktok_00000697,NOC huddle: prioritize WellNest Family Plans Family Data Share Plan installs before the weekend streaming surge,2026-04-29T04:28:59Z,436,43,40,11103,0.499,,,normal,,2026-05-27T11:26:09Z
45238,5014,instagram,ext_instagram_00000698,Enterprise care teams are coordinating SLA-impact cases across regional service teams today,2026-05-01T18:37:11Z,71,25,15,4036,0.146,,,normal,,2026-05-27T11:26:09Z
45239,4990,tiktok,ext_tiktok_00000699,"If your subscribers need Number Port-In Activation, check SignalBridge Mobile availability early; appointment slots are moving fast",2026-05-06T22:11:53Z,773,4,8,1890,0.415,,,normal,,2026-05-27T11:26:09Z
45240,4883,threads,ext_threads_00000700,Day 30 with the Field Technician Evaluation workflow and the field team says OrbitMotion IoT reduced manual follow-up,2026-05-27T05:32:32Z,328,39,44,16434,0.422,,,normal,,2026-05-27T11:26:09Z
45241,4827,youtube,ext_youtube_00000701,Recommended SilverLine Connected Life Family Connectivity Support Session to an account manager today because churn risk is the issue,2026-05-25T21:02:29Z,12553,7733,4692,342673,0.515,,,viral,,2026-05-27T11:26:09Z
45242,4954,instagram,ext_instagram_00000702,"Thought Number Port-In Activation demand would level off, but SignalBridge Mobile is still seeing urgent requests",2026-05-22T05:54:53Z,211,85,8,12567,0.695,,,normal,,2026-05-27T11:26:09Z
45243,4825,tiktok,ext_tiktok_00000703,Morning capacity review featuring Home Wi-Fi Mesh Kit. PulsePoint 5G needs pre-positioned technician capacity,2026-05-25T20:58:23Z,4127,1913,534,102160,0.716,,,rising,,2026-05-27T11:26:09Z
45244,5023,threads,ext_threads_00000704,Added Premium International Roaming Pass to the high-priority service assurance path. Thank you SignalBridge Mobile for closing the gap,2026-05-27T07:33:42Z,890,78,8,16458,0.429,,,normal,,2026-05-27T11:26:09Z
45245,4682,tiktok,ext_tiktok_00000705,Device-support channels are seeing increased activation demand after a handset launch,2026-05-04T19:52:52Z,498,96,21,18030,0.652,,,normal,,2026-05-27T11:26:09Z
45246,4887,youtube,ext_youtube_00000706,Network operations is flagging Number Port-In Activation from SignalBridge Mobile as a capacity bottleneck this week,2026-05-16T11:31:16Z,13,35,4,18515,0.523,,,normal,,2026-05-27T11:26:09Z
45247,4630,threads,ext_threads_00000707,Coverage update: 5G Mobile Hotspot Kit capacity at MetroSupply Devices is getting tight after a spike in service orders,2026-05-03T21:47:46Z,829,50,7,14340,0.381,,,normal,,2026-05-27T11:26:09Z
45248,4741,instagram,ext_instagram_00000708,Subscriber experience note - MetroSupply Devices Connected Device Monitoring Onboarding is the service everyone is trying to schedule right now,2026-04-28T11:10:42Z,875,33,45,6855,0.867,,,normal,,2026-05-27T11:26:09Z
45249,4872,youtube,ext_youtube_00000709,Roaming bill questions are creating new handoffs to billing and retention teams,2026-05-17T23:22:14Z,732,2,7,10143,-0.203,,,normal,,2026-05-27T11:26:09Z
45250,5018,threads,ext_threads_00000710,"Two-week review of HomeConnect Fixed Wireless LTE Backup Gateway: strong subscriber response, but capacity planning matters",2026-05-27T08:27:10Z,755,9,18,15380,0.237,,,normal,,2026-05-27T11:26:09Z
45251,5029,instagram,ext_instagram_00000711,Families keep asking where to find Edge Compute Reservation. EnterpriseEdge Services is showing up in every upgrade thread,2026-05-25T23:37:53Z,639,40,37,15539,0.59,,,normal,,2026-05-27T11:26:09Z
45252,4875,tiktok,ext_tiktok_00000712,NOC huddle: prioritize PulsePoint 5G Home Wi-Fi Mesh Kit installs before the weekend streaming surge,2026-05-25T16:28:44Z,31694,10885,7662,716236,0.899,,,viral,,2026-05-27T11:26:09Z
45253,4665,threads,ext_threads_00000713,Billing and usage signals are surfacing new need for Number Port-In Activation from SignalBridge Mobile,2026-05-20T15:21:14Z,84,3,41,16643,0.775,,,normal,,2026-05-27T11:26:09Z
45254,5000,tiktok,ext_tiktok_00000714,"If your subscribers need New Line Activation, check WaveFirst Mobile availability early; appointment slots are moving fast",2026-05-27T07:23:55Z,728,38,40,18393,0.468,,,normal,,2026-05-27T11:26:09Z
45255,4799,instagram,ext_instagram_00000715,Day 30 with the Enterprise Account Navigation workflow and the field team says EnterpriseEdge Services reduced manual follow-up,2026-05-25T05:41:47Z,562,71,31,2204,0.463,,,normal,,2026-05-27T11:26:09Z
45256,4544,youtube,ext_youtube_00000716,Recommended WellNest Family Plans Student Mobile Plan to an account manager today because churn risk is the issue,2026-05-11T18:52:08Z,593,15,25,13873,0.794,,,normal,,2026-05-27T11:26:09Z
45257,4797,youtube,ext_youtube_00000717,"Thought Fleet Telematics SIM Pack demand would level off, but OrbitMotion IoT is still seeing urgent requests",2026-05-22T12:22:45Z,923,3,15,19568,0.798,,,normal,,2026-05-27T11:26:09Z
45258,4752,tiktok,ext_tiktok_00000718,Morning capacity review featuring Fiber Appointment Scheduling. RoamFlow Mobility needs pre-positioned technician capacity,2026-05-05T08:15:04Z,32,47,46,8542,0.473,,,normal,,2026-05-27T11:26:09Z
45259,4592,tiktok,ext_tiktok_00000719,Roaming bill questions are creating new handoffs to billing and retention teams,2026-05-04T20:39:05Z,5937,835,401,137098,0.47,,,rising,,2026-05-27T11:26:09Z
45260,4793,threads,ext_threads_00000720,Subscribers are asking about Family Data Share Plan through WellNest Family Plans; upgrade and activation demand is rising,2026-05-26T06:17:29Z,610,32,18,17878,0.231,,,normal,,2026-05-27T11:26:09Z
45261,4776,instagram,ext_instagram_00000721,Network operations is flagging 5G Business Consultation from PulsePoint 5G as a capacity bottleneck this week,2026-04-30T06:30:28Z,835,81,20,14068,0.54,,,normal,,2026-05-27T11:26:09Z
45262,4828,threads,ext_threads_00000722,Coverage update: Fiber Repair Appointment capacity at FiberPath Broadband is getting tight after a spike in service orders,2026-05-26T12:58:29Z,675,5,34,18463,0.529,,,normal,,2026-05-27T11:26:09Z
45263,4603,twitter,ext_twitter_00000723,Subscriber experience note - FiberPath Broadband Gigabit Fiber Install is the service everyone is trying to schedule right now,2026-05-18T19:24:49Z,7993,1711,434,111838,0.946,,,rising,,2026-05-27T11:26:09Z
45264,4994,instagram,ext_instagram_00000724,Outage follow-up: demand for Smart Home Connectivity Assessment is up and HomeConnect Fixed Wireless needs more field slots,2026-05-11T08:08:35Z,31124,5444,7478,935538,0.871,,,viral,,2026-05-27T11:26:09Z
45265,4709,youtube,ext_youtube_00000725,"Two-week review of WellNest Family Plans Network Congestion Plan Review: strong subscriber response, but capacity planning matters",2026-05-04T20:59:17Z,436,25,10,9296,0.929,,,normal,,2026-05-27T11:26:09Z
45266,4671,instagram,ext_instagram_00000726,Families keep asking for better Wi-Fi performance before evening streaming starts,2026-05-23T19:44:32Z,5267,1042,785,53088,0.832,,,rising,,2026-05-27T11:26:09Z
45267,4612,tiktok,ext_tiktok_00000727,Connected life teams need better outreach after recent storm-related service events,2026-05-26T11:30:48Z,33752,12462,7654,760052,-0.13,,,viral,,2026-05-27T11:26:09Z
45268,5018,threads,ext_threads_00000728,Billing and usage signals are surfacing new need for Senior Connected Life Plan from SilverLine Connected Life,2026-05-27T01:16:48Z,271,10,18,12025,0.445,,,normal,,2026-05-27T11:26:09Z
45269,4592,tiktok,ext_tiktok_00000729,"If your subscribers need Fiber Appointment Scheduling, check RoamFlow Mobility availability early; appointment slots are moving fast",2026-05-27T08:54:27Z,3387,1770,668,188093,0.34,,,rising,,2026-05-27T11:26:09Z
45270,4852,youtube,ext_youtube_00000730,Subscribers are asking for clearer instructions after fiber installation and faster follow-up windows,2026-05-26T19:28:07Z,58,84,39,4809,0.819,,,normal,,2026-05-27T11:26:09Z
45271,4982,youtube,ext_youtube_00000731,Outage follow-up is the top request in our subscriber forum this week,2026-05-27T11:20:20Z,27,42,25,17123,0.533,,,normal,,2026-05-27T11:26:09Z
45272,4903,threads,ext_threads_00000732,"Thought Home Wi-Fi Mesh Kit demand would level off, but PulsePoint 5G is still seeing urgent requests",2026-05-08T22:48:30Z,640,25,27,12143,0.522,,,normal,,2026-05-27T11:26:09Z
45273,4594,youtube,ext_youtube_00000733,Morning capacity review featuring Connected Device Monitoring Onboarding. MetroSupply Devices needs pre-positioned technician capacity,2026-05-26T20:27:40Z,854,76,29,1533,0.672,,,normal,,2026-05-27T11:26:09Z
45274,4568,twitter,ext_twitter_00000734,Coverage gaps are delaying service assurance for several subscriber groups,2026-05-24T22:47:10Z,304702,17879,36609,12795339,0.471,,,mega_viral,,2026-05-27T11:26:10Z
45275,4735,threads,ext_threads_00000735,Device-support channels are seeing increased activation demand after a handset launch,2026-04-30T14:03:16Z,30,43,40,19396,0.891,,,normal,,2026-05-27T11:26:10Z
45276,4715,threads,ext_threads_00000736,Network operations is flagging Fraud Resolution Case from ClearMind Customer Care as a capacity bottleneck this week,2026-05-26T11:50:34Z,6407,928,606,32715,0.871,,,rising,,2026-05-27T11:26:10Z
45277,4649,youtube,ext_youtube_00000737,Coverage update: Student Mobile Plan capacity at WellNest Family Plans is getting tight after a spike in service orders,2026-05-27T10:56:47Z,59,5,5,16895,0.924,,,normal,,2026-05-27T11:26:10Z
45278,5024,instagram,ext_instagram_00000738,Enterprise care teams are coordinating SLA-impact cases across regional service teams today,2026-05-27T11:26:06Z,614,87,42,11126,0.681,,,normal,,2026-05-27T11:26:10Z
45279,4768,twitter,ext_twitter_00000739,Outage follow-up: demand for Family Connectivity Support Session is up and SilverLine Connected Life needs more field slots,2026-05-14T01:01:08Z,21845,10223,4860,617232,0.655,,,viral,,2026-05-27T11:26:10Z
45280,4891,twitter,ext_twitter_00000740,"Two-week review of RoamFlow Mobility Fiber Appointment Scheduling: strong subscriber response, but capacity planning matters",2026-05-26T16:45:20Z,155,21,22,18329,0.915,,,normal,,2026-05-27T11:26:10Z
45281,4609,youtube,ext_youtube_00000741,Outage follow-up is the top request in our subscriber forum this week,2026-05-17T11:02:08Z,906,97,36,14963,0.711,,,normal,,2026-05-27T11:26:10Z
45282,4852,youtube,ext_youtube_00000742,NOC huddle: prioritize OrbitMotion IoT Field Technician Evaluation installs before the weekend streaming surge,2026-05-09T21:45:10Z,826,22,10,14125,0.711,,,normal,,2026-05-27T11:26:10Z
45283,4655,threads,ext_threads_00000743,Billing and usage signals are surfacing new need for Family Connectivity Support Session from SilverLine Connected Life,2026-05-14T00:41:42Z,420,40,33,5784,0.575,,,normal,,2026-05-27T11:26:10Z
45284,5030,tiktok,ext_tiktok_00000744,"If your subscribers need SIM Replacement Starter Kit, check MetroSupply Devices availability early; appointment slots are moving fast",2026-05-26T15:54:03Z,428,22,2,12606,0.61,,,normal,,2026-05-27T11:26:10Z
45285,4952,youtube,ext_youtube_00000745,Day 30 with the Field Technician Evaluation workflow and the field team says OrbitMotion IoT reduced manual follow-up,2026-05-27T09:10:49Z,9487,1072,216,195608,0.768,,,rising,,2026-05-27T11:26:10Z
45286,4625,threads,ext_threads_00000746,Recommended ClearMind Customer Care Customer Retention Intake to an account manager today because churn risk is the issue,2026-05-26T10:27:46Z,372,40,24,17996,0.857,,,normal,,2026-05-27T11:26:10Z
45287,4831,twitter,ext_twitter_00000747,"Thought Number Port-In Activation demand would level off, but SignalBridge Mobile is still seeing urgent requests",2026-05-06T23:27:29Z,741,17,46,5954,0.697,,,normal,,2026-05-27T11:26:10Z
45288,4663,twitter,ext_twitter_00000748,Morning capacity review featuring Fixed Wireless Home Internet. HomeConnect Fixed Wireless needs pre-positioned technician capacity,2026-05-16T06:45:06Z,349,40,41,16208,0.923,,,normal,,2026-05-27T11:26:10Z
45289,4821,twitter,ext_twitter_00000749,Added Fleet Telematics SIM Pack to the high-priority service assurance path. Thank you OrbitMotion IoT for closing the gap,2026-05-14T21:51:54Z,310,79,9,5081,0.733,,,normal,,2026-05-27T11:26:10Z
45290,4878,threads,ext_threads_00000750,Subscribers are asking for clearer instructions after fiber installation and faster follow-up windows,2026-05-25T18:46:28Z,601,48,17,13840,0.493,,,normal,,2026-05-27T11:26:10Z
45291,4567,tiktok,ext_tiktok_00000751,Network operations is flagging Roaming Cost Coaching from RoamFlow Mobility as a capacity bottleneck this week,2026-05-25T23:02:50Z,43952,8999,1199,988069,0.672,,,viral,,2026-05-27T11:26:10Z
45292,4919,instagram,ext_instagram_00000752,Small businesses need earlier visibility into field technician appointment availability,2026-05-12T08:50:43Z,832,93,25,17784,0.302,,,normal,,2026-05-27T11:26:10Z
45293,4876,twitter,ext_twitter_00000753,Subscriber experience note - ClearMind Customer Care Customer Retention Intake is the service everyone is trying to schedule right now,2026-05-24T09:55:28Z,2431,691,719,70005,0.545,,,rising,,2026-05-27T11:26:10Z
45294,4820,tiktok,ext_tiktok_00000754,Coverage gaps are delaying service assurance for several subscriber groups,2026-05-27T10:22:13Z,205,67,43,6012,-0.23,,,normal,,2026-05-27T11:26:10Z
45295,4769,youtube,ext_youtube_00000755,"Two-week review of OrbitMotion IoT Fleet Telematics SIM Pack: strong subscriber response, but capacity planning matters",2026-05-21T20:34:38Z,479,67,34,14892,0.815,,,normal,,2026-05-27T11:26:10Z
45296,5055,twitter,ext_twitter_00000756,Families keep asking where to find Student Mobile Plan. WellNest Family Plans is showing up in every upgrade thread,2026-05-27T09:29:50Z,476,50,16,7277,0.532,,,normal,,2026-05-27T11:26:10Z
45297,4866,twitter,ext_twitter_00000757,NOC huddle: prioritize WellNest Family Plans Student Mobile Plan installs before the weekend streaming surge,2026-05-08T09:13:42Z,946,65,18,18876,0.607,,,normal,,2026-05-27T11:26:10Z
45298,4751,instagram,ext_instagram_00000758,Enterprise care teams are coordinating SLA-impact cases across regional service teams today,2026-05-23T19:37:35Z,682,32,46,3226,0.234,,,normal,,2026-05-27T11:26:10Z
45299,5047,threads,ext_threads_00000759,Roaming bill questions are creating new handoffs to billing and retention teams,2026-04-28T19:46:06Z,320,37,18,15355,0.699,,,normal,,2026-05-27T11:26:10Z
45300,4719,youtube,ext_youtube_00000760,Day 30 with the Home Wi-Fi Mesh Kit workflow and the field team says PulsePoint 5G reduced manual follow-up,2026-05-09T14:14:15Z,979,45,49,17807,0.734,,,normal,,2026-05-27T11:26:10Z
45301,4896,twitter,ext_twitter_00000761,Recommended PulsePoint 5G 5G Business Consultation to an account manager today because churn risk is the issue,2026-05-25T03:30:48Z,788,53,47,5059,0.784,,,normal,,2026-05-27T11:26:10Z
45302,4848,threads,ext_threads_00000762,"Thought Churn Risk Save Offer demand would level off, but WaveFirst Mobile is still seeing urgent requests",2026-05-27T02:39:21Z,9732,1491,721,24963,0.517,,,rising,,2026-05-27T11:26:10Z
45303,5042,threads,ext_threads_00000763,Network monitoring alerts are helping the team catch congestion before call volume spikes,2026-05-20T16:50:59Z,39197,8776,7132,982188,0.459,,,viral,,2026-05-27T11:26:10Z
45304,4693,twitter,ext_twitter_00000764,Added Roaming Cost Coaching to the high-priority service assurance path. Thank you RoamFlow Mobility for closing the gap,2026-05-24T15:50:40Z,795,46,34,882,0.408,,,normal,,2026-05-27T11:26:10Z
45305,4864,instagram,ext_instagram_00000765,Subscribers are asking about 5G Unlimited Mobile Plan through SignalBridge Mobile; upgrade and activation demand is rising,2026-05-02T14:24:48Z,41000,7023,3305,380617,0.841,,,viral,,2026-05-27T11:26:10Z
45306,4834,instagram,ext_instagram_00000766,Network operations is flagging Fiber Repair Appointment from FiberPath Broadband as a capacity bottleneck this week,2026-05-26T06:20:12Z,30077,3478,3722,952652,0.661,,,viral,,2026-05-27T11:26:10Z
45307,4650,threads,ext_threads_00000767,Connected life teams need better outreach after recent storm-related service events,2026-05-17T22:23:25Z,37186,11891,7904,543507,0.757,,,viral,,2026-05-27T11:26:10Z
45308,4688,twitter,ext_twitter_00000768,Subscriber experience note - PulsePoint 5G Device Upgrade Enrollment is the service everyone is trying to schedule right now,2026-05-27T09:40:28Z,818,82,28,5500,0.935,,,normal,,2026-05-27T11:26:10Z
45309,4897,youtube,ext_youtube_00000769,Outage follow-up: demand for Field Technician Evaluation is up and OrbitMotion IoT needs more field slots,2026-05-07T17:41:32Z,9996,1129,751,188348,0.351,,,rising,,2026-05-27T11:26:10Z
45310,4543,twitter,ext_twitter_00000770,"Two-week review of HomeConnect Fixed Wireless Fixed Wireless Home Internet: strong subscriber response, but capacity planning matters",2026-05-20T10:02:17Z,248,1,35,6081,0.95,,,normal,,2026-05-27T11:26:10Z
45311,4569,youtube,ext_youtube_00000771,Outage follow-up is the top request in our subscriber forum this week,2026-05-18T06:40:00Z,315,83,33,4112,0.466,,,normal,,2026-05-27T11:26:10Z
45312,4931,twitter,ext_twitter_00000772,NOC huddle: prioritize OrbitMotion IoT Fleet Telematics SIM Pack installs before the weekend streaming surge,2026-05-08T00:24:45Z,867,54,1,12535,0.735,,,normal,,2026-05-27T11:26:10Z
45313,4899,instagram,ext_instagram_00000773,Network monitoring alerts are helping the team catch congestion before call volume spikes,2026-05-26T16:19:02Z,5169,1744,182,83184,0.691,,,rising,,2026-05-27T11:26:10Z
45314,5059,tiktok,ext_tiktok_00000774,"If your subscribers need Number Port-In Activation, check SignalBridge Mobile availability early; appointment slots are moving fast",2026-05-27T11:25:46Z,961,76,40,5818,0.298,,,normal,,2026-05-27T11:26:10Z
45315,4915,tiktok,ext_tiktok_00000775,Day 30 with the 5G Unlimited Mobile Plan workflow and the field team says SignalBridge Mobile reduced manual follow-up,2026-05-27T00:24:26Z,14577,13377,1029,899422,0.448,,,viral,,2026-05-27T11:26:10Z
45316,5051,youtube,ext_youtube_00000776,Recommended MetroSupply Devices Connected Device Monitoring Onboarding to an account manager today because churn risk is the issue,2026-05-27T10:24:59Z,30888,8654,4793,236672,0.849,,,viral,,2026-05-27T11:26:10Z
45317,4946,twitter,ext_twitter_00000777,Connected life teams need better outreach after recent storm-related service events,2026-05-24T19:55:32Z,814,13,21,12935,0.289,,,normal,,2026-05-27T11:26:10Z
45318,4825,tiktok,ext_tiktok_00000778,Morning capacity review featuring Field Technician Evaluation. OrbitMotion IoT needs pre-positioned technician capacity,2026-05-22T03:16:12Z,6385,594,262,107984,0.714,,,rising,,2026-05-27T11:26:10Z
45319,5030,tiktok,ext_tiktok_00000779,Added Small Business Fiber SLA to the high-priority service assurance path. Thank you FiberPath Broadband for closing the gap,2026-05-15T04:53:38Z,6652,493,947,167056,0.817,,,rising,,2026-05-27T11:26:10Z
45320,4967,youtube,ext_youtube_00000780,Subscribers are asking for clearer instructions after fiber installation and faster follow-up windows,2026-05-27T03:27:13Z,1757,1799,796,114991,0.218,,,rising,,2026-05-27T11:26:10Z
45321,4625,threads,ext_threads_00000781,Network operations is flagging 5G Business Consultation from PulsePoint 5G as a capacity bottleneck this week,2026-05-25T22:15:53Z,7047,1697,498,112315,0.323,,,rising,,2026-05-27T11:26:10Z
45322,4805,tiktok,ext_tiktok_00000782,Coverage update: Outage Follow-Up Call capacity at ClearMind Customer Care is getting tight after a spike in service orders,2026-05-01T03:14:49Z,4026,1127,503,177916,0.712,,,rising,,2026-05-27T11:26:10Z
45323,4622,tiktok,ext_tiktok_00000783,Network monitoring alerts are helping the team catch congestion before call volume spikes,2026-05-15T03:58:14Z,2918,572,314,101447,0.465,,,rising,,2026-05-27T11:26:10Z
45324,4651,instagram,ext_instagram_00000784,Outage follow-up: demand for Premium International Roaming Pass is up and SignalBridge Mobile needs more field slots,2026-05-25T21:07:24Z,747,65,32,15633,0.533,,,normal,,2026-05-27T11:26:10Z
45325,4897,youtube,ext_youtube_00000785,"Two-week review of HomeConnect Fixed Wireless LTE Backup Gateway: strong subscriber response, but capacity planning matters",2026-05-14T15:26:35Z,3178,1555,776,24732,0.273,,,rising,,2026-05-27T11:26:10Z
45326,4872,youtube,ext_youtube_00000786,Families keep asking where to find Premium International Roaming Pass. SignalBridge Mobile is showing up in every upgrade thread,2026-05-26T10:07:39Z,21770,4391,5620,394512,0.88,,,viral,,2026-05-27T11:26:10Z
45327,4771,instagram,ext_instagram_00000787,NOC huddle: prioritize WaveFirst Mobile Churn Risk Save Offer installs before the weekend streaming surge,2026-05-20T09:32:38Z,30,11,27,1677,0.939,,,normal,,2026-05-27T11:26:10Z
45328,4816,twitter,ext_twitter_00000788,Enterprise care teams are coordinating SLA-impact cases across regional service teams today,2026-05-27T03:20:42Z,4287,781,567,99092,0.047,,,rising,,2026-05-27T11:26:10Z
45329,4834,instagram,ext_instagram_00000789,"If your subscribers need Enterprise Account Navigation, check EnterpriseEdge Services availability early; appointment slots are moving fast",2026-05-03T11:47:24Z,669,76,6,581,0.28,,,normal,,2026-05-27T11:26:10Z
45330,4816,twitter,ext_twitter_00000790,Subscribers are asking for clearer instructions after fiber installation and faster follow-up windows,2026-05-12T21:42:52Z,6788,1076,808,161403,0.211,,,rising,,2026-05-27T11:26:10Z
45331,4751,instagram,ext_instagram_00000791,Recommended RoamFlow Mobility Fiber Appointment Scheduling to an account manager today because churn risk is the issue,2026-05-12T10:10:12Z,22885,10317,3970,819606,0.345,,,viral,,2026-05-27T11:26:10Z
45332,4820,tiktok,ext_tiktok_00000792,"Thought Premium International Roaming Pass demand would level off, but SignalBridge Mobile is still seeing urgent requests",2026-05-17T23:13:21Z,866,66,45,8211,0.932,,,normal,,2026-05-27T11:26:10Z
45333,4729,youtube,ext_youtube_00000793,Network monitoring alerts are helping the team catch congestion before call volume spikes,2026-05-12T13:24:38Z,754,86,46,10946,0.899,,,normal,,2026-05-27T11:26:10Z
45334,4662,tiktok,ext_tiktok_00000794,Added 5G Business Consultation to the high-priority service assurance path. Thank you PulsePoint 5G for closing the gap,2026-05-26T16:54:05Z,89,37,32,13561,0.866,,,normal,,2026-05-27T11:26:10Z
45335,4541,instagram,ext_instagram_00000795,Subscribers are asking about 5G Mobile Hotspot Kit through MetroSupply Devices; upgrade and activation demand is rising,2026-05-20T23:19:26Z,42357,9631,5440,216571,0.659,,,viral,,2026-05-27T11:26:10Z
45336,4557,tiktok,ext_tiktok_00000796,Network operations is flagging Fraud Resolution Case from ClearMind Customer Care as a capacity bottleneck this week,2026-05-24T11:28:36Z,4637,644,113,142009,0.551,,,rising,,2026-05-27T11:26:10Z
45337,4903,threads,ext_threads_00000797,Coverage update: Roaming Cost Coaching capacity at RoamFlow Mobility is getting tight after a spike in service orders,2026-05-17T01:44:50Z,3609,731,920,158385,0.522,,,rising,,2026-05-27T11:26:10Z
45338,4918,threads,ext_threads_00000798,Subscriber experience note - OrbitMotion IoT Field Technician Evaluation is the service everyone is trying to schedule right now,2026-05-25T12:44:59Z,184,52,1,6192,0.594,,,normal,,2026-05-27T11:26:10Z
45339,4562,tiktok,ext_tiktok_00000799,Outage follow-up: demand for Edge Compute Reservation is up and EnterpriseEdge Services needs more field slots,2026-05-06T10:24:33Z,29678,3720,2309,827303,0.593,,,viral,,2026-05-27T11:26:10Z
45340,4999,instagram,ext_instagram_00000800,Subscribers are asking for clearer instructions after fiber installation and faster follow-up windows,2026-05-22T04:29:47Z,620,85,11,2031,0.236,,,normal,,2026-05-27T11:26:10Z
45341,4598,twitter,ext_twitter_00000801,Families keep asking where to find Roaming Cost Coaching. RoamFlow Mobility is showing up in every upgrade thread,2026-05-20T01:53:02Z,3884,1572,802,32374,0.565,,,rising,,2026-05-27T11:26:10Z
45342,4791,twitter,ext_twitter_00000802,NOC huddle: prioritize ClearMind Customer Care Fraud Resolution Case installs before the weekend streaming surge,2026-05-17T15:30:13Z,374,61,24,9268,0.59,,,normal,,2026-05-27T11:26:10Z
45343,4682,tiktok,ext_tiktok_00000803,Billing and usage signals are surfacing new need for Number Port-In Activation from SignalBridge Mobile,2026-05-21T23:59:56Z,813,39,48,8408,0.322,,,normal,,2026-05-27T11:26:10Z
45344,4578,twitter,ext_twitter_00000804,"If your subscribers need Home Wi-Fi Mesh Kit, check PulsePoint 5G availability early; appointment slots are moving fast",2026-04-30T06:45:24Z,101,95,28,3824,0.578,,,normal,,2026-05-27T11:26:10Z
45345,4865,tiktok,ext_tiktok_00000805,Device-support channels are seeing increased activation demand after a handset launch,2026-05-27T06:19:51Z,503,49,3,4969,0.125,,,normal,,2026-05-27T11:26:10Z
45346,4965,tiktok,ext_tiktok_00000806,Recommended OrbitMotion IoT IoT Sensor Gateway Kit to an account manager today because churn risk is the issue,2026-05-22T15:10:59Z,771,93,1,155,0.449,,,normal,,2026-05-27T11:26:10Z
45347,4764,youtube,ext_youtube_00000807,Connected life teams need better outreach after recent storm-related service events,2026-05-25T09:55:03Z,81,29,7,4926,0.571,,,normal,,2026-05-27T11:26:10Z
45348,4804,instagram,ext_instagram_00000808,Enterprise care teams are coordinating SLA-impact cases across regional service teams today,2026-05-25T12:41:26Z,80,47,41,4260,-0.18,,,normal,,2026-05-27T11:26:10Z
45349,4592,tiktok,ext_tiktok_00000809,Added Device Upgrade Enrollment to the high-priority service assurance path. Thank you PulsePoint 5G for closing the gap,2026-05-17T19:37:09Z,26761,11557,6077,975366,0.273,,,viral,,2026-05-27T11:26:10Z
45350,4585,threads,ext_threads_00000810,Subscribers are asking for clearer instructions after fiber installation and faster follow-up windows,2026-05-04T05:00:42Z,99846,49583,24609,16008823,0.165,,,mega_viral,,2026-05-27T11:26:10Z
45351,5056,youtube,ext_youtube_00000811,Outage follow-up is the top request in our subscriber forum this week,2026-05-12T16:10:00Z,48,48,25,8392,0.203,,,normal,,2026-05-27T11:26:10Z
45352,5000,tiktok,ext_tiktok_00000812,Small businesses need earlier visibility into field technician appointment availability,2026-05-26T07:51:22Z,668,45,48,4788,0.769,,,normal,,2026-05-27T11:26:10Z
45353,4873,threads,ext_threads_00000813,Network monitoring alerts are helping the team catch congestion before call volume spikes,2026-05-08T17:48:38Z,331,68,0,11662,-0.061,,,normal,,2026-05-27T11:26:10Z
45354,4819,instagram,ext_instagram_00000814,Outage follow-up: demand for Fiber Repair Appointment is up and FiberPath Broadband needs more field slots,2026-05-27T03:40:55Z,778,36,40,17801,0.245,,,normal,,2026-05-27T11:26:10Z
45355,4713,twitter,ext_twitter_00000815,"Two-week review of PulsePoint 5G Home Wi-Fi Mesh Kit: strong subscriber response, but capacity planning matters",2026-05-27T00:13:22Z,264,25,14,6206,0.292,,,normal,,2026-05-27T11:26:10Z
45356,4632,tiktok,ext_tiktok_00000816,Families keep asking where to find Roaming Cost Coaching. RoamFlow Mobility is showing up in every upgrade thread,2026-04-27T18:47:29Z,171,58,25,218,0.25,,,normal,,2026-05-27T11:26:10Z
45357,4827,youtube,ext_youtube_00000817,NOC huddle: prioritize MetroSupply Devices SIM Replacement Starter Kit installs before the weekend streaming surge,2026-05-27T10:01:12Z,525,4,20,5650,0.936,,,normal,,2026-05-27T11:26:10Z
45358,4676,instagram,ext_instagram_00000818,Enterprise care teams are coordinating SLA-impact cases across regional service teams today,2026-05-26T01:23:56Z,6647,680,694,158795,0.281,,,rising,,2026-05-27T11:26:10Z
45359,4681,instagram,ext_instagram_00000819,Roaming bill questions are creating new handoffs to billing and retention teams,2026-05-27T08:42:27Z,529,72,20,13139,0.536,,,normal,,2026-05-27T11:26:10Z
45360,4890,tiktok,ext_tiktok_00000820,Day 30 with the 5G Business Consultation workflow and the field team says PulsePoint 5G reduced manual follow-up,2026-05-25T09:17:22Z,420,12,11,10306,0.695,,,normal,,2026-05-27T11:26:10Z
45361,4618,twitter,ext_twitter_00000821,Recommended EnterpriseEdge Services Edge Compute Reservation to an account manager today because churn risk is the issue,2026-05-06T15:28:10Z,3639,1143,703,60658,0.63,,,rising,,2026-05-27T11:26:10Z
45362,4930,tiktok,ext_tiktok_00000822,Small businesses need earlier visibility into field technician appointment availability,2026-05-25T11:22:35Z,44059,2404,2176,948962,0.106,,,viral,,2026-05-27T11:26:10Z
45363,4909,instagram,ext_instagram_00000823,Morning capacity review featuring Connected Device Monitoring Onboarding. MetroSupply Devices needs pre-positioned technician capacity,2026-05-23T07:16:02Z,222,34,38,8296,0.393,,,normal,,2026-05-27T11:26:10Z
45364,4583,twitter,ext_twitter_00000824,Added Enterprise Account Navigation to the high-priority service assurance path. Thank you EnterpriseEdge Services for closing the gap,2026-05-14T11:31:55Z,312,75,41,3466,0.414,,,normal,,2026-05-27T11:26:10Z
45365,4869,instagram,ext_instagram_00000825,Subscribers are asking about Churn Risk Save Offer through WaveFirst Mobile; upgrade and activation demand is rising,2026-05-06T06:05:52Z,389,3,32,2717,0.43,,,normal,,2026-05-27T11:26:10Z
45366,5054,tiktok,ext_tiktok_00000826,Network operations is flagging 5G Unlimited Mobile Plan from SignalBridge Mobile as a capacity bottleneck this week,2026-05-12T01:31:17Z,8209,1193,893,170823,0.829,,,rising,,2026-05-27T11:26:10Z
45367,5026,twitter,ext_twitter_00000827,Coverage update: Edge Compute Reservation capacity at EnterpriseEdge Services is getting tight after a spike in service orders,2026-05-26T09:01:32Z,97,52,24,8145,0.878,,,normal,,2026-05-27T11:26:10Z
45368,4651,instagram,ext_instagram_00000828,Subscriber experience note - HomeConnect Fixed Wireless Smart Home Connectivity Assessment is the service everyone is trying to schedule right now,2026-05-26T15:03:17Z,283,6,42,6169,0.533,,,normal,,2026-05-27T11:26:10Z
45369,4861,twitter,ext_twitter_00000829,Outage follow-up: demand for Number Port-In Activation is up and SignalBridge Mobile needs more field slots,2026-05-25T00:13:41Z,179,30,4,11581,0.685,,,normal,,2026-05-27T11:26:10Z
45370,4893,threads,ext_threads_00000830,Subscribers are asking for clearer instructions after fiber installation and faster follow-up windows,2026-05-23T18:37:43Z,870,22,1,4558,0.782,,,normal,,2026-05-27T11:26:10Z
45371,4764,youtube,ext_youtube_00000831,Families keep asking where to find Fixed Wireless Home Internet. HomeConnect Fixed Wireless is showing up in every upgrade thread,2026-05-09T06:46:47Z,194,66,30,9569,0.842,,,normal,,2026-05-27T11:26:10Z
45372,4726,instagram,ext_instagram_00000832,NOC huddle: prioritize PulsePoint 5G Home Wi-Fi Mesh Kit installs before the weekend streaming surge,2026-05-27T10:43:54Z,7747,409,508,36776,0.699,,,rising,,2026-05-27T11:26:10Z
45373,4635,threads,ext_threads_00000833,Billing and usage signals are surfacing new need for Churn Risk Save Offer from WaveFirst Mobile,2026-05-03T18:19:13Z,1797,689,107,197880,0.531,,,rising,,2026-05-27T11:26:10Z
45374,4661,instagram,ext_instagram_00000834,"If your subscribers need IoT Sensor Gateway Kit, check OrbitMotion IoT availability early; appointment slots are moving fast",2026-05-22T13:49:41Z,893,83,42,2324,0.313,,,normal,,2026-05-27T11:26:10Z
45375,4967,youtube,ext_youtube_00000835,Day 30 with the New Line Activation workflow and the field team says WaveFirst Mobile reduced manual follow-up,2026-05-26T06:12:20Z,222,68,0,13024,0.68,,,normal,,2026-05-27T11:26:10Z
45376,4791,twitter,ext_twitter_00000836,Families keep asking for better Wi-Fi performance before evening streaming starts,2026-05-18T17:45:53Z,404,40,28,10866,0.375,,,normal,,2026-05-27T11:26:10Z
45377,4722,tiktok,ext_tiktok_00000837,"Thought Customer Retention Intake demand would level off, but ClearMind Customer Care is still seeing urgent requests",2026-05-17T12:49:50Z,948,1,20,5660,0.237,,,normal,,2026-05-27T11:26:10Z
45378,4953,threads,ext_threads_00000838,Morning capacity review featuring Connected Device Monitoring Onboarding. MetroSupply Devices needs pre-positioned technician capacity,2026-05-19T09:43:23Z,867,25,2,7576,0.545,,,normal,,2026-05-27T11:26:10Z
45379,4908,threads,ext_threads_00000839,Roaming bill questions are creating new handoffs to billing and retention teams,2026-05-25T18:57:35Z,381,99,18,10932,0.849,,,normal,,2026-05-27T11:26:10Z
45380,4800,tiktok,ext_tiktok_00000840,Subscribers are asking for clearer instructions after fiber installation and faster follow-up windows,2026-05-27T00:57:11Z,405,99,19,15372,-0.088,,,normal,,2026-05-27T11:26:10Z
45381,4809,instagram,ext_instagram_00000841,Network operations is flagging Roaming Cost Coaching from RoamFlow Mobility as a capacity bottleneck this week,2026-05-21T02:28:32Z,6276,1582,659,29606,0.783,,,rising,,2026-05-27T11:26:10Z
45382,4687,tiktok,ext_tiktok_00000842,Small businesses need earlier visibility into field technician appointment availability,2026-05-27T01:56:46Z,5776,1517,503,118620,-0.166,,,rising,,2026-05-27T11:26:10Z
45383,5021,twitter,ext_twitter_00000843,Subscriber experience note - FiberPath Broadband Fiber Repair Appointment is the service everyone is trying to schedule right now,2026-05-15T12:19:43Z,9716,327,806,24251,0.936,,,rising,,2026-05-27T11:26:10Z
45384,4805,tiktok,ext_tiktok_00000844,Coverage gaps are delaying service assurance for several subscriber groups,2026-05-27T06:10:54Z,366,42,29,10549,-0.17,,,normal,,2026-05-27T11:26:10Z
45385,4695,threads,ext_threads_00000845,"Two-week review of WellNest Family Plans Student Mobile Plan: strong subscriber response, but capacity planning matters",2026-05-23T21:54:23Z,56,95,6,7969,0.617,,,normal,,2026-05-27T11:26:10Z
45386,4994,instagram,ext_instagram_00000846,Families keep asking for better Wi-Fi performance before evening streaming starts,2026-05-27T10:07:48Z,32766,9379,1270,683826,0.844,,,viral,,2026-05-27T11:26:10Z
45387,4897,youtube,ext_youtube_00000847,Connected life teams need better outreach after recent storm-related service events,2026-05-11T06:13:51Z,16143,14893,3397,261365,0.149,,,viral,,2026-05-27T11:26:10Z
45388,4674,youtube,ext_youtube_00000848,Enterprise care teams are coordinating SLA-impact cases across regional service teams today,2026-05-27T07:42:11Z,882,87,20,9738,0.023,,,normal,,2026-05-27T11:26:10Z
45389,5054,tiktok,ext_tiktok_00000849,"If your subscribers need Enterprise Account Navigation, check EnterpriseEdge Services availability early; appointment slots are moving fast",2026-05-13T00:34:41Z,732,94,40,14252,0.924,,,normal,,2026-05-27T11:26:10Z
45390,4853,threads,ext_threads_00000850,Subscribers are asking for clearer instructions after fiber installation and faster follow-up windows,2026-05-25T18:07:27Z,671,16,26,18450,-0.058,,,normal,,2026-05-27T11:26:10Z
45391,4989,instagram,ext_instagram_00000851,Recommended FiberPath Broadband Gigabit Fiber Install to an account manager today because churn risk is the issue,2026-05-05T21:36:22Z,2274,1741,733,43624,0.438,,,rising,,2026-05-27T11:26:10Z
45392,4914,instagram,ext_instagram_00000852,"Thought Small Business Fiber SLA demand would level off, but FiberPath Broadband is still seeing urgent requests",2026-04-29T02:33:18Z,132,49,16,15015,0.341,,,normal,,2026-05-27T11:26:10Z
45393,5008,threads,ext_threads_00000853,Morning capacity review featuring Premium International Roaming Pass. SignalBridge Mobile needs pre-positioned technician capacity,2026-05-21T13:01:12Z,557,66,33,9086,0.74,,,normal,,2026-05-27T11:26:10Z
45394,5011,twitter,ext_twitter_00000854,Coverage gaps are delaying service assurance for several subscriber groups,2026-05-26T15:51:29Z,676,62,48,8802,0.422,,,normal,,2026-05-27T11:26:10Z
45395,4774,youtube,ext_youtube_00000855,Subscribers are asking about Student Mobile Plan through WellNest Family Plans; upgrade and activation demand is rising,2026-05-19T21:44:55Z,412,12,45,2482,0.907,,,normal,,2026-05-27T11:26:10Z
45396,4777,tiktok,ext_tiktok_00000856,Families keep asking for better Wi-Fi performance before evening streaming starts,2026-05-19T18:34:48Z,745,81,42,3622,0.135,,,normal,,2026-05-27T11:26:10Z
45397,4879,instagram,ext_instagram_00000857,Coverage update: Number Port-In Activation capacity at SignalBridge Mobile is getting tight after a spike in service orders,2026-04-30T06:32:17Z,574,95,20,6278,0.547,,,normal,,2026-05-27T11:26:10Z
45398,4665,threads,ext_threads_00000858,Enterprise care teams are coordinating SLA-impact cases across regional service teams today,2026-05-08T11:48:39Z,45,11,34,570,0.041,,,normal,,2026-05-27T11:26:10Z
45399,4655,threads,ext_threads_00000859,Outage follow-up: demand for Fleet Telematics SIM Pack is up and OrbitMotion IoT needs more field slots,2026-05-09T11:58:55Z,865,41,24,2167,0.379,,,normal,,2026-05-27T11:26:10Z
45400,4988,threads,ext_threads_00000860,"Two-week review of WaveFirst Mobile New Line Activation: strong subscriber response, but capacity planning matters",2026-05-07T00:01:06Z,532,95,28,1444,0.373,,,normal,,2026-05-27T11:26:10Z
45401,4861,twitter,ext_twitter_00000861,Outage follow-up is the top request in our subscriber forum this week,2026-05-20T23:13:13Z,137,54,37,13718,0.547,,,normal,,2026-05-27T11:26:10Z
45402,4985,tiktok,ext_tiktok_00000862,NOC huddle: prioritize OrbitMotion IoT IoT Sensor Gateway Kit installs before the weekend streaming surge,2026-05-27T06:00:51Z,10392,8215,7634,274542,0.844,,,viral,,2026-05-27T11:26:10Z
45403,4606,instagram,ext_instagram_00000863,Network monitoring alerts are helping the team catch congestion before call volume spikes,2026-05-26T22:06:09Z,5394,896,846,188521,0.035,,,rising,,2026-05-27T11:26:10Z
45404,4905,tiktok,ext_tiktok_00000864,"If your subscribers need New Line Activation, check WaveFirst Mobile availability early; appointment slots are moving fast",2026-05-27T08:42:38Z,451,73,0,4290,0.427,,,normal,,2026-05-27T11:26:10Z
45405,5042,threads,ext_threads_00000865,Device-support channels are seeing increased activation demand after a handset launch,2026-05-26T21:04:26Z,707,43,48,19933,0.034,,,normal,,2026-05-27T11:26:10Z
45406,4764,youtube,ext_youtube_00000866,Recommended ClearMind Customer Care Customer Retention Intake to an account manager today because churn risk is the issue,2026-05-20T01:04:52Z,8098,1829,160,37868,0.448,,,rising,,2026-05-27T11:26:10Z
45407,4992,youtube,ext_youtube_00000867,"Thought Fraud Resolution Case demand would level off, but ClearMind Customer Care is still seeing urgent requests",2026-05-17T00:06:30Z,854,57,29,17129,0.803,,,normal,,2026-05-27T11:26:10Z
45408,5031,twitter,ext_twitter_00000868,Morning capacity review featuring 5G Mobile Hotspot Kit. MetroSupply Devices needs pre-positioned technician capacity,2026-05-21T17:37:44Z,161,85,8,19349,0.601,,,normal,,2026-05-27T11:26:10Z
45409,4780,threads,ext_threads_00000869,Added 5G Business Consultation to the high-priority service assurance path. Thank you PulsePoint 5G for closing the gap,2026-05-27T06:06:38Z,9882,969,884,161281,0.593,,,rising,,2026-05-27T11:26:10Z
45410,4985,tiktok,ext_tiktok_00000870,Subscribers are asking for clearer instructions after fiber installation and faster follow-up windows,2026-05-14T17:44:00Z,699,10,33,19477,0.835,,,normal,,2026-05-27T11:26:10Z
45411,4678,twitter,ext_twitter_00000871,Outage follow-up is the top request in our subscriber forum this week,2026-05-24T06:54:51Z,605,6,47,3294,0.307,,,normal,,2026-05-27T11:26:10Z
45412,4642,tiktok,ext_tiktok_00000872,Coverage update: Device Upgrade Enrollment capacity at PulsePoint 5G is getting tight after a spike in service orders,2026-05-19T11:34:18Z,691,35,20,1434,0.303,,,normal,,2026-05-27T11:26:10Z
45413,4943,threads,ext_threads_00000873,Subscriber experience note - HomeConnect Fixed Wireless Smart Home Connectivity Assessment is the service everyone is trying to schedule right now,2026-05-05T22:50:59Z,710,24,45,5773,0.716,,,normal,,2026-05-27T11:26:10Z
45414,4765,threads,ext_threads_00000874,Coverage gaps are delaying service assurance for several subscriber groups,2026-05-20T22:29:33Z,23,22,30,18824,0.356,,,normal,,2026-05-27T11:26:10Z
45415,4557,tiktok,ext_tiktok_00000875,"Two-week review of ClearMind Customer Care Fraud Resolution Case: strong subscriber response, but capacity planning matters",2026-05-21T02:27:50Z,258750,57766,26726,8977114,0.675,,,mega_viral,,2026-05-27T11:26:10Z
45416,4793,threads,ext_threads_00000876,Families keep asking where to find Customer Retention Intake. ClearMind Customer Care is showing up in every upgrade thread,2026-05-26T23:53:19Z,5355,879,522,103487,0.252,,,rising,,2026-05-27T11:26:10Z
45417,4809,instagram,ext_instagram_00000877,Connected life teams need better outreach after recent storm-related service events,2026-05-12T11:09:51Z,523,25,40,9304,0.325,,,normal,,2026-05-27T11:26:10Z
45418,4984,instagram,ext_instagram_00000878,Billing and usage signals are surfacing new need for Connected Device Monitoring Onboarding from MetroSupply Devices,2026-05-24T15:30:37Z,255,93,33,12086,0.523,,,normal,,2026-05-27T11:26:10Z
45419,5042,threads,ext_threads_00000879,"If your subscribers need Small Business Fiber SLA, check FiberPath Broadband availability early; appointment slots are moving fast",2026-05-26T03:09:22Z,784,12,6,11504,0.443,,,normal,,2026-05-27T11:26:10Z
45420,4803,threads,ext_threads_00000880,Day 30 with the Customer Retention Intake workflow and the field team says ClearMind Customer Care reduced manual follow-up,2026-05-10T06:43:40Z,9328,828,820,137424,0.733,,,rising,,2026-05-27T11:26:10Z
45421,4559,youtube,ext_youtube_00000881,Recommended ClearMind Customer Care Fraud Resolution Case to an account manager today because churn risk is the issue,2026-05-08T02:13:53Z,3434,1968,299,187692,0.61,,,rising,,2026-05-27T11:26:10Z
45422,4605,threads,ext_threads_00000882,Small businesses need earlier visibility into field technician appointment availability,2026-05-19T14:34:17Z,19751,7551,3125,878933,0.021,,,viral,,2026-05-27T11:26:10Z
45423,4816,twitter,ext_twitter_00000883,Network monitoring alerts are helping the team catch congestion before call volume spikes,2026-05-19T19:28:19Z,65,6,21,9647,0.169,,,normal,,2026-05-27T11:26:10Z
45424,4796,twitter,ext_twitter_00000884,Coverage gaps are delaying service assurance for several subscriber groups,2026-05-27T10:21:27Z,8106,801,279,167971,0.856,,,rising,,2026-05-27T11:26:10Z
45425,4631,instagram,ext_instagram_00000885,Subscribers are asking about Family Data Share Plan through WellNest Family Plans; upgrade and activation demand is rising,2026-05-26T16:27:40Z,916,94,31,8664,0.81,,,normal,,2026-05-27T11:26:10Z
45426,4670,threads,ext_threads_00000886,Families keep asking for better Wi-Fi performance before evening streaming starts,2026-05-27T05:09:39Z,498,87,21,11605,-0.107,,,normal,,2026-05-27T11:26:10Z
45427,4855,tiktok,ext_tiktok_00000887,Connected life teams need better outreach after recent storm-related service events,2026-05-26T18:18:23Z,254,56,2,7627,0.229,,,normal,,2026-05-27T11:26:10Z
45428,4865,tiktok,ext_tiktok_00000888,Subscriber experience note - SignalBridge Mobile 5G Unlimited Mobile Plan is the service everyone is trying to schedule right now,2026-05-18T11:11:57Z,1817,329,920,175942,0.816,,,rising,,2026-05-27T11:26:10Z
45429,4726,instagram,ext_instagram_00000889,Outage follow-up: demand for Senior Connected Life Plan is up and SilverLine Connected Life needs more field slots,2026-05-22T08:36:50Z,3603,459,862,41230,0.858,,,rising,,2026-05-27T11:26:10Z
45430,4600,threads,ext_threads_00000890,Subscribers are asking for clearer instructions after fiber installation and faster follow-up windows,2026-05-23T21:31:42Z,813,19,28,11876,0.159,,,normal,,2026-05-27T11:26:10Z
45431,4951,twitter,ext_twitter_00000891,Families keep asking where to find Fraud Resolution Case. ClearMind Customer Care is showing up in every upgrade thread,2026-05-27T11:19:36Z,4587,1615,983,78284,0.646,,,rising,,2026-05-27T11:26:10Z
45432,4950,tiktok,ext_tiktok_00000892,NOC huddle: prioritize WaveFirst Mobile Churn Risk Save Offer installs before the weekend streaming surge,2026-05-10T02:59:53Z,1201,693,997,145511,0.856,,,rising,,2026-05-27T11:26:10Z
45433,4663,twitter,ext_twitter_00000893,Billing and usage signals are surfacing new need for Fleet Telematics SIM Pack from OrbitMotion IoT,2026-05-20T12:24:42Z,9773,948,681,151993,0.844,,,rising,,2026-05-27T11:26:10Z
45434,4750,threads,ext_threads_00000894,"If your subscribers need 5G Unlimited Mobile Plan, check SignalBridge Mobile availability early; appointment slots are moving fast",2026-05-11T18:34:05Z,713,77,9,6703,0.201,,,normal,,2026-05-27T11:26:10Z
45435,4664,youtube,ext_youtube_00000895,Device-support channels are seeing increased activation demand after a handset launch,2026-05-27T05:04:45Z,3875,1627,375,171155,0.622,,,rising,,2026-05-27T11:26:10Z
45436,4697,tiktok,ext_tiktok_00000896,Recommended MetroSupply Devices SIM Replacement Starter Kit to an account manager today because churn risk is the issue,2026-05-26T12:31:31Z,1051,400,613,62296,0.93,,,rising,,2026-05-27T11:26:10Z
45437,4670,threads,ext_threads_00000897,"Thought Senior Connected Life Plan demand would level off, but SilverLine Connected Life is still seeing urgent requests",2026-05-26T13:08:57Z,97,62,26,7032,0.92,,,normal,,2026-05-27T11:26:10Z
45438,5002,youtube,ext_youtube_00000898,Morning capacity review featuring 5G Mobile Hotspot Kit. MetroSupply Devices needs pre-positioned technician capacity,2026-05-08T04:02:09Z,394,55,40,17630,0.916,,,normal,,2026-05-27T11:26:10Z
45439,4752,tiktok,ext_tiktok_00000899,Added Fleet Telematics SIM Pack to the high-priority service assurance path. Thank you OrbitMotion IoT for closing the gap,2026-05-11T05:11:14Z,9718,266,718,183680,0.743,,,rising,,2026-05-27T11:26:10Z
45440,4698,twitter,ext_twitter_00000900,Subscribers are asking about IoT Sensor Gateway Kit through OrbitMotion IoT; upgrade and activation demand is rising,2026-05-05T14:08:31Z,486,8,9,825,0.854,,,normal,,2026-05-27T11:26:10Z
45441,4692,tiktok,ext_tiktok_00000901,Network operations is flagging Fraud Resolution Case from ClearMind Customer Care as a capacity bottleneck this week,2026-04-28T11:02:31Z,3698,328,712,52295,0.646,,,rising,,2026-05-27T11:26:10Z
45442,4716,instagram,ext_instagram_00000902,Small businesses need earlier visibility into field technician appointment availability,2026-05-22T03:15:11Z,499,24,43,1197,-0.187,,,normal,,2026-05-27T11:26:10Z
45443,4649,youtube,ext_youtube_00000903,Network monitoring alerts are helping the team catch congestion before call volume spikes,2026-05-16T07:19:57Z,10,73,15,14637,-0.221,,,normal,,2026-05-27T11:26:10Z
45444,4806,twitter,ext_twitter_00000904,Outage follow-up: demand for Fixed Wireless Home Internet is up and HomeConnect Fixed Wireless needs more field slots,2026-05-26T06:47:41Z,14275,4628,4583,296583,0.244,,,viral,,2026-05-27T11:26:10Z
45445,4842,youtube,ext_youtube_00000905,"Two-week review of PulsePoint 5G 5G Business Consultation: strong subscriber response, but capacity planning matters",2026-05-27T10:52:47Z,674,0,17,2868,0.42,,,normal,,2026-05-27T11:26:10Z
45446,4791,twitter,ext_twitter_00000906,Families keep asking where to find 5G Unlimited Mobile Plan. SignalBridge Mobile is showing up in every upgrade thread,2026-05-19T22:37:24Z,848,54,5,16459,0.769,,,normal,,2026-05-27T11:26:10Z
45447,4665,threads,ext_threads_00000907,NOC huddle: prioritize HomeConnect Fixed Wireless Fixed Wireless Home Internet installs before the weekend streaming surge,2026-05-25T23:45:39Z,9420,1148,977,58669,0.822,,,rising,,2026-05-27T11:26:10Z
45448,4621,instagram,ext_instagram_00000908,Billing and usage signals are surfacing new need for Smart Home Connectivity Assessment from HomeConnect Fixed Wireless,2026-05-12T19:43:07Z,93,44,40,16559,0.764,,,normal,,2026-05-27T11:26:10Z
45449,4587,tiktok,ext_tiktok_00000909,Roaming bill questions are creating new handoffs to billing and retention teams,2026-05-24T16:39:31Z,828,67,10,4108,-0.053,,,normal,,2026-05-27T11:26:10Z
45450,4878,threads,ext_threads_00000910,Day 30 with the 5G Unlimited Mobile Plan workflow and the field team says SignalBridge Mobile reduced manual follow-up,2026-04-27T15:02:54Z,231,12,27,7746,0.736,,,normal,,2026-05-27T11:26:10Z
45451,4643,twitter,ext_twitter_00000911,Recommended FiberPath Broadband Small Business Fiber SLA to an account manager today because churn risk is the issue,2026-05-23T17:03:44Z,653,72,19,16144,0.539,,,normal,,2026-05-27T11:26:10Z
45452,4650,threads,ext_threads_00000912,Small businesses need earlier visibility into field technician appointment availability,2026-05-13T04:04:16Z,590,72,19,9903,0.629,,,normal,,2026-05-27T11:26:10Z
45453,4556,instagram,ext_instagram_00000913,Morning capacity review featuring 5G Mobile Hotspot Kit. MetroSupply Devices needs pre-positioned technician capacity,2026-05-17T05:58:09Z,533,49,30,17304,0.579,,,normal,,2026-05-27T11:26:10Z
45454,5058,instagram,ext_instagram_00000914,Added Senior Connected Life Plan to the high-priority service assurance path. Thank you SilverLine Connected Life for closing the gap,2026-05-25T11:37:27Z,844,78,49,5038,0.445,,,normal,,2026-05-27T11:26:10Z
45455,4920,tiktok,ext_tiktok_00000915,Subscribers are asking about Family Data Share Plan through WellNest Family Plans; upgrade and activation demand is rising,2026-05-01T09:11:25Z,17802,9884,3427,241563,0.859,,,viral,,2026-05-27T11:26:10Z
45456,5013,threads,ext_threads_00000916,Network operations is flagging New Line Activation from WaveFirst Mobile as a capacity bottleneck this week,2026-05-27T08:12:44Z,985,26,25,11173,0.692,,,normal,,2026-05-27T11:26:10Z
45457,4948,threads,ext_threads_00000917,Coverage update: 5G Unlimited Mobile Plan capacity at SignalBridge Mobile is getting tight after a spike in service orders,2026-05-23T17:46:17Z,6931,854,691,107259,0.735,,,rising,,2026-05-27T11:26:10Z
45458,4855,tiktok,ext_tiktok_00000918,Subscriber experience note - SignalBridge Mobile Premium International Roaming Pass is the service everyone is trying to schedule right now,2026-05-12T13:47:47Z,390,40,10,6949,0.533,,,normal,,2026-05-27T11:26:10Z
45459,4930,tiktok,ext_tiktok_00000919,Roaming bill questions are creating new handoffs to billing and retention teams,2026-05-27T05:34:59Z,12206,11599,2099,407893,0.044,,,viral,,2026-05-27T11:26:10Z
45460,5017,youtube,ext_youtube_00000920,Subscribers are asking for clearer instructions after fiber installation and faster follow-up windows,2026-05-09T19:31:13Z,909,59,10,1288,-0.176,,,normal,,2026-05-27T11:26:10Z
45461,4707,tiktok,ext_tiktok_00000921,Families keep asking where to find Small Business Fiber SLA. FiberPath Broadband is showing up in every upgrade thread,2026-05-27T09:15:17Z,45816,3274,5352,914744,0.567,,,viral,,2026-05-27T11:26:10Z
45462,4813,threads,ext_threads_00000922,NOC huddle: prioritize FiberPath Broadband Small Business Fiber SLA installs before the weekend streaming surge,2026-05-24T16:21:36Z,785,6,27,12703,0.218,,,normal,,2026-05-27T11:26:10Z
45463,4761,instagram,ext_instagram_00000923,Billing and usage signals are surfacing new need for Home Wi-Fi Mesh Kit from PulsePoint 5G,2026-05-22T21:50:51Z,951,78,10,6877,0.85,,,normal,,2026-05-27T11:26:10Z
45464,4684,youtube,ext_youtube_00000924,"If your subscribers need Edge Compute Reservation, check EnterpriseEdge Services availability early; appointment slots are moving fast",2026-05-27T09:20:44Z,712,42,48,18639,0.293,,,normal,,2026-05-27T11:26:10Z
45465,4933,threads,ext_threads_00000925,Day 30 with the Senior Connected Life Plan workflow and the field team says SilverLine Connected Life reduced manual follow-up,2026-05-27T11:12:22Z,927,78,32,9878,0.243,,,normal,,2026-05-27T11:26:10Z
45466,4998,threads,ext_threads_00000926,Recommended RoamFlow Mobility Fiber Appointment Scheduling to an account manager today because churn risk is the issue,2026-05-05T08:49:46Z,9574,792,748,117823,0.504,,,rising,,2026-05-27T11:26:10Z
45467,4670,threads,ext_threads_00000927,Connected life teams need better outreach after recent storm-related service events,2026-05-07T16:19:05Z,781,15,24,18308,-0.183,,,normal,,2026-05-27T11:26:10Z
45468,4633,twitter,ext_twitter_00000928,Enterprise care teams are coordinating SLA-impact cases across regional service teams today,2026-05-19T06:59:45Z,25614,5793,6896,557230,-0.227,,,viral,,2026-05-27T11:26:10Z
45469,4632,tiktok,ext_tiktok_00000929,Added Fixed Wireless Home Internet to the high-priority service assurance path. Thank you HomeConnect Fixed Wireless for closing the gap,2026-05-27T01:20:11Z,3051,241,209,191578,0.291,,,rising,,2026-05-27T11:26:10Z
45470,4659,youtube,ext_youtube_00000930,Subscribers are asking about Small Business Fiber SLA through FiberPath Broadband; upgrade and activation demand is rising,2026-05-22T13:56:16Z,431,62,16,7093,0.486,,,normal,,2026-05-27T11:26:10Z
45471,4635,threads,ext_threads_00000931,Network operations is flagging Device Upgrade Enrollment from PulsePoint 5G as a capacity bottleneck this week,2026-05-11T15:21:15Z,5419,441,916,189889,0.653,,,rising,,2026-05-27T11:26:10Z
45472,5049,tiktok,ext_tiktok_00000932,Small businesses need earlier visibility into field technician appointment availability,2026-05-27T02:52:28Z,880,68,16,1692,0.291,,,normal,,2026-05-27T11:26:10Z
45473,4653,twitter,ext_twitter_00000933,Network monitoring alerts are helping the team catch congestion before call volume spikes,2026-05-25T10:44:55Z,6567,292,450,160337,-0.022,,,rising,,2026-05-27T11:26:10Z
45474,4935,tiktok,ext_tiktok_00000934,Outage follow-up: demand for Churn Risk Save Offer is up and WaveFirst Mobile needs more field slots,2026-05-16T10:32:38Z,959,18,6,4720,0.817,,,normal,,2026-05-27T11:26:10Z
45475,4626,instagram,ext_instagram_00000935,"Two-week review of FiberPath Broadband Small Business Fiber SLA: strong subscriber response, but capacity planning matters",2026-05-12T08:36:41Z,985,68,40,5739,0.352,,,normal,,2026-05-27T11:26:10Z
45476,4897,youtube,ext_youtube_00000936,Families keep asking where to find 5G Unlimited Mobile Plan. SignalBridge Mobile is showing up in every upgrade thread,2026-05-27T10:06:17Z,668,67,17,12690,0.758,,,normal,,2026-05-27T11:26:10Z
45477,4682,tiktok,ext_tiktok_00000937,Connected life teams need better outreach after recent storm-related service events,2026-05-18T05:10:53Z,15735,12938,3017,731810,0.424,,,viral,,2026-05-27T11:26:10Z
45478,4831,twitter,ext_twitter_00000938,Billing and usage signals are surfacing new need for Network Congestion Plan Review from WellNest Family Plans,2026-05-15T19:51:43Z,371,14,13,8133,0.661,,,normal,,2026-05-27T11:26:10Z
45479,4708,twitter,ext_twitter_00000939,Roaming bill questions are creating new handoffs to billing and retention teams,2026-05-10T20:43:46Z,84,12,15,15914,0.141,,,normal,,2026-05-27T11:26:10Z
45480,4643,twitter,ext_twitter_00000940,Day 30 with the Device Upgrade Enrollment workflow and the field team says PulsePoint 5G reduced manual follow-up,2026-05-09T07:47:43Z,7649,1769,736,140200,0.335,,,rising,,2026-05-27T11:26:10Z
45481,4846,twitter,ext_twitter_00000941,Recommended WellNest Family Plans Family Data Share Plan to an account manager today because churn risk is the issue,2026-05-13T17:31:13Z,11,36,43,10122,0.429,,,normal,,2026-05-27T11:26:10Z
45482,4647,tiktok,ext_tiktok_00000942,"Thought 5G Mobile Hotspot Kit demand would level off, but MetroSupply Devices is still seeing urgent requests",2026-05-13T23:09:59Z,3865,863,493,152176,0.8,,,rising,,2026-05-27T11:26:10Z
45483,4726,instagram,ext_instagram_00000943,Network monitoring alerts are helping the team catch congestion before call volume spikes,2026-05-25T21:59:27Z,7936,1670,184,184022,0.494,,,rising,,2026-05-27T11:26:10Z
45484,4977,youtube,ext_youtube_00000944,Added Fixed Wireless Home Internet to the high-priority service assurance path. Thank you HomeConnect Fixed Wireless for closing the gap,2026-05-20T13:46:42Z,1165,995,818,182619,0.336,,,rising,,2026-05-27T11:26:10Z
45485,5060,twitter,ext_twitter_00000945,Subscribers are asking about Enterprise Account Navigation through EnterpriseEdge Services; upgrade and activation demand is rising,2026-05-22T06:24:59Z,4532,1599,758,68151,0.573,,,rising,,2026-05-27T11:26:10Z
45486,4669,youtube,ext_youtube_00000946,Families keep asking for better Wi-Fi performance before evening streaming starts,2026-04-28T10:44:39Z,446,34,26,6534,0.853,,,normal,,2026-05-27T11:26:10Z
45487,5059,tiktok,ext_tiktok_00000947,Coverage update: Outage Follow-Up Call capacity at ClearMind Customer Care is getting tight after a spike in service orders,2026-05-26T07:43:07Z,38909,4549,7331,668226,0.887,,,viral,,2026-05-27T11:26:10Z
45488,4830,tiktok,ext_tiktok_00000948,Subscriber experience note - SignalBridge Mobile 5G Unlimited Mobile Plan is the service everyone is trying to schedule right now,2026-05-26T14:38:44Z,4447,1062,243,25121,0.751,,,rising,,2026-05-27T11:26:10Z
45489,5020,tiktok,ext_tiktok_00000949,Outage follow-up: demand for Field Technician Evaluation is up and OrbitMotion IoT needs more field slots,2026-05-01T00:00:15Z,6427,455,479,105543,0.707,,,rising,,2026-05-27T11:26:10Z
45490,4668,twitter,ext_twitter_00000950,"Two-week review of SignalBridge Mobile 5G Unlimited Mobile Plan: strong subscriber response, but capacity planning matters",2026-05-27T11:01:46Z,508,70,21,5775,0.304,,,normal,,2026-05-27T11:26:10Z
45491,4657,tiktok,ext_tiktok_00000951,Families keep asking where to find Home Wi-Fi Mesh Kit. PulsePoint 5G is showing up in every upgrade thread,2026-05-25T23:19:35Z,2348,1951,777,86185,0.647,,,rising,,2026-05-27T11:26:10Z
45492,4599,youtube,ext_youtube_00000952,NOC huddle: prioritize PulsePoint 5G Home Wi-Fi Mesh Kit installs before the weekend streaming surge,2026-05-19T18:00:38Z,813,38,37,7018,0.885,,,normal,,2026-05-27T11:26:10Z
45493,4631,instagram,ext_instagram_00000953,Billing and usage signals are surfacing new need for Fleet Telematics SIM Pack from OrbitMotion IoT,2026-05-20T09:20:21Z,6436,1868,318,138103,0.748,,,rising,,2026-05-27T11:26:10Z
45494,4584,youtube,ext_youtube_00000954,"If your subscribers need Fiber Repair Appointment, check FiberPath Broadband availability early; appointment slots are moving fast",2026-05-13T05:13:53Z,822,7,26,8785,0.431,,,normal,,2026-05-27T11:26:10Z
45495,4717,tiktok,ext_tiktok_00000955,Day 30 with the 5G Business Consultation workflow and the field team says PulsePoint 5G reduced manual follow-up,2026-05-10T01:05:34Z,64,62,10,18521,0.291,,,normal,,2026-05-27T11:26:10Z
45496,4995,tiktok,ext_tiktok_00000956,Recommended PulsePoint 5G Home Wi-Fi Mesh Kit to an account manager today because churn risk is the issue,2026-05-23T16:37:01Z,849,87,13,11417,0.31,,,normal,,2026-05-27T11:26:10Z
45497,4745,threads,ext_threads_00000957,"Thought Field Technician Evaluation demand would level off, but OrbitMotion IoT is still seeing urgent requests",2026-05-27T11:00:46Z,295,76,49,16572,0.485,,,normal,,2026-05-27T11:26:10Z
45498,4831,twitter,ext_twitter_00000958,Morning capacity review featuring Churn Risk Save Offer. WaveFirst Mobile needs pre-positioned technician capacity,2026-05-19T08:43:46Z,34131,5363,3169,922599,0.449,,,viral,,2026-05-27T11:26:10Z
45499,4814,instagram,ext_instagram_00000959,Roaming bill questions are creating new handoffs to billing and retention teams,2026-05-16T00:06:06Z,7654,1545,311,198052,0.76,,,rising,,2026-05-27T11:26:10Z
45500,4590,threads,ext_threads_00000960,Subscribers are asking about LTE Backup Gateway through HomeConnect Fixed Wireless; upgrade and activation demand is rising,2026-05-18T14:54:48Z,5177,980,864,97466,0.269,,,rising,,2026-05-27T11:26:10Z
45501,4564,youtube,ext_youtube_00000961,Network operations is flagging Student Mobile Plan from WellNest Family Plans as a capacity bottleneck this week,2026-05-03T07:58:12Z,374,52,16,19545,0.276,,,normal,,2026-05-27T11:26:10Z
45502,4699,youtube,ext_youtube_00000962,Small businesses need earlier visibility into field technician appointment availability,2026-05-05T01:36:50Z,307,30,49,16783,0.319,,,normal,,2026-05-27T11:26:10Z
45503,4664,youtube,ext_youtube_00000963,Subscriber experience note - FiberPath Broadband Small Business Fiber SLA is the service everyone is trying to schedule right now,2026-05-26T16:00:58Z,220,23,5,1239,0.872,,,normal,,2026-05-27T11:26:10Z
45504,4670,threads,ext_threads_00000964,Outage follow-up: demand for Gigabit Fiber Install is up and FiberPath Broadband needs more field slots,2026-05-07T02:50:07Z,961,82,7,18267,0.644,,,normal,,2026-05-27T11:26:10Z
45505,4905,tiktok,ext_tiktok_00000965,"Two-week review of PulsePoint 5G Device Upgrade Enrollment: strong subscriber response, but capacity planning matters",2026-05-26T01:35:01Z,753,32,14,2487,0.768,,,normal,,2026-05-27T11:26:10Z
45506,4832,youtube,ext_youtube_00000966,Families keep asking where to find Enterprise Account Navigation. EnterpriseEdge Services is showing up in every upgrade thread,2026-05-25T19:34:55Z,861,47,41,16468,0.83,,,normal,,2026-05-27T11:26:10Z
45507,4625,threads,ext_threads_00000967,NOC huddle: prioritize WellNest Family Plans Network Congestion Plan Review installs before the weekend streaming surge,2026-05-19T17:06:03Z,247,26,5,7363,0.362,,,normal,,2026-05-27T11:26:10Z
45508,4599,youtube,ext_youtube_00000968,Billing and usage signals are surfacing new need for 5G Unlimited Mobile Plan from SignalBridge Mobile,2026-05-25T02:39:20Z,952,93,3,1241,0.675,,,normal,,2026-05-27T11:26:10Z
45509,4848,threads,ext_threads_00000969,"If your subscribers need Home Wi-Fi Mesh Kit, check PulsePoint 5G availability early; appointment slots are moving fast",2026-05-16T06:34:23Z,146,16,47,18724,0.234,,,normal,,2026-05-27T11:26:10Z
45510,4576,instagram,ext_instagram_00000970,Day 30 with the Enterprise Account Navigation workflow and the field team says EnterpriseEdge Services reduced manual follow-up,2026-05-24T07:37:14Z,4458,1847,483,119770,0.253,,,rising,,2026-05-27T11:26:10Z
45511,4779,youtube,ext_youtube_00000971,Recommended RoamFlow Mobility Roaming Cost Coaching to an account manager today because churn risk is the issue,2026-05-24T21:34:59Z,620,23,3,18245,0.344,,,normal,,2026-05-27T11:26:10Z
45512,4551,instagram,ext_instagram_00000972,"Thought Smart Home Connectivity Assessment demand would level off, but HomeConnect Fixed Wireless is still seeing urgent requests",2026-05-01T21:59:55Z,18075,9497,5200,524716,0.235,,,viral,,2026-05-27T11:26:10Z
45513,4792,youtube,ext_youtube_00000973,Network monitoring alerts are helping the team catch congestion before call volume spikes,2026-05-26T08:46:49Z,244,83,19,11004,-0.01,,,normal,,2026-05-27T11:26:10Z
45514,4820,tiktok,ext_tiktok_00000974,Coverage gaps are delaying service assurance for several subscriber groups,2026-05-24T18:20:27Z,948,60,33,6443,-0.008,,,normal,,2026-05-27T11:26:10Z
45515,4666,instagram,ext_instagram_00000975,Subscribers are asking about New Line Activation through WaveFirst Mobile; upgrade and activation demand is rising,2026-05-26T20:49:15Z,39,81,9,8919,0.705,,,normal,,2026-05-27T11:26:10Z
45516,4898,threads,ext_threads_00000976,Network operations is flagging Fiber Repair Appointment from FiberPath Broadband as a capacity bottleneck this week,2026-05-07T07:58:43Z,9844,1120,993,58926,0.345,,,rising,,2026-05-27T11:26:10Z
45517,4603,twitter,ext_twitter_00000977,Coverage update: Roaming Cost Coaching capacity at RoamFlow Mobility is getting tight after a spike in service orders,2026-05-21T22:24:00Z,809,51,39,9257,0.32,,,normal,,2026-05-27T11:26:10Z
45518,4904,instagram,ext_instagram_00000978,Subscriber experience note - MetroSupply Devices SIM Replacement Starter Kit is the service everyone is trying to schedule right now,2026-05-27T08:06:50Z,87,20,21,5437,0.929,,,normal,,2026-05-27T11:26:10Z
45519,5026,twitter,ext_twitter_00000979,Outage follow-up: demand for Fiber Repair Appointment is up and FiberPath Broadband needs more field slots,2026-05-06T20:06:52Z,1630,1641,651,93347,0.227,,,rising,,2026-05-27T11:26:10Z
45520,4664,youtube,ext_youtube_00000980,"Two-week review of PulsePoint 5G Device Upgrade Enrollment: strong subscriber response, but capacity planning matters",2026-05-16T07:52:37Z,999,11,26,17718,0.386,,,normal,,2026-05-27T11:26:10Z
45521,4720,threads,ext_threads_00000981,Families keep asking where to find New Line Activation. WaveFirst Mobile is showing up in every upgrade thread,2026-04-29T18:47:23Z,646,8,29,17874,0.258,,,normal,,2026-05-27T11:26:10Z
45522,4754,youtube,ext_youtube_00000982,NOC huddle: prioritize WellNest Family Plans Family Data Share Plan installs before the weekend streaming surge,2026-05-26T22:08:45Z,29863,9421,3262,614792,0.243,,,viral,,2026-05-27T11:26:10Z
45523,4728,twitter,ext_twitter_00000983,Billing and usage signals are surfacing new need for Family Data Share Plan from WellNest Family Plans,2026-05-22T14:30:38Z,525,10,38,10286,0.288,,,normal,,2026-05-27T11:26:10Z
45524,4897,youtube,ext_youtube_00000984,"If your subscribers need Small Business Fiber SLA, check FiberPath Broadband availability early; appointment slots are moving fast",2026-05-26T12:20:30Z,576,19,16,16237,0.39,,,normal,,2026-05-27T11:26:10Z
45525,4698,twitter,ext_twitter_00000985,Day 30 with the Fixed Wireless Home Internet workflow and the field team says HomeConnect Fixed Wireless reduced manual follow-up,2026-05-27T11:23:13Z,36707,14978,6384,784038,0.346,,,viral,,2026-05-27T11:26:10Z
45526,4991,twitter,ext_twitter_00000986,Recommended MetroSupply Devices SIM Replacement Starter Kit to an account manager today because churn risk is the issue,2026-05-21T10:01:30Z,34733,8105,7103,938668,0.53,,,viral,,2026-05-27T11:26:10Z
45527,4570,threads,ext_threads_00000987,Connected life teams need better outreach after recent storm-related service events,2026-05-27T00:18:00Z,675,92,44,10088,0.201,,,normal,,2026-05-27T11:26:10Z
45528,4684,youtube,ext_youtube_00000988,Morning capacity review featuring New Line Activation. WaveFirst Mobile needs pre-positioned technician capacity,2026-05-25T17:38:02Z,147,95,29,16316,0.329,,,normal,,2026-05-27T11:26:10Z
45529,4791,twitter,ext_twitter_00000989,Added Family Connectivity Support Session to the high-priority service assurance path. Thank you SilverLine Connected Life for closing the gap,2026-05-22T09:01:01Z,101,90,45,9002,0.694,,,normal,,2026-05-27T11:26:10Z
45530,4860,tiktok,ext_tiktok_00000990,Subscribers are asking about Student Mobile Plan through WellNest Family Plans; upgrade and activation demand is rising,2026-05-16T22:54:31Z,8254,1890,789,118621,0.304,,,rising,,2026-05-27T11:26:10Z
45531,5023,threads,ext_threads_00000991,Network operations is flagging Connected Device Monitoring Onboarding from MetroSupply Devices as a capacity bottleneck this week,2026-05-23T04:20:00Z,6247,544,979,46138,0.671,,,rising,,2026-05-27T11:26:10Z
45532,4989,instagram,ext_instagram_00000992,Coverage update: Fixed Wireless Home Internet capacity at HomeConnect Fixed Wireless is getting tight after a spike in service orders,2026-05-26T22:54:35Z,341,93,3,14212,0.354,,,normal,,2026-05-27T11:26:10Z
45533,4812,youtube,ext_youtube_00000993,Network monitoring alerts are helping the team catch congestion before call volume spikes,2026-05-10T10:23:00Z,12065,2234,3261,910172,0.55,,,viral,,2026-05-27T11:26:10Z
45534,4967,youtube,ext_youtube_00000994,Outage follow-up: demand for Small Business Fiber SLA is up and FiberPath Broadband needs more field slots,2026-05-23T02:04:23Z,9348,1112,566,20805,0.33,,,rising,,2026-05-27T11:26:10Z
45535,4703,twitter,ext_twitter_00000995,Device-support channels are seeing increased activation demand after a handset launch,2026-05-19T03:57:58Z,846,17,0,7278,0.501,,,normal,,2026-05-27T11:26:10Z
45536,4615,threads,ext_threads_00000996,Families keep asking where to find Small Business Fiber SLA. FiberPath Broadband is showing up in every upgrade thread,2026-05-07T20:58:58Z,8188,1747,316,59712,0.86,,,rising,,2026-05-27T11:26:10Z
45537,4661,instagram,ext_instagram_00000997,NOC huddle: prioritize OrbitMotion IoT Field Technician Evaluation installs before the weekend streaming surge,2026-05-21T12:22:07Z,105,12,3,18506,0.693,,,normal,,2026-05-27T11:26:10Z
45538,4793,threads,ext_threads_00000998,Enterprise care teams are coordinating SLA-impact cases across regional service teams today,2026-05-25T03:49:07Z,12,57,4,855,0.818,,,normal,,2026-05-27T11:26:10Z
45539,4647,tiktok,ext_tiktok_00000999,Roaming bill questions are creating new handoffs to billing and retention teams,2026-05-21T16:13:44Z,43320,8116,5610,457249,-0.154,,,viral,,2026-05-27T11:26:10Z
45540,4744,youtube,ext_youtube_00001000,Day 30 with the Home Wi-Fi Mesh Kit workflow and the field team says PulsePoint 5G reduced manual follow-up,2026-05-26T23:10:44Z,440,48,37,13556,0.363,,,normal,,2026-05-27T11:26:10Z
45541,4589,youtube,ext_youtube_00001001,Outage follow-up is the top request in our subscriber forum this week,2026-05-15T08:45:55Z,536,92,45,4294,0.485,,,normal,,2026-05-27T11:26:10Z
45542,4702,tiktok,ext_tiktok_00001002,Small businesses need earlier visibility into field technician appointment availability,2026-05-15T15:44:02Z,3928,1759,339,184318,0.014,,,rising,,2026-05-27T11:26:10Z
45543,4770,threads,ext_threads_00001003,Network monitoring alerts are helping the team catch congestion before call volume spikes,2026-05-26T21:55:13Z,239,28,15,6626,0.664,,,normal,,2026-05-27T11:26:10Z
45544,4913,threads,ext_threads_00001004,Added Roaming Cost Coaching to the high-priority service assurance path. Thank you RoamFlow Mobility for closing the gap,2026-05-20T18:17:07Z,33035,10225,1183,708905,0.397,,,viral,,2026-05-27T11:26:10Z
45545,4772,tiktok,ext_tiktok_00001005,Device-support channels are seeing increased activation demand after a handset launch,2026-05-21T20:41:29Z,12733,4309,1942,459697,0.586,,,viral,,2026-05-27T11:26:10Z
45546,4697,tiktok,ext_tiktok_00001006,Network operations is flagging New Line Activation from WaveFirst Mobile as a capacity bottleneck this week,2026-05-25T21:43:38Z,3508,1886,482,78512,0.426,,,rising,,2026-05-27T11:26:10Z
45547,4645,threads,ext_threads_00001007,Connected life teams need better outreach after recent storm-related service events,2026-05-05T10:25:25Z,8067,1627,166,146798,0.147,,,rising,,2026-05-27T11:26:10Z
45548,4651,instagram,ext_instagram_00001008,Subscriber experience note - PulsePoint 5G Home Wi-Fi Mesh Kit is the service everyone is trying to schedule right now,2026-05-18T12:13:15Z,9570,1438,159,87874,0.322,,,rising,,2026-05-27T11:26:10Z
45549,4560,threads,ext_threads_00001009,Roaming bill questions are creating new handoffs to billing and retention teams,2026-05-26T11:13:04Z,760,37,28,1727,-0.058,,,normal,,2026-05-27T11:26:10Z
45550,4574,youtube,ext_youtube_00001010,"Two-week review of ClearMind Customer Care Outage Follow-Up Call: strong subscriber response, but capacity planning matters",2026-05-27T11:26:08Z,2151,238,431,128233,0.287,,,rising,,2026-05-27T11:26:10Z
45551,4935,tiktok,ext_tiktok_00001011,Families keep asking where to find Edge Compute Reservation. EnterpriseEdge Services is showing up in every upgrade thread,2026-05-09T08:59:32Z,838,32,1,18364,0.326,,,normal,,2026-05-27T11:26:10Z
45552,4814,instagram,ext_instagram_00001012,NOC huddle: prioritize PulsePoint 5G 5G Business Consultation installs before the weekend streaming surge,2026-05-27T09:02:45Z,808,87,31,14062,0.887,,,normal,,2026-05-27T11:26:10Z
45553,4690,threads,ext_threads_00001013,Billing and usage signals are surfacing new need for New Line Activation from WaveFirst Mobile,2026-04-29T20:28:28Z,421,84,5,9321,0.872,,,normal,,2026-05-27T11:26:10Z
45554,4942,youtube,ext_youtube_00001014,"If your subscribers need Churn Risk Save Offer, check WaveFirst Mobile availability early; appointment slots are moving fast",2026-05-27T03:49:55Z,617,22,2,2592,0.224,,,normal,,2026-05-27T11:26:10Z
45555,4744,youtube,ext_youtube_00001015,Day 30 with the Network Congestion Plan Review workflow and the field team says WellNest Family Plans reduced manual follow-up,2026-05-11T21:02:07Z,25,73,30,13850,0.835,,,normal,,2026-05-27T11:26:10Z
45556,4568,twitter,ext_twitter_00001016,Recommended EnterpriseEdge Services Enterprise Account Navigation to an account manager today because churn risk is the issue,2026-05-20T04:52:53Z,303,76,33,8708,0.581,,,normal,,2026-05-27T11:26:10Z
45557,4892,youtube,ext_youtube_00001017,"Thought Roaming Cost Coaching demand would level off, but RoamFlow Mobility is still seeing urgent requests",2026-05-26T06:49:36Z,7135,1784,130,58464,0.705,,,rising,,2026-05-27T11:26:10Z
45558,4749,youtube,ext_youtube_00001018,Morning capacity review featuring Gigabit Fiber Install. FiberPath Broadband needs pre-positioned technician capacity,2026-05-22T17:38:11Z,834,45,12,17146,0.581,,,normal,,2026-05-27T11:26:10Z
45559,4743,twitter,ext_twitter_00001019,Added New Line Activation to the high-priority service assurance path. Thank you WaveFirst Mobile for closing the gap,2026-05-24T12:00:27Z,2575,964,130,45704,0.607,,,rising,,2026-05-27T11:26:10Z
45560,4804,instagram,ext_instagram_00001020,Subscribers are asking for clearer instructions after fiber installation and faster follow-up windows,2026-05-25T00:54:41Z,6559,1400,646,88995,-0.186,,,rising,,2026-05-27T11:26:10Z
45561,4846,twitter,ext_twitter_00001021,Network operations is flagging 5G Unlimited Mobile Plan from SignalBridge Mobile as a capacity bottleneck this week,2026-05-07T02:14:08Z,2581,233,658,181522,0.786,,,rising,,2026-05-27T11:26:10Z
45562,4969,instagram,ext_instagram_00001022,Coverage update: 5G Unlimited Mobile Plan capacity at SignalBridge Mobile is getting tight after a spike in service orders,2026-05-16T13:53:23Z,4631,1749,729,99744,0.766,,,rising,,2026-05-27T11:26:10Z
45563,4893,threads,ext_threads_00001023,Network monitoring alerts are helping the team catch congestion before call volume spikes,2026-05-12T15:02:11Z,432,13,27,2497,0.657,,,normal,,2026-05-27T11:26:10Z
45564,4997,youtube,ext_youtube_00001024,Outage follow-up: demand for LTE Backup Gateway is up and HomeConnect Fixed Wireless needs more field slots,2026-05-25T16:02:33Z,39136,10574,2294,230944,0.543,,,viral,,2026-05-27T11:26:10Z
45565,4904,instagram,ext_instagram_00001025,"Two-week review of SilverLine Connected Life Family Connectivity Support Session: strong subscriber response, but capacity planning matters",2026-05-22T12:47:02Z,948,47,18,13786,0.678,,,normal,,2026-05-27T11:26:10Z
45566,4624,youtube,ext_youtube_00001026,Families keep asking where to find 5G Mobile Hotspot Kit. MetroSupply Devices is showing up in every upgrade thread,2026-05-24T13:34:15Z,368,23,40,18415,0.46,,,normal,,2026-05-27T11:26:10Z
45567,4916,twitter,ext_twitter_00001027,NOC huddle: prioritize ClearMind Customer Care Outage Follow-Up Call installs before the weekend streaming surge,2026-05-14T20:20:35Z,3499,590,764,186980,0.719,,,rising,,2026-05-27T11:26:10Z
45568,4908,threads,ext_threads_00001028,Enterprise care teams are coordinating SLA-impact cases across regional service teams today,2026-05-27T05:43:07Z,378,90,36,7442,0.388,,,normal,,2026-05-27T11:26:10Z
45569,4860,tiktok,ext_tiktok_00001029,"If your subscribers need Roaming Cost Coaching, check RoamFlow Mobility availability early; appointment slots are moving fast",2026-05-27T07:01:27Z,983,42,35,6970,0.458,,,normal,,2026-05-27T11:26:10Z
45570,4947,youtube,ext_youtube_00001030,Day 30 with the Outage Follow-Up Call workflow and the field team says ClearMind Customer Care reduced manual follow-up,2026-04-27T17:04:08Z,140,4,11,17391,0.459,,,normal,,2026-05-27T11:26:10Z
45571,4779,youtube,ext_youtube_00001031,Recommended HomeConnect Fixed Wireless Smart Home Connectivity Assessment to an account manager today because churn risk is the issue,2026-05-06T03:12:56Z,171,72,27,1189,0.508,,,normal,,2026-05-27T11:26:10Z
45572,4904,instagram,ext_instagram_00001032,"Thought Student Mobile Plan demand would level off, but WellNest Family Plans is still seeing urgent requests",2026-05-11T23:49:34Z,145,79,1,9194,0.36,,,normal,,2026-05-27T11:26:10Z
45573,4721,instagram,ext_instagram_00001033,Network monitoring alerts are helping the team catch congestion before call volume spikes,2026-05-11T13:41:50Z,791,54,12,14407,0.103,,,normal,,2026-05-27T11:26:10Z
45574,4916,twitter,ext_twitter_00001034,Added 5G Business Consultation to the high-priority service assurance path. Thank you PulsePoint 5G for closing the gap,2026-04-29T03:38:21Z,531,69,4,14830,0.641,,,normal,,2026-05-27T11:26:10Z
45575,4770,threads,ext_threads_00001035,Subscribers are asking about Number Port-In Activation through SignalBridge Mobile; upgrade and activation demand is rising,2026-05-20T19:46:43Z,490,55,6,7420,0.852,,,normal,,2026-05-27T11:26:10Z
45576,4952,youtube,ext_youtube_00001036,Network operations is flagging Customer Retention Intake from ClearMind Customer Care as a capacity bottleneck this week,2026-05-17T02:26:23Z,588,50,44,18142,0.919,,,normal,,2026-05-27T11:26:10Z
45577,4665,threads,ext_threads_00001037,Coverage update: New Line Activation capacity at WaveFirst Mobile is getting tight after a spike in service orders,2026-05-23T21:18:34Z,655,55,5,5074,0.414,,,normal,,2026-05-27T11:26:10Z
45578,4961,twitter,ext_twitter_00001038,Enterprise care teams are coordinating SLA-impact cases across regional service teams today,2026-05-19T09:04:34Z,346,62,33,12427,-0.236,,,normal,,2026-05-27T11:26:10Z
45579,4879,instagram,ext_instagram_00001039,Outage follow-up: demand for Fleet Telematics SIM Pack is up and OrbitMotion IoT needs more field slots,2026-05-04T14:31:34Z,3969,1708,530,72680,0.276,,,rising,,2026-05-27T11:26:10Z
45580,4665,threads,ext_threads_00001040,"Two-week review of HomeConnect Fixed Wireless Fixed Wireless Home Internet: strong subscriber response, but capacity planning matters",2026-05-18T06:59:26Z,853,71,14,9428,0.598,,,normal,,2026-05-27T11:26:10Z
45581,4906,twitter,ext_twitter_00001041,Families keep asking where to find Fraud Resolution Case. ClearMind Customer Care is showing up in every upgrade thread,2026-05-22T01:28:13Z,44138,2969,1913,542995,0.794,,,viral,,2026-05-27T11:26:10Z
45582,4891,twitter,ext_twitter_00001042,Small businesses need earlier visibility into field technician appointment availability,2026-05-03T17:04:55Z,925,78,7,6659,-0.275,,,normal,,2026-05-27T11:26:10Z
45583,4981,twitter,ext_twitter_00001043,Billing and usage signals are surfacing new need for Churn Risk Save Offer from WaveFirst Mobile,2026-05-13T03:59:18Z,469,36,11,12291,0.275,,,normal,,2026-05-27T11:26:10Z
45584,4909,instagram,ext_instagram_00001044,Coverage gaps are delaying service assurance for several subscriber groups,2026-05-02T09:12:57Z,20539,9841,3489,750657,0.034,,,viral,,2026-05-27T11:26:10Z
45585,4693,twitter,ext_twitter_00001045,Day 30 with the SIM Replacement Starter Kit workflow and the field team says MetroSupply Devices reduced manual follow-up,2026-05-22T19:31:48Z,5796,521,216,89879,0.236,,,rising,,2026-05-27T11:26:10Z
45586,4729,youtube,ext_youtube_00001046,Recommended PulsePoint 5G Device Upgrade Enrollment to an account manager today because churn risk is the issue,2026-05-11T12:49:20Z,416684,58637,8478,18089339,0.432,,,mega_viral,,2026-05-27T11:26:10Z
45587,4779,youtube,ext_youtube_00001047,"Thought New Line Activation demand would level off, but WaveFirst Mobile is still seeing urgent requests",2026-04-30T10:38:02Z,139,39,6,18703,0.351,,,normal,,2026-05-27T11:26:10Z
45588,5018,threads,ext_threads_00001048,Morning capacity review featuring 5G Business Consultation. PulsePoint 5G needs pre-positioned technician capacity,2026-05-25T01:10:49Z,233,77,14,2381,0.372,,,normal,,2026-05-27T11:26:10Z
45589,4735,threads,ext_threads_00001049,Added Family Connectivity Support Session to the high-priority service assurance path. Thank you SilverLine Connected Life for closing the gap,2026-05-27T05:08:06Z,264,3,0,5593,0.833,,,normal,,2026-05-27T11:26:10Z
45590,4778,twitter,ext_twitter_00001050,Subscribers are asking about Edge Compute Reservation through EnterpriseEdge Services; upgrade and activation demand is rising,2026-05-20T02:20:56Z,693,44,35,13583,0.692,,,normal,,2026-05-27T11:26:10Z
45591,4572,tiktok,ext_tiktok_00001051,Network operations is flagging Fiber Repair Appointment from FiberPath Broadband as a capacity bottleneck this week,2026-05-24T20:46:17Z,429,14,28,17125,0.918,,,normal,,2026-05-27T11:26:10Z
45592,4687,tiktok,ext_tiktok_00001052,Coverage update: Number Port-In Activation capacity at SignalBridge Mobile is getting tight after a spike in service orders,2026-05-04T22:56:49Z,161,46,36,6113,0.457,,,normal,,2026-05-27T11:26:10Z
45593,4768,twitter,ext_twitter_00001053,Subscriber experience note - EnterpriseEdge Services Edge Compute Reservation is the service everyone is trying to schedule right now,2026-05-21T18:21:31Z,973,14,30,12304,0.229,,,normal,,2026-05-27T11:26:10Z
45594,4727,tiktok,ext_tiktok_00001054,Outage follow-up: demand for Field Technician Evaluation is up and OrbitMotion IoT needs more field slots,2026-05-10T19:36:54Z,212,21,2,6858,0.604,,,normal,,2026-05-27T11:26:10Z
45595,4884,instagram,ext_instagram_00001055,Device-support channels are seeing increased activation demand after a handset launch,2026-05-25T11:50:16Z,896,57,33,5012,0.73,,,normal,,2026-05-27T11:26:10Z
45596,4876,twitter,ext_twitter_00001056,Families keep asking where to find Connected Device Monitoring Onboarding. MetroSupply Devices is showing up in every upgrade thread,2026-04-30T19:11:01Z,8063,1425,358,137826,0.326,,,rising,,2026-05-27T11:26:10Z
45597,4792,youtube,ext_youtube_00001057,NOC huddle: prioritize MetroSupply Devices Connected Device Monitoring Onboarding installs before the weekend streaming surge,2026-05-01T22:35:19Z,374,67,12,16393,0.95,,,normal,,2026-05-27T11:26:10Z
45598,4914,instagram,ext_instagram_00001058,Billing and usage signals are surfacing new need for Smart Home Connectivity Assessment from HomeConnect Fixed Wireless,2026-05-25T19:32:41Z,224,60,12,4047,0.558,,,normal,,2026-05-27T11:26:10Z
45599,4946,twitter,ext_twitter_00001059,"If your subscribers need Number Port-In Activation, check SignalBridge Mobile availability early; appointment slots are moving fast",2026-05-18T00:22:24Z,514,0,23,3290,0.865,,,normal,,2026-05-27T11:26:10Z
45600,4717,tiktok,ext_tiktok_00001060,Subscribers are asking for clearer instructions after fiber installation and faster follow-up windows,2026-05-27T07:33:56Z,383,16,3,11486,-0.044,,,normal,,2026-05-27T11:26:10Z
45601,4584,youtube,ext_youtube_00001061,Recommended SilverLine Connected Life Family Connectivity Support Session to an account manager today because churn risk is the issue,2026-05-26T11:20:32Z,13125,4326,3608,998164,0.291,,,viral,,2026-05-27T11:26:10Z
45602,4778,twitter,ext_twitter_00001062,"Thought 5G Mobile Hotspot Kit demand would level off, but MetroSupply Devices is still seeing urgent requests",2026-05-23T22:28:24Z,700,94,22,17180,0.523,,,normal,,2026-05-27T11:26:10Z
45603,4586,instagram,ext_instagram_00001063,Morning capacity review featuring LTE Backup Gateway. HomeConnect Fixed Wireless needs pre-positioned technician capacity,2026-05-19T05:09:50Z,3714,1177,635,62781,0.866,,,rising,,2026-05-27T11:26:10Z
45604,4916,twitter,ext_twitter_00001064,Added Home Wi-Fi Mesh Kit to the high-priority service assurance path. Thank you PulsePoint 5G for closing the gap,2026-05-21T13:13:57Z,663,34,16,19080,0.812,,,normal,,2026-05-27T11:26:10Z
45605,4806,twitter,ext_twitter_00001065,Device-support channels are seeing increased activation demand after a handset launch,2026-05-27T04:38:49Z,616,84,34,7827,0.449,,,normal,,2026-05-27T11:26:10Z
45606,4889,instagram,ext_instagram_00001066,Network operations is flagging Smart Home Connectivity Assessment from HomeConnect Fixed Wireless as a capacity bottleneck this week,2026-05-25T05:04:18Z,20496,9659,4077,679063,0.38,,,viral,,2026-05-27T11:26:10Z
45607,4908,threads,ext_threads_00001067,Coverage update: Fleet Telematics SIM Pack capacity at OrbitMotion IoT is getting tight after a spike in service orders,2026-05-25T21:42:28Z,12,27,40,15693,0.313,,,normal,,2026-05-27T11:26:10Z
45608,4792,youtube,ext_youtube_00001068,Enterprise care teams are coordinating SLA-impact cases across regional service teams today,2026-05-05T07:20:39Z,882,70,16,17014,0.243,,,normal,,2026-05-27T11:26:10Z
45609,4703,twitter,ext_twitter_00001069,Outage follow-up: demand for Fraud Resolution Case is up and ClearMind Customer Care needs more field slots,2026-05-21T01:14:20Z,904,56,9,14467,0.495,,,normal,,2026-05-27T11:26:10Z
45610,4926,twitter,ext_twitter_00001070,"Two-week review of PulsePoint 5G Home Wi-Fi Mesh Kit: strong subscriber response, but capacity planning matters",2026-05-18T13:02:54Z,813,96,14,9692,0.274,,,normal,,2026-05-27T11:26:10Z
45611,4873,threads,ext_threads_00001071,Outage follow-up is the top request in our subscriber forum this week,2026-05-14T14:22:23Z,942,72,8,697,0.837,,,normal,,2026-05-27T11:26:10Z
45612,4742,tiktok,ext_tiktok_00001072,NOC huddle: prioritize MetroSupply Devices SIM Replacement Starter Kit installs before the weekend streaming surge,2026-05-09T16:34:28Z,322,74,8,16755,0.515,,,normal,,2026-05-27T11:26:10Z
45613,4572,tiktok,ext_tiktok_00001073,Billing and usage signals are surfacing new need for Premium International Roaming Pass from SignalBridge Mobile,2026-05-27T10:49:56Z,425,21,39,12097,0.466,,,normal,,2026-05-27T11:26:10Z
45614,5030,tiktok,ext_tiktok_00001074,"If your subscribers need New Line Activation, check WaveFirst Mobile availability early; appointment slots are moving fast",2026-05-03T10:52:34Z,512,18,17,6638,0.375,,,normal,,2026-05-27T11:26:10Z
45615,4655,threads,ext_threads_00001075,Device-support channels are seeing increased activation demand after a handset launch,2026-05-24T16:32:37Z,523,23,18,11673,0.466,,,normal,,2026-05-27T11:26:10Z
45616,4841,twitter,ext_twitter_00001076,Families keep asking for better Wi-Fi performance before evening streaming starts,2026-05-15T15:37:20Z,390,1,0,3743,0.237,,,normal,,2026-05-27T11:26:10Z
45617,4719,youtube,ext_youtube_00001077,"Thought 5G Unlimited Mobile Plan demand would level off, but SignalBridge Mobile is still seeing urgent requests",2026-05-26T13:14:51Z,120,62,25,19459,0.499,,,normal,,2026-05-27T11:26:10Z
45618,4857,youtube,ext_youtube_00001078,Enterprise care teams are coordinating SLA-impact cases across regional service teams today,2026-04-30T11:11:40Z,53,79,38,9434,0.284,,,normal,,2026-05-27T11:26:10Z
45619,4542,tiktok,ext_tiktok_00001079,Roaming bill questions are creating new handoffs to billing and retention teams,2026-05-09T06:45:02Z,258,56,29,4913,0.884,,,normal,,2026-05-27T11:26:10Z
45620,4621,instagram,ext_instagram_00001080,Subscribers are asking about Gigabit Fiber Install through FiberPath Broadband; upgrade and activation demand is rising,2026-05-22T09:43:14Z,383,93,21,1162,0.704,,,normal,,2026-05-27T11:26:10Z
45621,5056,youtube,ext_youtube_00001081,Network operations is flagging Family Data Share Plan from WellNest Family Plans as a capacity bottleneck this week,2026-05-24T15:24:55Z,8680,665,417,65682,0.507,,,rising,,2026-05-27T11:26:10Z
45622,4597,tiktok,ext_tiktok_00001082,Coverage update: Small Business Fiber SLA capacity at FiberPath Broadband is getting tight after a spike in service orders,2026-05-27T10:51:46Z,948,54,6,18981,0.551,,,normal,,2026-05-27T11:26:10Z
45623,4970,tiktok,ext_tiktok_00001083,Subscriber experience note - RoamFlow Mobility Roaming Cost Coaching is the service everyone is trying to schedule right now,2026-05-16T02:43:01Z,9988,1710,649,74060,0.429,,,rising,,2026-05-27T11:26:10Z
45624,4670,threads,ext_threads_00001084,Outage follow-up: demand for Senior Connected Life Plan is up and SilverLine Connected Life needs more field slots,2026-05-04T03:03:16Z,1294,552,786,38561,0.948,,,rising,,2026-05-27T11:26:10Z
45625,4633,twitter,ext_twitter_00001085,"Two-week review of PulsePoint 5G Device Upgrade Enrollment: strong subscriber response, but capacity planning matters",2026-05-16T23:12:34Z,244,52,1,13541,0.916,,,normal,,2026-05-27T11:26:10Z
45626,4561,instagram,ext_instagram_00001086,Families keep asking where to find Roaming Cost Coaching. RoamFlow Mobility is showing up in every upgrade thread,2026-04-30T07:46:00Z,126,17,30,11470,0.917,,,normal,,2026-05-27T11:26:10Z
45627,4762,tiktok,ext_tiktok_00001087,NOC huddle: prioritize MetroSupply Devices Connected Device Monitoring Onboarding installs before the weekend streaming surge,2026-05-20T12:49:24Z,618,67,12,3960,0.67,,,normal,,2026-05-27T11:26:10Z
45628,4649,youtube,ext_youtube_00001088,Billing and usage signals are surfacing new need for Edge Compute Reservation from EnterpriseEdge Services,2026-05-25T22:02:37Z,775,63,20,12430,0.54,,,normal,,2026-05-27T11:26:10Z
45629,4585,threads,ext_threads_00001089,"If your subscribers need Number Port-In Activation, check SignalBridge Mobile availability early; appointment slots are moving fast",2026-05-05T12:43:07Z,36,92,2,17536,0.254,,,normal,,2026-05-27T11:26:10Z
45630,4686,instagram,ext_instagram_00001090,Subscribers are asking for clearer instructions after fiber installation and faster follow-up windows,2026-05-17T13:04:55Z,819,60,15,19491,0.329,,,normal,,2026-05-27T11:26:10Z
45631,4989,instagram,ext_instagram_00001091,Outage follow-up is the top request in our subscriber forum this week,2026-05-27T06:35:08Z,765,0,27,18912,0.666,,,normal,,2026-05-27T11:26:10Z
45632,4618,twitter,ext_twitter_00001092,Small businesses need earlier visibility into field technician appointment availability,2026-05-18T07:21:27Z,1045,388,895,84163,0.885,,,rising,,2026-05-27T11:26:10Z
45633,5026,twitter,ext_twitter_00001093,Network monitoring alerts are helping the team catch congestion before call volume spikes,2026-05-24T11:03:38Z,3950,1846,688,195096,0.749,,,rising,,2026-05-27T11:26:10Z
45634,4844,instagram,ext_instagram_00001094,Coverage gaps are delaying service assurance for several subscriber groups,2026-05-24T17:58:25Z,9125,1461,474,21502,0.043,,,rising,,2026-05-27T11:26:10Z
45635,5014,instagram,ext_instagram_00001095,Device-support channels are seeing increased activation demand after a handset launch,2026-05-26T02:04:27Z,927,40,29,18761,0.269,,,normal,,2026-05-27T11:26:10Z
45636,4769,youtube,ext_youtube_00001096,Network operations is flagging Edge Compute Reservation from EnterpriseEdge Services as a capacity bottleneck this week,2026-05-13T18:12:14Z,182,62,36,19475,0.928,,,normal,,2026-05-27T11:26:10Z
45637,4953,threads,ext_threads_00001097,Connected life teams need better outreach after recent storm-related service events,2026-05-24T00:25:36Z,1853,1089,698,95222,0.207,,,rising,,2026-05-27T11:26:10Z
45638,4865,tiktok,ext_tiktok_00001098,Enterprise care teams are coordinating SLA-impact cases across regional service teams today,2026-05-15T16:51:14Z,266,43,9,7314,0.304,,,normal,,2026-05-27T11:26:10Z
45639,4670,threads,ext_threads_00001099,Outage follow-up: demand for Number Port-In Activation is up and SignalBridge Mobile needs more field slots,2026-05-20T18:15:07Z,596,49,33,16908,0.597,,,normal,,2026-05-27T11:26:10Z
45640,5055,twitter,ext_twitter_00001100,Subscribers are asking for clearer instructions after fiber installation and faster follow-up windows,2026-05-22T13:20:43Z,9504,1548,105,45598,-0.104,,,rising,,2026-05-27T11:26:10Z
45641,4662,tiktok,ext_tiktok_00001101,Families keep asking where to find Fleet Telematics SIM Pack. OrbitMotion IoT is showing up in every upgrade thread,2026-05-23T21:25:29Z,20,87,0,3589,0.661,,,normal,,2026-05-27T11:26:10Z
45642,4988,threads,ext_threads_00001102,Small businesses need earlier visibility into field technician appointment availability,2026-05-20T23:37:38Z,522,10,11,18342,-0.164,,,normal,,2026-05-27T11:26:10Z
45643,4677,tiktok,ext_tiktok_00001103,Billing and usage signals are surfacing new need for Device Upgrade Enrollment from PulsePoint 5G,2026-05-27T09:10:47Z,977,10,21,8519,0.538,,,normal,,2026-05-27T11:26:10Z
45644,5003,threads,ext_threads_00001104,"If your subscribers need Churn Risk Save Offer, check WaveFirst Mobile availability early; appointment slots are moving fast",2026-05-24T20:06:41Z,551,78,20,15457,0.522,,,normal,,2026-05-27T11:26:10Z
45645,4925,tiktok,ext_tiktok_00001105,Day 30 with the Fiber Appointment Scheduling workflow and the field team says RoamFlow Mobility reduced manual follow-up,2026-05-07T22:38:43Z,922,19,48,10747,0.627,,,normal,,2026-05-27T11:26:10Z
45646,4811,twitter,ext_twitter_00001106,Recommended HomeConnect Fixed Wireless Fixed Wireless Home Internet to an account manager today because churn risk is the issue,2026-05-13T16:24:39Z,890,73,21,13975,0.923,,,normal,,2026-05-27T11:26:10Z
45647,4681,instagram,ext_instagram_00001107,"Thought Small Business Fiber SLA demand would level off, but FiberPath Broadband is still seeing urgent requests",2026-05-24T04:29:43Z,345,21,37,8183,0.526,,,normal,,2026-05-27T11:26:10Z
45648,4651,instagram,ext_instagram_00001108,Enterprise care teams are coordinating SLA-impact cases across regional service teams today,2026-05-08T00:43:28Z,19456,7104,2683,936135,-0.216,,,viral,,2026-05-27T11:26:10Z
45649,4921,twitter,ext_twitter_00001109,Added Device Upgrade Enrollment to the high-priority service assurance path. Thank you PulsePoint 5G for closing the gap,2026-05-11T13:38:29Z,9753,868,853,60941,0.717,,,rising,,2026-05-27T11:26:10Z
45650,4726,instagram,ext_instagram_00001110,Subscribers are asking for clearer instructions after fiber installation and faster follow-up windows,2026-05-25T04:10:53Z,3967,1849,497,39733,0.633,,,rising,,2026-05-27T11:26:10Z
45651,4634,youtube,ext_youtube_00001111,Network operations is flagging Student Mobile Plan from WellNest Family Plans as a capacity bottleneck this week,2026-05-26T17:16:36Z,16243,7848,3318,651058,0.326,,,viral,,2026-05-27T11:26:10Z
45652,4668,twitter,ext_twitter_00001112,Coverage update: New Line Activation capacity at WaveFirst Mobile is getting tight after a spike in service orders,2026-05-12T21:05:16Z,637,4,18,3775,0.677,,,normal,,2026-05-27T11:26:10Z
45653,4751,instagram,ext_instagram_00001113,Subscriber experience note - PulsePoint 5G 5G Business Consultation is the service everyone is trying to schedule right now,2026-05-09T13:03:25Z,291,41,9,12693,0.939,,,normal,,2026-05-27T11:26:10Z
45654,4963,threads,ext_threads_00001114,Outage follow-up: demand for IoT Sensor Gateway Kit is up and OrbitMotion IoT needs more field slots,2026-05-17T12:35:10Z,323,8,13,12274,0.613,,,normal,,2026-05-27T11:26:10Z
45655,4735,threads,ext_threads_00001115,Device-support channels are seeing increased activation demand after a handset launch,2026-05-20T11:48:21Z,760,4,8,13363,0.336,,,normal,,2026-05-27T11:26:10Z
45656,4852,youtube,ext_youtube_00001116,Families keep asking for better Wi-Fi performance before evening streaming starts,2026-05-23T04:43:54Z,26,9,24,11583,0.393,,,normal,,2026-05-27T11:26:10Z
45657,4676,instagram,ext_instagram_00001117,NOC huddle: prioritize FiberPath Broadband Small Business Fiber SLA installs before the weekend streaming surge,2026-05-24T12:04:29Z,299,49,44,14350,0.267,,,normal,,2026-05-27T11:26:10Z
45658,4722,tiktok,ext_tiktok_00001118,Billing and usage signals are surfacing new need for Customer Retention Intake from ClearMind Customer Care,2026-05-07T13:11:13Z,641,3,23,8633,0.835,,,normal,,2026-05-27T11:26:10Z
45659,4917,youtube,ext_youtube_00001119,Roaming bill questions are creating new handoffs to billing and retention teams,2026-05-10T01:23:56Z,9029,1351,457,170106,0.238,,,rising,,2026-05-27T11:26:10Z
45660,4997,youtube,ext_youtube_00001120,Day 30 with the IoT Sensor Gateway Kit workflow and the field team says OrbitMotion IoT reduced manual follow-up,2026-05-14T03:36:53Z,515,9,4,19896,0.915,,,normal,,2026-05-27T11:26:10Z
45661,4653,twitter,ext_twitter_00001121,Outage follow-up is the top request in our subscriber forum this week,2026-05-21T06:46:07Z,98,39,5,7660,-0.124,,,normal,,2026-05-27T11:26:10Z
45662,4860,tiktok,ext_tiktok_00001122,Small businesses need earlier visibility into field technician appointment availability,2026-05-08T12:20:44Z,3802,252,803,153838,0.628,,,rising,,2026-05-27T11:26:10Z
45663,4718,twitter,ext_twitter_00001123,Morning capacity review featuring Family Connectivity Support Session. SilverLine Connected Life needs pre-positioned technician capacity,2026-05-27T07:16:53Z,893,67,24,13089,0.339,,,normal,,2026-05-27T11:26:10Z
45664,4755,threads,ext_threads_00001124,Added Fiber Appointment Scheduling to the high-priority service assurance path. Thank you RoamFlow Mobility for closing the gap,2026-05-16T17:24:43Z,974,28,13,19719,0.412,,,normal,,2026-05-27T11:26:10Z
45665,4589,youtube,ext_youtube_00001125,Subscribers are asking about Family Data Share Plan through WellNest Family Plans; upgrade and activation demand is rising,2026-04-28T03:36:14Z,170,92,31,18277,0.358,,,normal,,2026-05-27T11:26:10Z
45666,5057,threads,ext_threads_00001126,Network operations is flagging Field Technician Evaluation from OrbitMotion IoT as a capacity bottleneck this week,2026-05-26T19:31:52Z,903,98,46,16421,0.867,,,normal,,2026-05-27T11:26:10Z
45667,4998,threads,ext_threads_00001127,Connected life teams need better outreach after recent storm-related service events,2026-05-15T15:22:27Z,988,5,3,3949,0.327,,,normal,,2026-05-27T11:26:10Z
45668,4884,instagram,ext_instagram_00001128,Subscriber experience note - HomeConnect Fixed Wireless Fixed Wireless Home Internet is the service everyone is trying to schedule right now,2026-05-19T17:16:29Z,726,18,36,10296,0.936,,,normal,,2026-05-27T11:26:10Z
45669,4733,twitter,ext_twitter_00001129,Outage follow-up: demand for Customer Retention Intake is up and ClearMind Customer Care needs more field slots,2026-05-19T03:00:40Z,191,96,15,9780,0.275,,,normal,,2026-05-27T11:26:10Z
45670,4677,tiktok,ext_tiktok_00001130,"Two-week review of SignalBridge Mobile Number Port-In Activation: strong subscriber response, but capacity planning matters",2026-05-27T11:25:52Z,703,40,27,11292,0.929,,,normal,,2026-05-27T11:26:10Z
45671,4629,youtube,ext_youtube_00001131,Families keep asking where to find Home Wi-Fi Mesh Kit. PulsePoint 5G is showing up in every upgrade thread,2026-05-12T00:19:16Z,396,38,16,18683,0.938,,,normal,,2026-05-27T11:26:10Z
45672,4830,tiktok,ext_tiktok_00001132,Small businesses need earlier visibility into field technician appointment availability,2026-05-27T05:23:28Z,404,54,33,8592,0.078,,,normal,,2026-05-27T11:26:10Z
45673,4727,tiktok,ext_tiktok_00001133,Billing and usage signals are surfacing new need for Roaming Cost Coaching from RoamFlow Mobility,2026-05-05T02:44:00Z,7920,1625,800,86556,0.239,,,rising,,2026-05-27T11:26:10Z
45674,4544,youtube,ext_youtube_00001134,"If your subscribers need Home Wi-Fi Mesh Kit, check PulsePoint 5G availability early; appointment slots are moving fast",2026-05-26T15:27:35Z,308,31,41,17724,0.875,,,normal,,2026-05-27T11:26:10Z
45675,4978,threads,ext_threads_00001135,Day 30 with the Customer Retention Intake workflow and the field team says ClearMind Customer Care reduced manual follow-up,2026-04-30T08:19:37Z,740,40,26,11829,0.364,,,normal,,2026-05-27T11:26:10Z
45676,4925,tiktok,ext_tiktok_00001136,Families keep asking for better Wi-Fi performance before evening streaming starts,2026-05-06T11:41:21Z,979,11,9,8732,0.755,,,normal,,2026-05-27T11:26:10Z
45677,4646,instagram,ext_instagram_00001137,"Thought Senior Connected Life Plan demand would level off, but SilverLine Connected Life is still seeing urgent requests",2026-05-27T07:53:58Z,4560,577,481,175683,0.741,,,rising,,2026-05-27T11:26:10Z
45678,4750,threads,ext_threads_00001138,Morning capacity review featuring Churn Risk Save Offer. WaveFirst Mobile needs pre-positioned technician capacity,2026-05-02T09:03:03Z,691,81,41,11311,0.245,,,normal,,2026-05-27T11:26:10Z
45679,4734,youtube,ext_youtube_00001139,Added 5G Business Consultation to the high-priority service assurance path. Thank you PulsePoint 5G for closing the gap,2026-05-10T07:50:22Z,325,97,19,14811,0.22,,,normal,,2026-05-27T11:26:10Z
45680,4719,youtube,ext_youtube_00001140,Subscribers are asking about Field Technician Evaluation through OrbitMotion IoT; upgrade and activation demand is rising,2026-05-26T09:25:26Z,83,25,42,4161,0.416,,,normal,,2026-05-27T11:26:10Z
45681,4924,instagram,ext_instagram_00001141,Network operations is flagging LTE Backup Gateway from HomeConnect Fixed Wireless as a capacity bottleneck this week,2026-05-26T22:32:35Z,783,72,25,19865,0.436,,,normal,,2026-05-27T11:26:10Z
45682,4731,instagram,ext_instagram_00001142,Coverage update: Churn Risk Save Offer capacity at WaveFirst Mobile is getting tight after a spike in service orders,2026-05-26T22:19:02Z,4713,958,469,130817,0.472,,,rising,,2026-05-27T11:26:10Z
45683,4626,instagram,ext_instagram_00001143,Network monitoring alerts are helping the team catch congestion before call volume spikes,2026-05-23T12:12:16Z,137,44,41,4754,0.685,,,normal,,2026-05-27T11:26:10Z
45684,4729,youtube,ext_youtube_00001144,Outage follow-up: demand for 5G Business Consultation is up and PulsePoint 5G needs more field slots,2026-05-03T02:34:04Z,999,3,40,1118,0.554,,,normal,,2026-05-27T11:26:10Z
45685,4917,youtube,ext_youtube_00001145,"Two-week review of WaveFirst Mobile New Line Activation: strong subscriber response, but capacity planning matters",2026-05-27T11:21:56Z,24352,14797,5415,573729,0.697,,,viral,,2026-05-27T11:26:10Z
45686,4664,youtube,ext_youtube_00001146,Families keep asking for better Wi-Fi performance before evening streaming starts,2026-05-10T06:57:38Z,523,62,9,11559,0.575,,,normal,,2026-05-27T11:26:10Z
45687,4774,youtube,ext_youtube_00001147,NOC huddle: prioritize HomeConnect Fixed Wireless Fixed Wireless Home Internet installs before the weekend streaming surge,2026-05-12T14:31:07Z,783,2,44,16457,0.336,,,normal,,2026-05-27T11:26:10Z
45688,4661,instagram,ext_instagram_00001148,Billing and usage signals are surfacing new need for Device Upgrade Enrollment from PulsePoint 5G,2026-05-03T09:55:36Z,181001,96330,40828,7880985,0.709,,,mega_viral,,2026-05-27T11:26:10Z
45689,4599,youtube,ext_youtube_00001149,"If your subscribers need 5G Business Consultation, check PulsePoint 5G availability early; appointment slots are moving fast",2026-04-30T04:17:43Z,670,63,39,12974,0.597,,,normal,,2026-05-27T11:26:10Z
45690,4634,youtube,ext_youtube_00001150,Subscribers are asking for clearer instructions after fiber installation and faster follow-up windows,2026-05-25T07:08:11Z,8458,809,924,93758,0.642,,,rising,,2026-05-27T11:26:10Z
45691,4968,threads,ext_threads_00001151,Recommended PulsePoint 5G 5G Business Consultation to an account manager today because churn risk is the issue,2026-05-21T16:49:49Z,47,95,26,6746,0.211,,,normal,,2026-05-27T11:26:10Z
45692,5021,twitter,ext_twitter_00001152,Small businesses need earlier visibility into field technician appointment availability,2026-05-19T01:40:38Z,292,45,0,10033,0.828,,,normal,,2026-05-27T11:26:10Z
45693,4863,threads,ext_threads_00001153,Morning capacity review featuring SIM Replacement Starter Kit. MetroSupply Devices needs pre-positioned technician capacity,2026-05-05T05:31:12Z,50,87,28,12602,0.235,,,normal,,2026-05-27T11:26:10Z
45694,4610,threads,ext_threads_00001154,Added Outage Follow-Up Call to the high-priority service assurance path. Thank you ClearMind Customer Care for closing the gap,2026-05-24T23:22:48Z,628,94,18,12449,0.297,,,normal,,2026-05-27T11:26:10Z
45695,4934,instagram,ext_instagram_00001155,Subscribers are asking about Outage Follow-Up Call through ClearMind Customer Care; upgrade and activation demand is rising,2026-05-25T23:53:00Z,85,8,31,13074,0.666,,,normal,,2026-05-27T11:26:10Z
45696,5011,twitter,ext_twitter_00001156,Network operations is flagging Premium International Roaming Pass from SignalBridge Mobile as a capacity bottleneck this week,2026-05-10T16:58:23Z,322,19,35,4639,0.442,,,normal,,2026-05-27T11:26:10Z
45697,4665,threads,ext_threads_00001157,Coverage update: Fraud Resolution Case capacity at ClearMind Customer Care is getting tight after a spike in service orders,2026-05-26T09:39:24Z,32,72,5,17692,0.544,,,normal,,2026-05-27T11:26:10Z
45698,4876,twitter,ext_twitter_00001158,Subscriber experience note - FiberPath Broadband Gigabit Fiber Install is the service everyone is trying to schedule right now,2026-05-04T07:37:05Z,4124,519,895,53268,0.774,,,rising,,2026-05-27T11:26:10Z
45699,5042,threads,ext_threads_00001159,Outage follow-up: demand for Fraud Resolution Case is up and ClearMind Customer Care needs more field slots,2026-05-25T00:23:01Z,289,3,10,9040,0.686,,,normal,,2026-05-27T11:26:10Z
45700,4713,twitter,ext_twitter_00001160,"Two-week review of RoamFlow Mobility Roaming Cost Coaching: strong subscriber response, but capacity planning matters",2026-05-19T17:38:09Z,835,33,28,13119,0.552,,,normal,,2026-05-27T11:26:10Z
45701,4887,youtube,ext_youtube_00001161,Families keep asking where to find Network Congestion Plan Review. WellNest Family Plans is showing up in every upgrade thread,2026-04-28T04:51:26Z,851,85,12,16883,0.353,,,normal,,2026-05-27T11:26:10Z
45702,4791,twitter,ext_twitter_00001162,NOC huddle: prioritize WellNest Family Plans Family Data Share Plan installs before the weekend streaming surge,2026-05-21T04:52:30Z,422,37,13,124,0.766,,,normal,,2026-05-27T11:26:10Z
45703,4913,threads,ext_threads_00001163,Network monitoring alerts are helping the team catch congestion before call volume spikes,2026-05-12T15:33:10Z,898,78,18,2194,0.734,,,normal,,2026-05-27T11:26:10Z
45704,5026,twitter,ext_twitter_00001164,"If your subscribers need IoT Sensor Gateway Kit, check OrbitMotion IoT availability early; appointment slots are moving fast",2026-05-02T20:10:18Z,966,97,41,6825,0.851,,,normal,,2026-05-27T11:26:10Z
45705,4965,tiktok,ext_tiktok_00001165,Day 30 with the Fraud Resolution Case workflow and the field team says ClearMind Customer Care reduced manual follow-up,2026-05-20T20:44:11Z,687,40,25,14488,0.656,,,normal,,2026-05-27T11:26:10Z
45706,5012,youtube,ext_youtube_00001166,Families keep asking for better Wi-Fi performance before evening streaming starts,2026-04-27T22:22:58Z,216,3,1,17538,0.512,,,normal,,2026-05-27T11:26:10Z
45707,4923,threads,ext_threads_00001167,"Thought Fraud Resolution Case demand would level off, but ClearMind Customer Care is still seeing urgent requests",2026-05-08T11:28:24Z,851,28,13,15690,0.911,,,normal,,2026-05-27T11:26:10Z
45708,4895,tiktok,ext_tiktok_00001168,Morning capacity review featuring 5G Mobile Hotspot Kit. MetroSupply Devices needs pre-positioned technician capacity,2026-05-20T04:25:08Z,7782,379,389,101861,0.941,,,rising,,2026-05-27T11:26:10Z
45709,4827,youtube,ext_youtube_00001169,Roaming bill questions are creating new handoffs to billing and retention teams,2026-05-03T03:15:37Z,212,98,15,16561,0.874,,,normal,,2026-05-27T11:26:10Z
45710,4688,twitter,ext_twitter_00001170,Subscribers are asking about New Line Activation through WaveFirst Mobile; upgrade and activation demand is rising,2026-05-26T17:45:32Z,362164,41200,11153,8739379,0.58,,,mega_viral,,2026-05-27T11:26:10Z
45711,4730,threads,ext_threads_00001171,Network operations is flagging Field Technician Evaluation from OrbitMotion IoT as a capacity bottleneck this week,2026-05-20T10:06:43Z,86,9,28,8557,0.766,,,normal,,2026-05-27T11:26:10Z
45712,5014,instagram,ext_instagram_00001172,Coverage update: Edge Compute Reservation capacity at EnterpriseEdge Services is getting tight after a spike in service orders,2026-05-15T01:08:01Z,2758,1051,136,40889,0.854,,,rising,,2026-05-27T11:26:10Z
45713,4568,twitter,ext_twitter_00001173,Network monitoring alerts are helping the team catch congestion before call volume spikes,2026-05-14T13:52:13Z,284,0,46,19828,0.694,,,normal,,2026-05-27T11:26:10Z
45714,4863,threads,ext_threads_00001174,Outage follow-up: demand for Family Data Share Plan is up and WellNest Family Plans needs more field slots,2026-05-17T11:01:42Z,995,26,20,1861,0.433,,,normal,,2026-05-27T11:26:10Z
45715,4846,twitter,ext_twitter_00001175,"Two-week review of MetroSupply Devices 5G Mobile Hotspot Kit: strong subscriber response, but capacity planning matters",2026-05-08T17:31:23Z,328,6,2,14838,0.705,,,normal,,2026-05-27T11:26:10Z
45716,4972,youtube,ext_youtube_00001176,Families keep asking where to find Fleet Telematics SIM Pack. OrbitMotion IoT is showing up in every upgrade thread,2026-04-30T12:09:52Z,842,3,34,3935,0.569,,,normal,,2026-05-27T11:26:10Z
45717,4609,youtube,ext_youtube_00001177,NOC huddle: prioritize SignalBridge Mobile Premium International Roaming Pass installs before the weekend streaming surge,2026-05-13T22:38:48Z,8442,362,618,65037,0.69,,,rising,,2026-05-27T11:26:10Z
45718,4917,youtube,ext_youtube_00001178,Billing and usage signals are surfacing new need for Enterprise Account Navigation from EnterpriseEdge Services,2026-05-23T07:20:08Z,43,8,2,1372,0.338,,,normal,,2026-05-27T11:26:10Z
45719,4580,threads,ext_threads_00001179,"If your subscribers need Premium International Roaming Pass, check SignalBridge Mobile availability early; appointment slots are moving fast",2026-05-24T08:20:46Z,886,72,23,934,0.839,,,normal,,2026-05-27T11:26:10Z
45720,4716,instagram,ext_instagram_00001180,Day 30 with the Network Congestion Plan Review workflow and the field team says WellNest Family Plans reduced manual follow-up,2026-05-22T19:53:52Z,282,90,13,924,0.393,,,normal,,2026-05-27T11:26:10Z
45721,4616,instagram,ext_instagram_00001181,Recommended FiberPath Broadband Fiber Repair Appointment to an account manager today because churn risk is the issue,2026-05-23T02:01:54Z,314,58,22,16328,0.468,,,normal,,2026-05-27T11:26:10Z
45722,5024,instagram,ext_instagram_00001182,"Thought Customer Retention Intake demand would level off, but ClearMind Customer Care is still seeing urgent requests",2026-05-27T11:26:09Z,481,87,14,1963,0.518,,,normal,,2026-05-27T11:26:10Z
45723,4703,twitter,ext_twitter_00001183,Network monitoring alerts are helping the team catch congestion before call volume spikes,2026-05-25T12:23:17Z,471,43,1,14415,0.274,,,normal,,2026-05-27T11:26:10Z
45724,4554,youtube,ext_youtube_00001184,Added Network Congestion Plan Review to the high-priority service assurance path. Thank you WellNest Family Plans for closing the gap,2026-05-19T03:09:52Z,713,20,33,8307,0.897,,,normal,,2026-05-27T11:26:10Z
45725,4971,twitter,ext_twitter_00001185,Subscribers are asking about Senior Connected Life Plan through SilverLine Connected Life; upgrade and activation demand is rising,2026-05-22T18:28:23Z,967,54,9,4717,0.387,,,normal,,2026-05-27T11:26:10Z
45726,4900,tiktok,ext_tiktok_00001186,Network operations is flagging Fixed Wireless Home Internet from HomeConnect Fixed Wireless as a capacity bottleneck this week,2026-05-27T03:48:10Z,41,47,1,13732,0.567,,,normal,,2026-05-27T11:26:10Z
45727,4945,tiktok,ext_tiktok_00001187,Coverage update: Family Connectivity Support Session capacity at SilverLine Connected Life is getting tight after a spike in service orders,2026-05-20T07:34:04Z,932,18,34,6601,0.571,,,normal,,2026-05-27T11:26:10Z
45728,4954,instagram,ext_instagram_00001188,Enterprise care teams are coordinating SLA-impact cases across regional service teams today,2026-05-14T04:50:35Z,4544,1442,280,94446,0.636,,,rising,,2026-05-27T11:26:10Z
45729,4704,youtube,ext_youtube_00001189,Outage follow-up: demand for 5G Business Consultation is up and PulsePoint 5G needs more field slots,2026-05-14T20:03:33Z,7601,603,474,72946,0.201,,,rising,,2026-05-27T11:26:10Z
45730,4893,threads,ext_threads_00001190,"Two-week review of MetroSupply Devices Connected Device Monitoring Onboarding: strong subscriber response, but capacity planning matters",2026-05-01T07:56:24Z,656,68,47,16208,0.761,,,normal,,2026-05-27T11:26:10Z
45731,4835,tiktok,ext_tiktok_00001191,Families keep asking where to find 5G Business Consultation. PulsePoint 5G is showing up in every upgrade thread,2026-05-23T00:19:55Z,507,37,16,12351,0.326,,,normal,,2026-05-27T11:26:10Z
45732,4566,instagram,ext_instagram_00001192,NOC huddle: prioritize WaveFirst Mobile New Line Activation installs before the weekend streaming surge,2026-05-10T09:28:33Z,379,54,42,10781,0.385,,,normal,,2026-05-27T11:26:10Z
45733,4617,tiktok,ext_tiktok_00001193,Billing and usage signals are surfacing new need for Enterprise Account Navigation from EnterpriseEdge Services,2026-05-07T00:45:13Z,285,84,16,1169,0.325,,,normal,,2026-05-27T11:26:10Z
45734,4544,youtube,ext_youtube_00001194,"If your subscribers need Gigabit Fiber Install, check FiberPath Broadband availability early; appointment slots are moving fast",2026-05-12T00:37:45Z,242,65,6,19143,0.637,,,normal,,2026-05-27T11:26:10Z
45735,4803,threads,ext_threads_00001195,Day 30 with the Fixed Wireless Home Internet workflow and the field team says HomeConnect Fixed Wireless reduced manual follow-up,2026-05-21T05:56:52Z,93,85,21,7999,0.277,,,normal,,2026-05-27T11:26:10Z
45736,5042,threads,ext_threads_00001196,Recommended SignalBridge Mobile 5G Unlimited Mobile Plan to an account manager today because churn risk is the issue,2026-05-19T19:35:11Z,517,43,28,6942,0.617,,,normal,,2026-05-27T11:26:10Z
45737,4896,twitter,ext_twitter_00001197,Connected life teams need better outreach after recent storm-related service events,2026-04-29T16:15:15Z,301,93,31,285,-0.179,,,normal,,2026-05-27T11:26:10Z
45738,5009,instagram,ext_instagram_00001198,Morning capacity review featuring IoT Sensor Gateway Kit. OrbitMotion IoT needs pre-positioned technician capacity,2026-05-25T05:25:15Z,364,5,10,7680,0.846,,,normal,,2026-05-27T11:26:10Z
45739,4607,tiktok,ext_tiktok_00001199,Added Fiber Repair Appointment to the high-priority service assurance path. Thank you FiberPath Broadband for closing the gap,2026-05-07T19:21:52Z,496612,47798,35026,16055064,0.536,,,mega_viral,,2026-05-27T11:26:10Z
45740,4792,youtube,ext_youtube_00001200,Subscribers are asking about Churn Risk Save Offer through WaveFirst Mobile; upgrade and activation demand is rising,2026-05-27T04:19:38Z,614,32,30,16401,0.747,,,normal,,2026-05-27T11:26:10Z
45741,4918,threads,ext_threads_00001201,Network operations is flagging Smart Home Connectivity Assessment from HomeConnect Fixed Wireless as a capacity bottleneck this week,2026-05-27T01:44:41Z,656,95,18,898,0.332,,,normal,,2026-05-27T11:26:10Z
45742,4686,instagram,ext_instagram_00001202,Coverage update: Fraud Resolution Case capacity at ClearMind Customer Care is getting tight after a spike in service orders,2026-05-21T18:24:42Z,8992,1373,482,112542,0.359,,,rising,,2026-05-27T11:26:10Z
45743,4895,tiktok,ext_tiktok_00001203,Subscriber experience note - SignalBridge Mobile Number Port-In Activation is the service everyone is trying to schedule right now,2026-05-25T07:53:41Z,474,44,17,11710,0.42,,,normal,,2026-05-27T11:26:10Z
45744,5015,tiktok,ext_tiktok_00001204,Outage follow-up: demand for Gigabit Fiber Install is up and FiberPath Broadband needs more field slots,2026-05-22T01:29:24Z,304,59,21,10734,0.228,,,normal,,2026-05-27T11:26:10Z
45745,4702,tiktok,ext_tiktok_00001205,"Two-week review of FiberPath Broadband Fiber Repair Appointment: strong subscriber response, but capacity planning matters",2026-05-07T22:47:18Z,169335,74049,43093,16243339,0.704,,,mega_viral,,2026-05-27T11:26:10Z
45746,4616,instagram,ext_instagram_00001206,Families keep asking where to find Premium International Roaming Pass. SignalBridge Mobile is showing up in every upgrade thread,2026-05-27T05:10:27Z,518,51,7,18480,0.551,,,normal,,2026-05-27T11:26:10Z
45747,4596,instagram,ext_instagram_00001207,NOC huddle: prioritize MetroSupply Devices 5G Mobile Hotspot Kit installs before the weekend streaming surge,2026-05-27T08:58:55Z,594,67,36,6283,0.776,,,normal,,2026-05-27T11:26:10Z
45748,4710,threads,ext_threads_00001208,Billing and usage signals are surfacing new need for Fixed Wireless Home Internet from HomeConnect Fixed Wireless,2026-05-27T10:57:50Z,7315,334,326,96744,0.406,,,rising,,2026-05-27T11:26:10Z
45749,4683,twitter,ext_twitter_00001209,Roaming bill questions are creating new handoffs to billing and retention teams,2026-05-19T08:05:13Z,70289,92724,16814,7488973,0.651,,,mega_viral,,2026-05-27T11:26:10Z
45750,4773,twitter,ext_twitter_00001210,Day 30 with the SIM Replacement Starter Kit workflow and the field team says MetroSupply Devices reduced manual follow-up,2026-05-13T07:19:05Z,123,80,5,18742,0.891,,,normal,,2026-05-27T11:26:10Z
45751,4821,twitter,ext_twitter_00001211,Recommended WaveFirst Mobile Churn Risk Save Offer to an account manager today because churn risk is the issue,2026-05-01T22:11:05Z,4661,1412,524,64282,0.434,,,rising,,2026-05-27T11:26:10Z
45752,5012,youtube,ext_youtube_00001212,"Thought Small Business Fiber SLA demand would level off, but FiberPath Broadband is still seeing urgent requests",2026-05-09T17:30:37Z,749,95,8,3092,0.673,,,normal,,2026-05-27T11:26:10Z
45753,4557,tiktok,ext_tiktok_00001213,Morning capacity review featuring Student Mobile Plan. WellNest Family Plans needs pre-positioned technician capacity,2026-05-25T20:56:22Z,963,34,30,9701,0.682,,,normal,,2026-05-27T11:26:10Z
45754,4575,threads,ext_threads_00001214,Coverage gaps are delaying service assurance for several subscriber groups,2026-05-10T13:10:13Z,805,63,37,623,0.503,,,normal,,2026-05-27T11:26:10Z
45755,4669,youtube,ext_youtube_00001215,Subscribers are asking about New Line Activation through WaveFirst Mobile; upgrade and activation demand is rising,2026-05-13T16:20:42Z,761,9,24,14243,0.796,,,normal,,2026-05-27T11:26:10Z
45756,4781,instagram,ext_instagram_00001216,Network operations is flagging Small Business Fiber SLA from FiberPath Broadband as a capacity bottleneck this week,2026-05-14T14:42:32Z,425,21,8,8062,0.63,,,normal,,2026-05-27T11:26:10Z
45757,4825,tiktok,ext_tiktok_00001217,Coverage update: Field Technician Evaluation capacity at OrbitMotion IoT is getting tight after a spike in service orders,2026-05-17T03:31:42Z,720,32,23,7344,0.61,,,normal,,2026-05-27T11:26:10Z
45758,4856,twitter,ext_twitter_00001218,Subscriber experience note - RoamFlow Mobility Roaming Cost Coaching is the service everyone is trying to schedule right now,2026-05-27T06:54:17Z,3626,1759,989,108172,0.423,,,rising,,2026-05-27T11:26:10Z
45759,4709,youtube,ext_youtube_00001219,Outage follow-up: demand for Number Port-In Activation is up and SignalBridge Mobile needs more field slots,2026-05-16T04:49:20Z,607,0,40,19512,0.697,,,normal,,2026-05-27T11:26:10Z
45760,4598,twitter,ext_twitter_00001220,Subscribers are asking for clearer instructions after fiber installation and faster follow-up windows,2026-05-26T20:16:51Z,9331,1918,905,103258,0.467,,,rising,,2026-05-27T11:26:10Z
45761,5018,threads,ext_threads_00001221,Families keep asking where to find Smart Home Connectivity Assessment. HomeConnect Fixed Wireless is showing up in every upgrade thread,2026-05-26T03:43:31Z,48587,5156,2291,544792,0.454,,,viral,,2026-05-27T11:26:10Z
45762,4986,twitter,ext_twitter_00001222,NOC huddle: prioritize WaveFirst Mobile New Line Activation installs before the weekend streaming surge,2026-05-17T04:40:39Z,7711,855,521,177876,0.708,,,rising,,2026-05-27T11:26:10Z
45763,4650,threads,ext_threads_00001223,Network monitoring alerts are helping the team catch congestion before call volume spikes,2026-05-24T08:33:50Z,768,76,10,435,-0.067,,,normal,,2026-05-27T11:26:10Z
45764,5055,twitter,ext_twitter_00001224,"If your subscribers need Senior Connected Life Plan, check SilverLine Connected Life availability early; appointment slots are moving fast",2026-05-20T20:31:31Z,298,9,33,570,0.353,,,normal,,2026-05-27T11:26:10Z
45765,5053,instagram,ext_instagram_00001225,Day 30 with the Premium International Roaming Pass workflow and the field team says SignalBridge Mobile reduced manual follow-up,2026-05-09T04:55:56Z,746,73,46,2583,0.707,,,normal,,2026-05-27T11:26:10Z
45766,4909,instagram,ext_instagram_00001226,Recommended WellNest Family Plans Network Congestion Plan Review to an account manager today because churn risk is the issue,2026-05-09T22:22:56Z,5564,1275,175,111069,0.216,,,rising,,2026-05-27T11:26:10Z
45767,4942,youtube,ext_youtube_00001227,"Thought Fiber Repair Appointment demand would level off, but FiberPath Broadband is still seeing urgent requests",2026-05-17T13:25:55Z,921,48,44,15891,0.868,,,normal,,2026-05-27T11:26:10Z
45768,4712,tiktok,ext_tiktok_00001228,Enterprise care teams are coordinating SLA-impact cases across regional service teams today,2026-05-03T04:23:27Z,643,11,27,14133,0.747,,,normal,,2026-05-27T11:26:10Z
45769,4941,twitter,ext_twitter_00001229,Added Fiber Appointment Scheduling to the high-priority service assurance path. Thank you RoamFlow Mobility for closing the gap,2026-05-21T16:06:33Z,3932,1504,814,185568,0.569,,,rising,,2026-05-27T11:26:10Z
45770,4980,tiktok,ext_tiktok_00001230,Subscribers are asking for clearer instructions after fiber installation and faster follow-up windows,2026-05-19T17:16:26Z,172,36,45,1413,0.839,,,normal,,2026-05-27T11:26:10Z
45771,4860,tiktok,ext_tiktok_00001231,Network operations is flagging Family Connectivity Support Session from SilverLine Connected Life as a capacity bottleneck this week,2026-05-23T14:47:43Z,11,72,37,16202,0.804,,,normal,,2026-05-27T11:26:10Z
45772,4802,youtube,ext_youtube_00001232,Coverage update: Small Business Fiber SLA capacity at FiberPath Broadband is getting tight after a spike in service orders,2026-05-20T23:23:38Z,276,40,17,11490,0.63,,,normal,,2026-05-27T11:26:10Z
45773,4572,tiktok,ext_tiktok_00001233,Network monitoring alerts are helping the team catch congestion before call volume spikes,2026-05-20T03:11:43Z,4712,1851,580,152184,-0.045,,,rising,,2026-05-27T11:26:10Z
45774,4777,tiktok,ext_tiktok_00001234,Outage follow-up: demand for Customer Retention Intake is up and ClearMind Customer Care needs more field slots,2026-05-08T06:42:27Z,823,27,4,6603,0.78,,,normal,,2026-05-27T11:26:10Z
45775,5002,youtube,ext_youtube_00001235,"Two-week review of WaveFirst Mobile Churn Risk Save Offer: strong subscriber response, but capacity planning matters",2026-05-24T16:08:10Z,326,21,43,6583,0.221,,,normal,,2026-05-27T11:26:10Z
45776,4755,threads,ext_threads_00001236,Families keep asking for better Wi-Fi performance before evening streaming starts,2026-05-19T07:40:14Z,730,10,47,12324,0.1,,,normal,,2026-05-27T11:26:10Z
45777,4862,youtube,ext_youtube_00001237,NOC huddle: prioritize FiberPath Broadband Fiber Repair Appointment installs before the weekend streaming surge,2026-05-06T20:48:45Z,811,31,18,11223,0.676,,,normal,,2026-05-27T11:26:10Z
45778,4591,instagram,ext_instagram_00001238,Billing and usage signals are surfacing new need for Network Congestion Plan Review from WellNest Family Plans,2026-05-14T08:03:09Z,483,17,24,16378,0.572,,,normal,,2026-05-27T11:26:10Z
45779,4933,threads,ext_threads_00001239,"If your subscribers need Fiber Repair Appointment, check FiberPath Broadband availability early; appointment slots are moving fast",2026-05-10T14:22:07Z,614,55,42,6842,0.718,,,normal,,2026-05-27T11:26:10Z
45780,4911,twitter,ext_twitter_00001240,Day 30 with the Smart Home Connectivity Assessment workflow and the field team says HomeConnect Fixed Wireless reduced manual follow-up,2026-05-27T04:16:56Z,3275,1631,786,80074,0.906,,,rising,,2026-05-27T11:26:10Z
45781,4577,tiktok,ext_tiktok_00001241,Recommended WellNest Family Plans Student Mobile Plan to an account manager today because churn risk is the issue,2026-05-05T03:35:05Z,463,4,0,11594,0.279,,,normal,,2026-05-27T11:26:10Z
45782,5030,tiktok,ext_tiktok_00001242,"Thought Fixed Wireless Home Internet demand would level off, but HomeConnect Fixed Wireless is still seeing urgent requests",2026-05-27T11:14:44Z,42,66,20,10758,0.614,,,normal,,2026-05-27T11:26:10Z
45783,4775,threads,ext_threads_00001243,Network monitoring alerts are helping the team catch congestion before call volume spikes,2026-05-04T11:44:44Z,7583,1652,824,88292,-0.072,,,rising,,2026-05-27T11:26:10Z
45784,4919,instagram,ext_instagram_00001244,Added Fleet Telematics SIM Pack to the high-priority service assurance path. Thank you OrbitMotion IoT for closing the gap,2026-05-09T13:12:09Z,16859,6044,3279,826132,0.549,,,viral,,2026-05-27T11:26:10Z
45785,4588,twitter,ext_twitter_00001245,Subscribers are asking about Smart Home Connectivity Assessment through HomeConnect Fixed Wireless; upgrade and activation demand is rising,2026-05-17T01:52:04Z,7918,293,121,151487,0.742,,,rising,,2026-05-27T11:26:10Z
45786,5004,instagram,ext_instagram_00001246,Families keep asking for better Wi-Fi performance before evening streaming starts,2026-05-26T04:59:12Z,923,41,31,10355,0.679,,,normal,,2026-05-27T11:26:10Z
45787,4812,youtube,ext_youtube_00001247,Coverage update: Edge Compute Reservation capacity at EnterpriseEdge Services is getting tight after a spike in service orders,2026-05-22T16:51:20Z,593,75,15,955,0.821,,,normal,,2026-05-27T11:26:10Z
45788,4971,twitter,ext_twitter_00001248,Subscriber experience note - SignalBridge Mobile 5G Unlimited Mobile Plan is the service everyone is trying to schedule right now,2026-04-28T08:26:26Z,174,73,41,17739,0.693,,,normal,,2026-05-27T11:26:10Z
45789,5003,threads,ext_threads_00001249,Outage follow-up: demand for Fixed Wireless Home Internet is up and HomeConnect Fixed Wireless needs more field slots,2026-05-10T15:09:27Z,2791,524,511,108811,0.428,,,rising,,2026-05-27T11:26:10Z
45790,4684,youtube,ext_youtube_00001250,"Two-week review of ClearMind Customer Care Fraud Resolution Case: strong subscriber response, but capacity planning matters",2026-05-20T00:49:23Z,137,14,31,6150,0.755,,,normal,,2026-05-27T11:26:10Z
45791,4923,threads,ext_threads_00001251,Families keep asking where to find Roaming Cost Coaching. RoamFlow Mobility is showing up in every upgrade thread,2026-05-05T15:07:29Z,355,12,19,1669,0.699,,,normal,,2026-05-27T11:26:10Z
45792,4575,threads,ext_threads_00001252,Small businesses need earlier visibility into field technician appointment availability,2026-05-18T11:05:46Z,510,37,15,17477,0.147,,,normal,,2026-05-27T11:26:10Z
45793,5023,threads,ext_threads_00001253,Billing and usage signals are surfacing new need for Churn Risk Save Offer from WaveFirst Mobile,2026-05-03T22:29:54Z,506,81,3,10982,0.577,,,normal,,2026-05-27T11:26:10Z
45794,4994,instagram,ext_instagram_00001254,"If your subscribers need SIM Replacement Starter Kit, check MetroSupply Devices availability early; appointment slots are moving fast",2026-05-27T10:30:00Z,389,25,1,18818,0.833,,,normal,,2026-05-27T11:26:10Z
45795,4843,threads,ext_threads_00001255,Day 30 with the Number Port-In Activation workflow and the field team says SignalBridge Mobile reduced manual follow-up,2026-05-25T18:46:23Z,2493,610,831,116962,0.473,,,rising,,2026-05-27T11:26:10Z
45796,4753,twitter,ext_twitter_00001256,Recommended ClearMind Customer Care Customer Retention Intake to an account manager today because churn risk is the issue,2026-05-24T04:11:38Z,895,72,20,8272,0.204,,,normal,,2026-05-27T11:26:10Z
45797,4654,youtube,ext_youtube_00001257,"Thought 5G Business Consultation demand would level off, but PulsePoint 5G is still seeing urgent requests",2026-05-07T08:10:47Z,6090,1516,354,125469,0.247,,,rising,,2026-05-27T11:26:10Z
45798,4827,youtube,ext_youtube_00001258,Morning capacity review featuring Gigabit Fiber Install. FiberPath Broadband needs pre-positioned technician capacity,2026-05-26T15:48:34Z,998,8,3,15856,0.208,,,normal,,2026-05-27T11:26:10Z
45799,4555,threads,ext_threads_00001259,Added 5G Business Consultation to the high-priority service assurance path. Thank you PulsePoint 5G for closing the gap,2026-05-20T11:14:40Z,492,8,6,519,0.401,,,normal,,2026-05-27T11:26:10Z
45800,4916,twitter,ext_twitter_00001260,Subscribers are asking for clearer instructions after fiber installation and faster follow-up windows,2026-05-27T02:20:35Z,117,82,12,2715,0.44,,,normal,,2026-05-27T11:26:10Z
45801,4686,instagram,ext_instagram_00001261,Network operations is flagging SIM Replacement Starter Kit from MetroSupply Devices as a capacity bottleneck this week,2026-05-13T02:43:38Z,2787,767,803,193176,0.857,,,rising,,2026-05-27T11:26:10Z
45802,4709,youtube,ext_youtube_00001262,Coverage update: Field Technician Evaluation capacity at OrbitMotion IoT is getting tight after a spike in service orders,2026-05-23T17:34:31Z,462,13,30,4167,0.848,,,normal,,2026-05-27T11:26:10Z
45803,4711,instagram,ext_instagram_00001263,Network monitoring alerts are helping the team catch congestion before call volume spikes,2026-05-22T12:58:47Z,35,82,9,12876,0.492,,,normal,,2026-05-27T11:26:10Z
45804,4696,instagram,ext_instagram_00001264,Outage follow-up: demand for Small Business Fiber SLA is up and FiberPath Broadband needs more field slots,2026-05-27T03:10:35Z,443,88,20,1487,0.639,,,normal,,2026-05-27T11:26:10Z
45805,4900,tiktok,ext_tiktok_00001265,"Two-week review of FiberPath Broadband Gigabit Fiber Install: strong subscriber response, but capacity planning matters",2026-05-25T15:00:20Z,168,0,22,12835,0.293,,,normal,,2026-05-27T11:26:10Z
45806,5004,instagram,ext_instagram_00001266,Families keep asking for better Wi-Fi performance before evening streaming starts,2026-05-25T01:31:37Z,754,28,44,10013,0.707,,,normal,,2026-05-27T11:26:10Z
45807,4922,youtube,ext_youtube_00001267,NOC huddle: prioritize PulsePoint 5G Home Wi-Fi Mesh Kit installs before the weekend streaming surge,2026-05-23T17:47:35Z,12528,14713,7583,263099,0.925,,,viral,,2026-05-27T11:26:10Z
45808,4616,instagram,ext_instagram_00001268,Billing and usage signals are surfacing new need for Device Upgrade Enrollment from PulsePoint 5G,2026-05-20T20:46:32Z,24935,7450,4575,711059,0.725,,,viral,,2026-05-27T11:26:10Z
45809,4590,threads,ext_threads_00001269,Roaming bill questions are creating new handoffs to billing and retention teams,2026-05-23T21:31:13Z,41,41,37,652,-0.238,,,normal,,2026-05-27T11:26:10Z
45810,4779,youtube,ext_youtube_00001270,Day 30 with the Fiber Repair Appointment workflow and the field team says FiberPath Broadband reduced manual follow-up,2026-05-25T14:24:35Z,173,19,36,13636,0.588,,,normal,,2026-05-27T11:26:10Z
45811,4556,instagram,ext_instagram_00001271,Recommended OrbitMotion IoT IoT Sensor Gateway Kit to an account manager today because churn risk is the issue,2026-05-26T04:11:26Z,8933,219,354,178031,0.593,,,rising,,2026-05-27T11:26:10Z
45812,4794,instagram,ext_instagram_00001272,Small businesses need earlier visibility into field technician appointment availability,2026-05-02T10:42:46Z,5281,1177,300,111245,0.37,,,rising,,2026-05-27T11:26:10Z
45813,4955,tiktok,ext_tiktok_00001273,Morning capacity review featuring SIM Replacement Starter Kit. MetroSupply Devices needs pre-positioned technician capacity,2026-05-27T11:18:37Z,22673,9080,3915,397383,0.42,,,viral,,2026-05-27T11:26:10Z
45814,4871,twitter,ext_twitter_00001274,Added Fixed Wireless Home Internet to the high-priority service assurance path. Thank you HomeConnect Fixed Wireless for closing the gap,2026-05-27T11:05:43Z,648,54,44,10781,0.491,,,normal,,2026-05-27T11:26:10Z
45815,4856,twitter,ext_twitter_00001275,Device-support channels are seeing increased activation demand after a handset launch,2026-05-22T07:35:00Z,1080,1517,251,194940,-0.113,,,rising,,2026-05-27T11:26:10Z
45816,4604,youtube,ext_youtube_00001276,Network operations is flagging Home Wi-Fi Mesh Kit from PulsePoint 5G as a capacity bottleneck this week,2026-05-20T02:07:32Z,6118,659,303,86761,0.476,,,rising,,2026-05-27T11:26:10Z
45817,4829,instagram,ext_instagram_00001277,Connected life teams need better outreach after recent storm-related service events,2026-05-13T10:28:30Z,237,39,43,17395,0.295,,,normal,,2026-05-27T11:26:10Z
45818,4766,instagram,ext_instagram_00001278,Subscriber experience note - MetroSupply Devices 5G Mobile Hotspot Kit is the service everyone is trying to schedule right now,2026-05-25T08:01:02Z,531,98,9,12811,0.334,,,normal,,2026-05-27T11:26:10Z
45819,4990,tiktok,ext_tiktok_00001279,Roaming bill questions are creating new handoffs to billing and retention teams,2026-04-29T20:16:22Z,911,58,48,9115,0.605,,,normal,,2026-05-27T11:26:10Z
45820,4852,youtube,ext_youtube_00001280,Subscribers are asking for clearer instructions after fiber installation and faster follow-up windows,2026-05-15T20:20:11Z,99,51,5,13655,0.411,,,normal,,2026-05-27T11:26:10Z
45821,4545,threads,ext_threads_00001281,Families keep asking where to find Outage Follow-Up Call. ClearMind Customer Care is showing up in every upgrade thread,2026-05-26T20:10:21Z,21855,9710,3414,826345,0.914,,,viral,,2026-05-27T11:26:10Z
45822,4922,youtube,ext_youtube_00001282,Small businesses need earlier visibility into field technician appointment availability,2026-05-19T17:47:52Z,760,2,22,2453,-0.275,,,normal,,2026-05-27T11:26:10Z
45823,4725,threads,ext_threads_00001283,Billing and usage signals are surfacing new need for 5G Unlimited Mobile Plan from SignalBridge Mobile,2026-05-25T10:25:43Z,6357,1904,557,131985,0.216,,,rising,,2026-05-27T11:26:10Z
45824,4815,tiktok,ext_tiktok_00001284,"If your subscribers need Roaming Cost Coaching, check RoamFlow Mobility availability early; appointment slots are moving fast",2026-05-23T14:54:57Z,7778,832,502,104646,0.72,,,rising,,2026-05-27T11:26:10Z
45825,4886,twitter,ext_twitter_00001285,Device-support channels are seeing increased activation demand after a handset launch,2026-05-17T14:56:46Z,636,96,46,7636,-0.218,,,normal,,2026-05-27T11:26:10Z
45826,4703,twitter,ext_twitter_00001286,Families keep asking for better Wi-Fi performance before evening streaming starts,2026-05-22T11:37:31Z,821,29,21,264,0.718,,,normal,,2026-05-27T11:26:10Z
45827,4849,instagram,ext_instagram_00001287,"Thought New Line Activation demand would level off, but WaveFirst Mobile is still seeing urgent requests",2026-05-02T10:28:18Z,223,93,14,2549,0.793,,,normal,,2026-05-27T11:26:10Z
45828,4881,twitter,ext_twitter_00001288,Enterprise care teams are coordinating SLA-impact cases across regional service teams today,2026-05-17T06:08:33Z,139,2,7,5482,0.161,,,normal,,2026-05-27T11:26:10Z
45829,4651,instagram,ext_instagram_00001289,Added Customer Retention Intake to the high-priority service assurance path. Thank you ClearMind Customer Care for closing the gap,2026-05-19T19:43:31Z,493,17,11,9551,0.937,,,normal,,2026-05-27T11:26:10Z
45830,4678,twitter,ext_twitter_00001290,Subscribers are asking about New Line Activation through WaveFirst Mobile; upgrade and activation demand is rising,2026-05-13T15:30:39Z,402,15,31,4752,0.862,,,normal,,2026-05-27T11:26:10Z
45831,5045,twitter,ext_twitter_00001291,Outage follow-up is the top request in our subscriber forum this week,2026-04-28T22:51:21Z,48634,4990,6865,513564,-0.172,,,viral,,2026-05-27T11:26:10Z
45832,4551,instagram,ext_instagram_00001292,Coverage update: Fiber Repair Appointment capacity at FiberPath Broadband is getting tight after a spike in service orders,2026-05-19T08:07:16Z,184696,74160,37296,11306138,0.711,,,mega_viral,,2026-05-27T11:26:10Z
45833,4702,tiktok,ext_tiktok_00001293,Network monitoring alerts are helping the team catch congestion before call volume spikes,2026-05-16T10:55:42Z,41954,14075,4568,928738,0.314,,,viral,,2026-05-27T11:26:10Z
45834,4704,youtube,ext_youtube_00001294,Coverage gaps are delaying service assurance for several subscriber groups,2026-05-01T02:41:41Z,611,78,24,12726,0.489,,,normal,,2026-05-27T11:26:10Z
45835,4749,youtube,ext_youtube_00001295,"Two-week review of HomeConnect Fixed Wireless LTE Backup Gateway: strong subscriber response, but capacity planning matters",2026-05-11T02:17:37Z,990,50,12,1464,0.588,,,normal,,2026-05-27T11:26:10Z
45836,4987,youtube,ext_youtube_00001296,Families keep asking where to find 5G Mobile Hotspot Kit. MetroSupply Devices is showing up in every upgrade thread,2026-05-15T09:31:34Z,268,87,40,19763,0.439,,,normal,,2026-05-27T11:26:10Z
45837,4954,instagram,ext_instagram_00001297,NOC huddle: prioritize FiberPath Broadband Gigabit Fiber Install installs before the weekend streaming surge,2026-05-24T00:14:36Z,5710,473,159,86357,0.274,,,rising,,2026-05-27T11:26:10Z
45838,4605,threads,ext_threads_00001298,Billing and usage signals are surfacing new need for Field Technician Evaluation from OrbitMotion IoT,2026-05-17T04:15:24Z,854,31,6,17981,0.62,,,normal,,2026-05-27T11:26:10Z
45839,4819,instagram,ext_instagram_00001299,"If your subscribers need SIM Replacement Starter Kit, check MetroSupply Devices availability early; appointment slots are moving fast",2026-05-25T15:55:04Z,535,23,24,6495,0.78,,,normal,,2026-05-27T11:26:10Z
45840,4695,threads,ext_threads_00001300,Subscribers are asking for clearer instructions after fiber installation and faster follow-up windows,2026-05-22T07:39:53Z,852,16,31,10517,-0.101,,,normal,,2026-05-27T11:26:10Z
45841,4856,twitter,ext_twitter_00001301,Recommended WaveFirst Mobile Churn Risk Save Offer to an account manager today because churn risk is the issue,2026-05-01T11:27:01Z,788,90,30,3842,0.233,,,normal,,2026-05-27T11:26:10Z
45842,4741,instagram,ext_instagram_00001302,"Thought Field Technician Evaluation demand would level off, but OrbitMotion IoT is still seeing urgent requests",2026-04-29T04:53:57Z,947,24,39,8977,0.457,,,normal,,2026-05-27T11:26:10Z
45843,5022,youtube,ext_youtube_00001303,Morning capacity review featuring Fraud Resolution Case. ClearMind Customer Care needs pre-positioned technician capacity,2026-05-08T00:15:12Z,532,48,10,4412,0.689,,,normal,,2026-05-27T11:26:10Z
45844,4769,youtube,ext_youtube_00001304,Coverage gaps are delaying service assurance for several subscriber groups,2026-05-22T20:46:58Z,7003,1368,973,136829,0.269,,,rising,,2026-05-27T11:26:10Z
45845,4768,twitter,ext_twitter_00001305,Device-support channels are seeing increased activation demand after a handset launch,2026-05-13T12:59:39Z,538,37,23,18484,0.658,,,normal,,2026-05-27T11:26:10Z
45846,4955,tiktok,ext_tiktok_00001306,Families keep asking for better Wi-Fi performance before evening streaming starts,2026-05-08T09:18:36Z,278404,46137,20130,10058451,0.133,,,mega_viral,,2026-05-27T11:26:10Z
45847,5016,twitter,ext_twitter_00001307,Coverage update: Edge Compute Reservation capacity at EnterpriseEdge Services is getting tight after a spike in service orders,2026-05-14T11:42:29Z,856,12,8,8151,0.311,,,normal,,2026-05-27T11:26:10Z
45848,4656,instagram,ext_instagram_00001308,Subscriber experience note - MetroSupply Devices 5G Mobile Hotspot Kit is the service everyone is trying to schedule right now,2026-05-19T15:55:43Z,571,29,25,9063,0.85,,,normal,,2026-05-27T11:26:10Z
45849,4675,threads,ext_threads_00001309,Outage follow-up: demand for Outage Follow-Up Call is up and ClearMind Customer Care needs more field slots,2026-05-06T07:55:54Z,332,34,2,7736,0.392,,,normal,,2026-05-27T11:26:10Z
45850,4573,twitter,ext_twitter_00001310,"Two-week review of RoamFlow Mobility Fiber Appointment Scheduling: strong subscriber response, but capacity planning matters",2026-05-08T22:20:33Z,801,84,32,12557,0.799,,,normal,,2026-05-27T11:26:10Z
45851,4604,youtube,ext_youtube_00001311,Families keep asking where to find Smart Home Connectivity Assessment. HomeConnect Fixed Wireless is showing up in every upgrade thread,2026-05-26T11:24:32Z,566,22,31,8715,0.429,,,normal,,2026-05-27T11:26:10Z
45852,4601,instagram,ext_instagram_00001312,NOC huddle: prioritize EnterpriseEdge Services Enterprise Account Navigation installs before the weekend streaming surge,2026-05-21T20:35:51Z,37,47,42,6492,0.922,,,normal,,2026-05-27T11:26:10Z
45853,4814,instagram,ext_instagram_00001313,Billing and usage signals are surfacing new need for Connected Device Monitoring Onboarding from MetroSupply Devices,2026-04-30T04:35:01Z,587,81,3,12787,0.745,,,normal,,2026-05-27T11:26:10Z
45854,4896,twitter,ext_twitter_00001314,"If your subscribers need IoT Sensor Gateway Kit, check OrbitMotion IoT availability early; appointment slots are moving fast",2026-05-27T07:55:10Z,300,45,29,3098,0.853,,,normal,,2026-05-27T11:26:10Z
45855,4766,instagram,ext_instagram_00001315,Day 30 with the Fiber Repair Appointment workflow and the field team says FiberPath Broadband reduced manual follow-up,2026-05-18T11:16:47Z,922,63,16,11242,0.75,,,normal,,2026-05-27T11:26:10Z
45856,4899,instagram,ext_instagram_00001316,Recommended ClearMind Customer Care Customer Retention Intake to an account manager today because churn risk is the issue,2026-05-26T23:15:37Z,5341,1928,235,34662,0.371,,,rising,,2026-05-27T11:26:10Z
45857,4618,twitter,ext_twitter_00001317,Connected life teams need better outreach after recent storm-related service events,2026-05-26T03:43:11Z,439,94,41,10320,0.708,,,normal,,2026-05-27T11:26:10Z
45858,4912,youtube,ext_youtube_00001318,Morning capacity review featuring Fiber Repair Appointment. FiberPath Broadband needs pre-positioned technician capacity,2026-05-12T12:46:29Z,938,82,32,14749,0.623,,,normal,,2026-05-27T11:26:10Z
45859,4546,instagram,ext_instagram_00001319,Roaming bill questions are creating new handoffs to billing and retention teams,2026-05-22T08:27:29Z,758,32,1,12067,0.478,,,normal,,2026-05-27T11:26:10Z
45860,5007,youtube,ext_youtube_00001320,Subscribers are asking for clearer instructions after fiber installation and faster follow-up windows,2026-05-25T16:01:14Z,80,10,31,827,0.754,,,normal,,2026-05-27T11:26:10Z
45861,4628,twitter,ext_twitter_00001321,Network operations is flagging Premium International Roaming Pass from SignalBridge Mobile as a capacity bottleneck this week,2026-05-12T11:06:40Z,9078,1687,942,50671,0.315,,,rising,,2026-05-27T11:26:10Z
45862,5024,instagram,ext_instagram_00001322,Coverage update: Senior Connected Life Plan capacity at SilverLine Connected Life is getting tight after a spike in service orders,2026-05-25T16:40:43Z,357,58,45,12521,0.307,,,normal,,2026-05-27T11:26:10Z
45863,4662,tiktok,ext_tiktok_00001323,Network monitoring alerts are helping the team catch congestion before call volume spikes,2026-05-19T03:30:24Z,659,21,6,14586,0.13,,,normal,,2026-05-27T11:26:10Z
45864,4954,instagram,ext_instagram_00001324,Coverage gaps are delaying service assurance for several subscriber groups,2026-05-19T12:31:18Z,939,7,29,17051,-0.007,,,normal,,2026-05-27T11:26:10Z
45865,4898,threads,ext_threads_00001325,Device-support channels are seeing increased activation demand after a handset launch,2026-05-05T20:21:21Z,135,60,8,2658,0.478,,,normal,,2026-05-27T11:26:10Z
45866,4741,instagram,ext_instagram_00001326,Families keep asking where to find Family Connectivity Support Session. SilverLine Connected Life is showing up in every upgrade thread,2026-05-01T20:17:55Z,9925,1542,271,178185,0.431,,,rising,,2026-05-27T11:26:10Z
45867,5010,tiktok,ext_tiktok_00001327,Connected life teams need better outreach after recent storm-related service events,2026-05-11T07:02:12Z,2371,695,593,88182,0.829,,,rising,,2026-05-27T11:26:10Z
45868,4712,tiktok,ext_tiktok_00001328,Billing and usage signals are surfacing new need for Student Mobile Plan from WellNest Family Plans,2026-05-26T07:13:39Z,95,70,13,2877,0.364,,,normal,,2026-05-27T11:26:10Z
45869,4802,youtube,ext_youtube_00001329,"If your subscribers need Field Technician Evaluation, check OrbitMotion IoT availability early; appointment slots are moving fast",2026-05-23T12:01:31Z,643,90,17,17924,0.87,,,normal,,2026-05-27T11:26:10Z
45870,4763,twitter,ext_twitter_00001330,Subscribers are asking for clearer instructions after fiber installation and faster follow-up windows,2026-05-27T10:22:23Z,391,75,20,17978,0.34,,,normal,,2026-05-27T11:26:10Z
45871,4996,twitter,ext_twitter_00001331,Recommended FiberPath Broadband Gigabit Fiber Install to an account manager today because churn risk is the issue,2026-05-25T00:19:03Z,23061,8610,3036,844623,0.254,,,viral,,2026-05-27T11:26:10Z
45872,4669,youtube,ext_youtube_00001332,"Thought Roaming Cost Coaching demand would level off, but RoamFlow Mobility is still seeing urgent requests",2026-05-26T06:27:50Z,8438,883,741,38972,0.37,,,rising,,2026-05-27T11:26:10Z
45873,4574,youtube,ext_youtube_00001333,Morning capacity review featuring Network Congestion Plan Review. WellNest Family Plans needs pre-positioned technician capacity,2026-05-07T00:29:23Z,691,87,43,19094,0.392,,,normal,,2026-05-27T11:26:10Z
45874,5048,instagram,ext_instagram_00001334,Added Premium International Roaming Pass to the high-priority service assurance path. Thank you SignalBridge Mobile for closing the gap,2026-05-06T03:41:08Z,570,37,19,7183,0.557,,,normal,,2026-05-27T11:26:10Z
45875,4865,tiktok,ext_tiktok_00001335,Subscribers are asking about Fiber Appointment Scheduling through RoamFlow Mobility; upgrade and activation demand is rising,2026-05-17T06:29:35Z,32,59,42,16925,0.585,,,normal,,2026-05-27T11:26:10Z
45876,4869,instagram,ext_instagram_00001336,Network operations is flagging Number Port-In Activation from SignalBridge Mobile as a capacity bottleneck this week,2026-05-15T22:36:55Z,716,7,46,13151,0.863,,,normal,,2026-05-27T11:26:10Z
45877,4649,youtube,ext_youtube_00001337,Coverage update: Small Business Fiber SLA capacity at FiberPath Broadband is getting tight after a spike in service orders,2026-05-05T08:47:51Z,704,64,4,5829,0.443,,,normal,,2026-05-27T11:26:10Z
45878,4867,youtube,ext_youtube_00001338,Subscriber experience note - OrbitMotion IoT Field Technician Evaluation is the service everyone is trying to schedule right now,2026-04-29T00:40:43Z,330443,33583,15511,3750317,0.77,,,mega_viral,,2026-05-27T11:26:10Z
45879,4825,tiktok,ext_tiktok_00001339,Outage follow-up: demand for Fixed Wireless Home Internet is up and HomeConnect Fixed Wireless needs more field slots,2026-05-20T18:16:57Z,177,32,26,13911,0.654,,,normal,,2026-05-27T11:26:10Z
45880,4741,instagram,ext_instagram_00001340,"Two-week review of HomeConnect Fixed Wireless Fixed Wireless Home Internet: strong subscriber response, but capacity planning matters",2026-05-20T09:41:42Z,135,63,20,18279,0.413,,,normal,,2026-05-27T11:26:10Z
45881,4867,youtube,ext_youtube_00001341,Families keep asking where to find Smart Home Connectivity Assessment. HomeConnect Fixed Wireless is showing up in every upgrade thread,2026-05-20T09:07:21Z,559,14,21,4133,0.504,,,normal,,2026-05-27T11:26:10Z
45882,5027,youtube,ext_youtube_00001342,NOC huddle: prioritize SilverLine Connected Life Family Connectivity Support Session installs before the weekend streaming surge,2026-05-23T01:07:42Z,883,57,43,11125,0.608,,,normal,,2026-05-27T11:26:10Z
45883,4624,youtube,ext_youtube_00001343,Billing and usage signals are surfacing new need for 5G Unlimited Mobile Plan from SignalBridge Mobile,2026-05-10T07:50:21Z,72,36,3,3533,0.524,,,normal,,2026-05-27T11:26:10Z
45884,4917,youtube,ext_youtube_00001344,"If your subscribers need Smart Home Connectivity Assessment, check HomeConnect Fixed Wireless availability early; appointment slots are moving fast",2026-05-09T07:43:33Z,234140,91622,25069,15121039,0.722,,,mega_viral,,2026-05-27T11:26:10Z
45885,4810,tiktok,ext_tiktok_00001345,Device-support channels are seeing increased activation demand after a handset launch,2026-05-19T01:12:00Z,682,72,3,10098,-0.213,,,normal,,2026-05-27T11:26:10Z
45886,4741,instagram,ext_instagram_00001346,Recommended HomeConnect Fixed Wireless LTE Backup Gateway to an account manager today because churn risk is the issue,2026-04-29T09:59:48Z,1273,1282,120,62706,0.794,,,rising,,2026-05-27T11:26:10Z
45887,4590,threads,ext_threads_00001347,"Thought SIM Replacement Starter Kit demand would level off, but MetroSupply Devices is still seeing urgent requests",2026-05-15T10:08:27Z,675,61,28,14301,0.266,,,normal,,2026-05-27T11:26:10Z
45888,4809,instagram,ext_instagram_00001348,Enterprise care teams are coordinating SLA-impact cases across regional service teams today,2026-05-06T20:31:47Z,698,79,20,327,-0.245,,,normal,,2026-05-27T11:26:10Z
45889,4970,tiktok,ext_tiktok_00001349,Added LTE Backup Gateway to the high-priority service assurance path. Thank you HomeConnect Fixed Wireless for closing the gap,2026-05-27T10:33:59Z,568,14,48,3777,0.291,,,normal,,2026-05-27T11:26:10Z
45890,5020,tiktok,ext_tiktok_00001350,Subscribers are asking about SIM Replacement Starter Kit through MetroSupply Devices; upgrade and activation demand is rising,2026-05-14T19:43:20Z,787,97,38,13583,0.942,,,normal,,2026-05-27T11:26:10Z
45891,5049,tiktok,ext_tiktok_00001351,Network operations is flagging LTE Backup Gateway from HomeConnect Fixed Wireless as a capacity bottleneck this week,2026-05-22T18:26:34Z,464,18,11,1874,0.345,,,normal,,2026-05-27T11:26:10Z
45892,5030,tiktok,ext_tiktok_00001352,Coverage update: Fleet Telematics SIM Pack capacity at OrbitMotion IoT is getting tight after a spike in service orders,2026-05-27T11:16:54Z,10539,12856,6410,816265,0.475,,,viral,,2026-05-27T11:26:10Z
45893,4878,threads,ext_threads_00001353,Subscriber experience note - ClearMind Customer Care Customer Retention Intake is the service everyone is trying to schedule right now,2026-05-27T04:59:01Z,7718,1264,471,24975,0.825,,,rising,,2026-05-27T11:26:10Z
45894,4632,tiktok,ext_tiktok_00001354,Outage follow-up: demand for Fraud Resolution Case is up and ClearMind Customer Care needs more field slots,2026-05-13T09:07:48Z,371,83,26,2392,0.849,,,normal,,2026-05-27T11:26:10Z
45895,4893,threads,ext_threads_00001355,"Two-week review of PulsePoint 5G Device Upgrade Enrollment: strong subscriber response, but capacity planning matters",2026-05-18T23:56:15Z,482,71,20,7266,0.333,,,normal,,2026-05-27T11:26:10Z
45896,4870,tiktok,ext_tiktok_00001356,Families keep asking where to find SIM Replacement Starter Kit. MetroSupply Devices is showing up in every upgrade thread,2026-05-10T05:51:31Z,990,27,19,3892,0.732,,,normal,,2026-05-27T11:26:10Z
45897,4835,tiktok,ext_tiktok_00001357,NOC huddle: prioritize WaveFirst Mobile Churn Risk Save Offer installs before the weekend streaming surge,2026-05-24T14:12:32Z,115,1,44,16227,0.541,,,normal,,2026-05-27T11:26:10Z
45898,4653,twitter,ext_twitter_00001358,Billing and usage signals are surfacing new need for New Line Activation from WaveFirst Mobile,2026-04-29T00:14:38Z,7201,1865,755,156638,0.692,,,rising,,2026-05-27T11:26:10Z
45899,5054,tiktok,ext_tiktok_00001359,"If your subscribers need Senior Connected Life Plan, check SilverLine Connected Life availability early; appointment slots are moving fast",2026-05-11T20:30:28Z,5130,1695,295,83078,0.671,,,rising,,2026-05-27T11:26:10Z
45900,5000,tiktok,ext_tiktok_00001360,Day 30 with the Fiber Repair Appointment workflow and the field team says FiberPath Broadband reduced manual follow-up,2026-05-14T13:59:32Z,450,29,7,16851,0.596,,,normal,,2026-05-27T11:26:10Z
45901,5026,twitter,ext_twitter_00001361,Recommended RoamFlow Mobility Roaming Cost Coaching to an account manager today because churn risk is the issue,2026-05-27T05:27:04Z,224,7,49,6175,0.899,,,normal,,2026-05-27T11:26:10Z
45902,4585,threads,ext_threads_00001362,Small businesses need earlier visibility into field technician appointment availability,2026-05-10T10:01:20Z,7660,1467,133,48638,0.057,,,rising,,2026-05-27T11:26:10Z
45903,4831,twitter,ext_twitter_00001363,Morning capacity review featuring 5G Mobile Hotspot Kit. MetroSupply Devices needs pre-positioned technician capacity,2026-05-20T09:01:01Z,8898,1620,267,110892,0.61,,,rising,,2026-05-27T11:26:10Z
45904,4877,youtube,ext_youtube_00001364,Added 5G Business Consultation to the high-priority service assurance path. Thank you PulsePoint 5G for closing the gap,2026-05-15T03:46:18Z,420,20,29,15670,0.945,,,normal,,2026-05-27T11:26:10Z
45905,4569,youtube,ext_youtube_00001365,Device-support channels are seeing increased activation demand after a handset launch,2026-05-26T23:30:35Z,736,82,38,10059,0.538,,,normal,,2026-05-27T11:26:10Z
45906,4702,tiktok,ext_tiktok_00001366,Network operations is flagging Family Connectivity Support Session from SilverLine Connected Life as a capacity bottleneck this week,2026-05-27T11:25:30Z,8946,346,857,178439,0.769,,,rising,,2026-05-27T11:26:10Z
45907,5057,threads,ext_threads_00001367,Connected life teams need better outreach after recent storm-related service events,2026-05-22T10:03:10Z,966,46,21,4755,0.254,,,normal,,2026-05-27T11:26:10Z
45908,4585,threads,ext_threads_00001368,Enterprise care teams are coordinating SLA-impact cases across regional service teams today,2026-04-30T09:46:24Z,5536,1590,477,65073,0.39,,,rising,,2026-05-27T11:26:10Z
45909,5001,twitter,ext_twitter_00001369,Outage follow-up: demand for Family Data Share Plan is up and WellNest Family Plans needs more field slots,2026-05-27T04:29:11Z,383,47,6,12323,0.47,,,normal,,2026-05-27T11:26:10Z
45910,4828,threads,ext_threads_00001370,Subscribers are asking for clearer instructions after fiber installation and faster follow-up windows,2026-05-23T17:00:05Z,45945,4132,2483,949217,0.733,,,viral,,2026-05-27T11:26:10Z
45911,4600,threads,ext_threads_00001371,Families keep asking where to find Network Congestion Plan Review. WellNest Family Plans is showing up in every upgrade thread,2026-05-04T23:31:17Z,30912,2784,5652,267737,0.659,,,viral,,2026-05-27T11:26:10Z
45912,4674,youtube,ext_youtube_00001372,NOC huddle: prioritize WellNest Family Plans Family Data Share Plan installs before the weekend streaming surge,2026-04-27T21:11:07Z,835,78,18,10407,0.738,,,normal,,2026-05-27T11:26:10Z
45913,4581,instagram,ext_instagram_00001373,Network monitoring alerts are helping the team catch congestion before call volume spikes,2026-05-13T14:34:18Z,750,60,0,18830,0.866,,,normal,,2026-05-27T11:26:10Z
45914,4687,tiktok,ext_tiktok_00001374,"If your subscribers need Number Port-In Activation, check SignalBridge Mobile availability early; appointment slots are moving fast",2026-05-17T02:44:05Z,924,19,34,16963,0.537,,,normal,,2026-05-27T11:26:10Z
45915,4546,instagram,ext_instagram_00001375,Device-support channels are seeing increased activation demand after a handset launch,2026-04-29T08:54:48Z,835,48,4,16596,0.747,,,normal,,2026-05-27T11:26:10Z
45916,4958,threads,ext_threads_00001376,Families keep asking for better Wi-Fi performance before evening streaming starts,2026-05-10T01:39:59Z,716,4,3,8973,0.046,,,normal,,2026-05-27T11:26:10Z
45917,4762,tiktok,ext_tiktok_00001377,"Thought Senior Connected Life Plan demand would level off, but SilverLine Connected Life is still seeing urgent requests",2026-05-16T17:18:55Z,522,41,45,16851,0.439,,,normal,,2026-05-27T11:26:10Z
45918,4699,youtube,ext_youtube_00001378,Enterprise care teams are coordinating SLA-impact cases across regional service teams today,2026-05-10T20:34:09Z,19165,5427,4192,340836,0.888,,,viral,,2026-05-27T11:26:10Z
45919,4775,threads,ext_threads_00001379,Added Student Mobile Plan to the high-priority service assurance path. Thank you WellNest Family Plans for closing the gap,2026-05-27T02:49:27Z,955,69,6,3776,0.863,,,normal,,2026-05-27T11:26:10Z
45920,4946,twitter,ext_twitter_00001380,Subscribers are asking about Senior Connected Life Plan through SilverLine Connected Life; upgrade and activation demand is rising,2026-05-25T17:07:09Z,132,39,30,3934,0.787,,,normal,,2026-05-27T11:26:10Z
45921,4824,instagram,ext_instagram_00001381,Outage follow-up is the top request in our subscriber forum this week,2026-05-25T18:34:44Z,545,39,16,4098,0.77,,,normal,,2026-05-27T11:26:10Z
45922,4604,youtube,ext_youtube_00001382,Coverage update: Connected Device Monitoring Onboarding capacity at MetroSupply Devices is getting tight after a spike in service orders,2026-05-15T11:21:22Z,225,40,37,16392,0.36,,,normal,,2026-05-27T11:26:10Z
45923,4990,tiktok,ext_tiktok_00001383,Network monitoring alerts are helping the team catch congestion before call volume spikes,2026-05-23T20:44:07Z,5904,703,696,68460,0.651,,,rising,,2026-05-27T11:26:10Z
45924,4873,threads,ext_threads_00001384,Outage follow-up: demand for Senior Connected Life Plan is up and SilverLine Connected Life needs more field slots,2026-05-19T20:20:54Z,396,51,23,15390,0.626,,,normal,,2026-05-27T11:26:10Z
45925,4627,tiktok,ext_tiktok_00001385,Device-support channels are seeing increased activation demand after a handset launch,2026-05-04T19:56:56Z,374,55,10,1811,0.836,,,normal,,2026-05-27T11:26:10Z
45926,4553,twitter,ext_twitter_00001386,Families keep asking where to find Number Port-In Activation. SignalBridge Mobile is showing up in every upgrade thread,2026-05-23T23:37:51Z,729,92,46,4707,0.62,,,normal,,2026-05-27T11:26:10Z
45927,4572,tiktok,ext_tiktok_00001387,NOC huddle: prioritize WellNest Family Plans Family Data Share Plan installs before the weekend streaming surge,2026-05-03T22:10:07Z,585,99,9,2242,0.521,,,normal,,2026-05-27T11:26:10Z
45928,4829,instagram,ext_instagram_00001388,Billing and usage signals are surfacing new need for Fleet Telematics SIM Pack from OrbitMotion IoT,2026-05-06T01:08:35Z,637,86,14,5498,0.741,,,normal,,2026-05-27T11:26:10Z
45929,5057,threads,ext_threads_00001389,"If your subscribers need Home Wi-Fi Mesh Kit, check PulsePoint 5G availability early; appointment slots are moving fast",2026-05-24T12:19:09Z,679,82,35,15074,0.599,,,normal,,2026-05-27T11:26:10Z
45930,5045,twitter,ext_twitter_00001390,Day 30 with the Enterprise Account Navigation workflow and the field team says EnterpriseEdge Services reduced manual follow-up,2026-05-25T12:32:51Z,2000,667,180,49800,0.623,,,rising,,2026-05-27T11:26:10Z
45931,4666,instagram,ext_instagram_00001391,Recommended WellNest Family Plans Student Mobile Plan to an account manager today because churn risk is the issue,2026-05-11T17:48:26Z,2562,619,111,70380,0.706,,,rising,,2026-05-27T11:26:10Z
45932,4677,tiktok,ext_tiktok_00001392,Small businesses need earlier visibility into field technician appointment availability,2026-04-28T12:54:43Z,5216,1590,615,145537,0.617,,,rising,,2026-05-27T11:26:10Z
45933,4752,tiktok,ext_tiktok_00001393,Morning capacity review featuring Small Business Fiber SLA. FiberPath Broadband needs pre-positioned technician capacity,2026-05-24T04:39:47Z,964,4,37,13697,0.815,,,normal,,2026-05-27T11:26:10Z
45934,4592,tiktok,ext_tiktok_00001394,Added Device Upgrade Enrollment to the high-priority service assurance path. Thank you PulsePoint 5G for closing the gap,2026-05-27T10:25:41Z,5148,599,601,127598,0.209,,,rising,,2026-05-27T11:26:10Z
45935,4617,tiktok,ext_tiktok_00001395,Device-support channels are seeing increased activation demand after a handset launch,2026-05-08T08:38:02Z,12,86,41,14982,0.575,,,normal,,2026-05-27T11:26:10Z
45936,4799,instagram,ext_instagram_00001396,Network operations is flagging Family Data Share Plan from WellNest Family Plans as a capacity bottleneck this week,2026-05-12T10:09:10Z,715,81,44,14818,0.632,,,normal,,2026-05-27T11:26:10Z
45937,4669,youtube,ext_youtube_00001397,Coverage update: Fiber Appointment Scheduling capacity at RoamFlow Mobility is getting tight after a spike in service orders,2026-05-12T22:08:48Z,9341,1918,842,111562,0.571,,,rising,,2026-05-27T11:26:10Z
45938,4782,tiktok,ext_tiktok_00001398,Subscriber experience note - FiberPath Broadband Small Business Fiber SLA is the service everyone is trying to schedule right now,2026-05-26T08:44:13Z,542,27,48,16298,0.618,,,normal,,2026-05-27T11:26:10Z
45939,4816,twitter,ext_twitter_00001399,Outage follow-up: demand for Gigabit Fiber Install is up and FiberPath Broadband needs more field slots,2026-05-04T21:32:39Z,772,31,17,13652,0.254,,,normal,,2026-05-27T11:26:10Z
45940,4773,twitter,ext_twitter_00001400,"Two-week review of HomeConnect Fixed Wireless LTE Backup Gateway: strong subscriber response, but capacity planning matters",2026-05-09T20:10:29Z,560,21,28,4891,0.721,,,normal,,2026-05-27T11:26:10Z
45941,4899,instagram,ext_instagram_00001401,Families keep asking where to find Fiber Appointment Scheduling. RoamFlow Mobility is showing up in every upgrade thread,2026-05-25T17:33:17Z,728,35,6,8781,0.711,,,normal,,2026-05-27T11:26:10Z
45942,4728,twitter,ext_twitter_00001402,Small businesses need earlier visibility into field technician appointment availability,2026-05-24T12:08:15Z,606,48,30,13336,0.329,,,normal,,2026-05-27T11:26:10Z
45943,4808,threads,ext_threads_00001403,Network monitoring alerts are helping the team catch congestion before call volume spikes,2026-05-20T12:10:42Z,173,57,3,6723,-0.266,,,normal,,2026-05-27T11:26:10Z
45944,4634,youtube,ext_youtube_00001404,"If your subscribers need Connected Device Monitoring Onboarding, check MetroSupply Devices availability early; appointment slots are moving fast",2026-05-26T17:57:06Z,239,64,40,11771,0.755,,,normal,,2026-05-27T11:26:10Z
45945,4633,twitter,ext_twitter_00001405,Day 30 with the Connected Device Monitoring Onboarding workflow and the field team says MetroSupply Devices reduced manual follow-up,2026-04-28T15:01:04Z,274,32,16,9213,0.667,,,normal,,2026-05-27T11:26:10Z
45946,4707,tiktok,ext_tiktok_00001406,Recommended SignalBridge Mobile 5G Unlimited Mobile Plan to an account manager today because churn risk is the issue,2026-05-24T03:34:20Z,5751,1476,778,129602,0.559,,,rising,,2026-05-27T11:26:10Z
45947,4913,threads,ext_threads_00001407,"Thought Family Connectivity Support Session demand would level off, but SilverLine Connected Life is still seeing urgent requests",2026-05-24T23:01:32Z,878,11,43,17148,0.735,,,normal,,2026-05-27T11:26:10Z
45948,4794,instagram,ext_instagram_00001408,Morning capacity review featuring Family Connectivity Support Session. SilverLine Connected Life needs pre-positioned technician capacity,2026-05-05T21:54:47Z,658,49,10,15766,0.715,,,normal,,2026-05-27T11:26:10Z
45949,4745,threads,ext_threads_00001409,Added Roaming Cost Coaching to the high-priority service assurance path. Thank you RoamFlow Mobility for closing the gap,2026-05-22T14:52:23Z,17816,8787,5897,470768,0.611,,,viral,,2026-05-27T11:26:10Z
45950,4748,twitter,ext_twitter_00001410,Subscribers are asking about Edge Compute Reservation through EnterpriseEdge Services; upgrade and activation demand is rising,2026-05-08T20:46:45Z,625,35,30,6011,0.479,,,normal,,2026-05-27T11:26:10Z
45951,4830,tiktok,ext_tiktok_00001411,Network operations is flagging Senior Connected Life Plan from SilverLine Connected Life as a capacity bottleneck this week,2026-05-18T15:26:57Z,201,48,0,13246,0.528,,,normal,,2026-05-27T11:26:10Z
45952,4605,threads,ext_threads_00001412,Coverage update: Fleet Telematics SIM Pack capacity at OrbitMotion IoT is getting tight after a spike in service orders,2026-05-02T00:53:09Z,522,19,28,7962,0.419,,,normal,,2026-05-27T11:26:10Z
45953,4842,youtube,ext_youtube_00001413,Subscriber experience note - WaveFirst Mobile Churn Risk Save Offer is the service everyone is trying to schedule right now,2026-05-25T00:33:36Z,23604,6853,5593,735973,0.25,,,viral,,2026-05-27T11:26:10Z
45954,4904,instagram,ext_instagram_00001414,Outage follow-up: demand for Small Business Fiber SLA is up and FiberPath Broadband needs more field slots,2026-05-24T20:34:41Z,585,58,48,10861,0.949,,,normal,,2026-05-27T11:26:10Z
45955,4872,youtube,ext_youtube_00001415,Device-support channels are seeing increased activation demand after a handset launch,2026-04-30T05:01:44Z,4089,1873,390,57207,0.576,,,rising,,2026-05-27T11:26:10Z
45956,5031,twitter,ext_twitter_00001416,Families keep asking where to find Fraud Resolution Case. ClearMind Customer Care is showing up in every upgrade thread,2026-05-23T15:18:04Z,1762,729,224,126535,0.262,,,rising,,2026-05-27T11:26:10Z
45957,4541,instagram,ext_instagram_00001417,NOC huddle: prioritize WaveFirst Mobile New Line Activation installs before the weekend streaming surge,2026-05-17T08:00:31Z,611,43,24,1944,0.868,,,normal,,2026-05-27T11:26:10Z
45958,4620,threads,ext_threads_00001418,Billing and usage signals are surfacing new need for Fiber Repair Appointment from FiberPath Broadband,2026-05-19T07:18:55Z,454,69,30,7882,0.685,,,normal,,2026-05-27T11:26:10Z
45959,4578,twitter,ext_twitter_00001419,Roaming bill questions are creating new handoffs to billing and retention teams,2026-04-29T04:00:52Z,10469,2699,4270,395553,0.32,,,viral,,2026-05-27T11:26:10Z
45960,4701,instagram,ext_instagram_00001420,Day 30 with the Device Upgrade Enrollment workflow and the field team says PulsePoint 5G reduced manual follow-up,2026-05-25T14:55:14Z,538,82,26,17103,0.624,,,normal,,2026-05-27T11:26:10Z
45961,5007,youtube,ext_youtube_00001421,Recommended RoamFlow Mobility Roaming Cost Coaching to an account manager today because churn risk is the issue,2026-04-29T23:37:03Z,161,15,44,4108,0.273,,,normal,,2026-05-27T11:26:10Z
45962,4995,tiktok,ext_tiktok_00001422,Small businesses need earlier visibility into field technician appointment availability,2026-05-22T19:41:27Z,4744,908,691,54085,-0.048,,,rising,,2026-05-27T11:26:10Z
45963,4610,threads,ext_threads_00001423,Network monitoring alerts are helping the team catch congestion before call volume spikes,2026-05-22T02:14:28Z,305,67,29,16019,0.055,,,normal,,2026-05-27T11:26:10Z
45964,5022,youtube,ext_youtube_00001424,Added Student Mobile Plan to the high-priority service assurance path. Thank you WellNest Family Plans for closing the gap,2026-05-25T21:25:45Z,830,34,14,1010,0.53,,,normal,,2026-05-27T11:26:10Z
45965,4565,threads,ext_threads_00001425,Subscribers are asking about Student Mobile Plan through WellNest Family Plans; upgrade and activation demand is rising,2026-05-07T08:06:44Z,981,60,23,306,0.633,,,normal,,2026-05-27T11:26:10Z
45966,4713,twitter,ext_twitter_00001426,Network operations is flagging Churn Risk Save Offer from WaveFirst Mobile as a capacity bottleneck this week,2026-05-13T06:39:38Z,9649,1926,365,148005,0.83,,,rising,,2026-05-27T11:26:10Z
45967,4583,twitter,ext_twitter_00001427,Coverage update: Small Business Fiber SLA capacity at FiberPath Broadband is getting tight after a spike in service orders,2026-05-08T07:34:42Z,875,37,34,14061,0.786,,,normal,,2026-05-27T11:26:10Z
45968,4753,twitter,ext_twitter_00001428,Subscriber experience note - ClearMind Customer Care Fraud Resolution Case is the service everyone is trying to schedule right now,2026-05-16T07:27:47Z,6695,484,213,183887,0.541,,,rising,,2026-05-27T11:26:10Z
45969,4927,youtube,ext_youtube_00001429,Outage follow-up: demand for Field Technician Evaluation is up and OrbitMotion IoT needs more field slots,2026-05-26T22:12:03Z,247,29,28,19991,0.807,,,normal,,2026-05-27T11:26:10Z
45970,4616,instagram,ext_instagram_00001430,Subscribers are asking for clearer instructions after fiber installation and faster follow-up windows,2026-05-12T16:05:17Z,382,85,18,2909,0.553,,,normal,,2026-05-27T11:26:10Z
45971,4766,instagram,ext_instagram_00001431,Outage follow-up is the top request in our subscriber forum this week,2026-05-25T13:39:01Z,263,89,32,15202,0.036,,,normal,,2026-05-27T11:26:10Z
45972,4949,instagram,ext_instagram_00001432,NOC huddle: prioritize SignalBridge Mobile Number Port-In Activation installs before the weekend streaming surge,2026-05-10T18:10:07Z,13662,4175,6311,722314,0.619,,,viral,,2026-05-27T11:26:10Z
45973,4793,threads,ext_threads_00001433,Billing and usage signals are surfacing new need for 5G Mobile Hotspot Kit from MetroSupply Devices,2026-05-27T10:36:28Z,175,74,41,11252,0.421,,,normal,,2026-05-27T11:26:10Z
45974,4564,youtube,ext_youtube_00001434,Coverage gaps are delaying service assurance for several subscriber groups,2026-05-20T16:36:52Z,670,13,49,889,-0.14,,,normal,,2026-05-27T11:26:10Z
45975,4847,youtube,ext_youtube_00001435,Day 30 with the Enterprise Account Navigation workflow and the field team says EnterpriseEdge Services reduced manual follow-up,2026-05-12T11:03:30Z,952,27,17,10186,0.396,,,normal,,2026-05-27T11:26:10Z
45976,4597,tiktok,ext_tiktok_00001436,Families keep asking for better Wi-Fi performance before evening streaming starts,2026-05-18T10:22:14Z,338,89,26,5607,0.414,,,normal,,2026-05-27T11:26:10Z
45977,4768,twitter,ext_twitter_00001437,Connected life teams need better outreach after recent storm-related service events,2026-05-22T15:45:20Z,940,26,40,16395,0.236,,,normal,,2026-05-27T11:26:10Z
45978,4604,youtube,ext_youtube_00001438,Enterprise care teams are coordinating SLA-impact cases across regional service teams today,2026-05-27T10:11:20Z,5169,364,462,20520,0.311,,,rising,,2026-05-27T11:26:10Z
45979,5002,youtube,ext_youtube_00001439,Roaming bill questions are creating new handoffs to billing and retention teams,2026-04-28T07:29:17Z,590,54,20,8194,-0.18,,,normal,,2026-05-27T11:26:10Z
45980,5058,instagram,ext_instagram_00001440,Subscribers are asking about Number Port-In Activation through SignalBridge Mobile; upgrade and activation demand is rising,2026-05-27T06:14:49Z,42028,13661,5188,254851,0.596,,,viral,,2026-05-27T11:26:10Z
45981,4933,threads,ext_threads_00001441,Network operations is flagging New Line Activation from WaveFirst Mobile as a capacity bottleneck this week,2026-05-05T23:36:57Z,9189,900,552,42005,0.733,,,rising,,2026-05-27T11:26:10Z
45982,4583,twitter,ext_twitter_00001442,Coverage update: Family Data Share Plan capacity at WellNest Family Plans is getting tight after a spike in service orders,2026-05-27T04:26:24Z,1641,1112,825,51100,0.907,,,rising,,2026-05-27T11:26:10Z
45983,4969,instagram,ext_instagram_00001443,Network monitoring alerts are helping the team catch congestion before call volume spikes,2026-05-18T04:47:10Z,2666,1945,654,72113,-0.085,,,rising,,2026-05-27T11:26:10Z
45984,4649,youtube,ext_youtube_00001444,Outage follow-up: demand for Enterprise Account Navigation is up and EnterpriseEdge Services needs more field slots,2026-05-27T09:04:47Z,91,79,8,18907,0.265,,,normal,,2026-05-27T11:26:10Z
45985,4875,tiktok,ext_tiktok_00001445,"Two-week review of SilverLine Connected Life Senior Connected Life Plan: strong subscriber response, but capacity planning matters",2026-05-23T11:39:10Z,407251,41364,27934,9213814,0.55,,,mega_viral,,2026-05-27T11:26:10Z
45986,4769,youtube,ext_youtube_00001446,Families keep asking for better Wi-Fi performance before evening streaming starts,2026-05-26T16:21:39Z,882,68,25,17380,-0.079,,,normal,,2026-05-27T11:26:10Z
45987,4728,twitter,ext_twitter_00001447,NOC huddle: prioritize HomeConnect Fixed Wireless Fixed Wireless Home Internet installs before the weekend streaming surge,2026-05-27T10:47:50Z,9488,1642,511,127152,0.573,,,rising,,2026-05-27T11:26:10Z
45988,4782,tiktok,ext_tiktok_00001448,Enterprise care teams are coordinating SLA-impact cases across regional service teams today,2026-05-15T07:32:05Z,8510,452,981,55098,0.117,,,rising,,2026-05-27T11:26:10Z
45989,4700,threads,ext_threads_00001449,"If your subscribers need Network Congestion Plan Review, check WellNest Family Plans availability early; appointment slots are moving fast",2026-05-24T22:15:35Z,34467,6818,5952,547132,0.422,,,viral,,2026-05-27T11:26:10Z
45990,5000,tiktok,ext_tiktok_00001450,Day 30 with the Gigabit Fiber Install workflow and the field team says FiberPath Broadband reduced manual follow-up,2026-05-25T15:52:49Z,900,3,5,17112,0.329,,,normal,,2026-05-27T11:26:10Z
45991,4855,tiktok,ext_tiktok_00001451,Outage follow-up is the top request in our subscriber forum this week,2026-05-27T07:18:11Z,716,11,42,11864,0.569,,,normal,,2026-05-27T11:26:10Z
45992,4612,tiktok,ext_tiktok_00001452,"Thought Fixed Wireless Home Internet demand would level off, but HomeConnect Fixed Wireless is still seeing urgent requests",2026-04-29T17:37:53Z,9778,814,355,138656,0.469,,,rising,,2026-05-27T11:26:10Z
45993,4999,instagram,ext_instagram_00001453,Morning capacity review featuring Outage Follow-Up Call. ClearMind Customer Care needs pre-positioned technician capacity,2026-05-26T07:20:05Z,520,71,35,15275,0.484,,,normal,,2026-05-27T11:26:10Z
45994,4708,twitter,ext_twitter_00001454,Added 5G Mobile Hotspot Kit to the high-priority service assurance path. Thank you MetroSupply Devices for closing the gap,2026-05-27T06:59:51Z,7989,959,499,196270,0.785,,,rising,,2026-05-27T11:26:10Z
45995,4719,youtube,ext_youtube_00001455,Subscribers are asking about Fleet Telematics SIM Pack through OrbitMotion IoT; upgrade and activation demand is rising,2026-05-26T18:09:27Z,45791,13768,2002,710258,0.27,,,viral,,2026-05-27T11:26:10Z
45996,5012,youtube,ext_youtube_00001456,Families keep asking for better Wi-Fi performance before evening streaming starts,2026-05-26T15:14:26Z,9119,1289,147,110303,0.478,,,rising,,2026-05-27T11:26:10Z
45997,4847,youtube,ext_youtube_00001457,Connected life teams need better outreach after recent storm-related service events,2026-05-17T11:31:23Z,797,60,46,386,0.814,,,normal,,2026-05-27T11:26:10Z
45998,4884,instagram,ext_instagram_00001458,Subscriber experience note - HomeConnect Fixed Wireless LTE Backup Gateway is the service everyone is trying to schedule right now,2026-05-03T15:36:01Z,34939,7749,2600,810732,0.37,,,viral,,2026-05-27T11:26:10Z
45999,4949,instagram,ext_instagram_00001459,Roaming bill questions are creating new handoffs to billing and retention teams,2026-05-11T07:06:56Z,428,67,25,8227,0.22,,,normal,,2026-05-27T11:26:10Z
46000,4841,twitter,ext_twitter_00001460,"Two-week review of RoamFlow Mobility Fiber Appointment Scheduling: strong subscriber response, but capacity planning matters",2026-05-01T02:08:14Z,357,92,21,16775,0.683,,,normal,,2026-05-27T11:26:10Z
46001,4820,tiktok,ext_tiktok_00001461,Families keep asking where to find LTE Backup Gateway. HomeConnect Fixed Wireless is showing up in every upgrade thread,2026-05-26T06:58:24Z,1909,1378,336,181793,0.355,,,rising,,2026-05-27T11:26:10Z
46002,4578,twitter,ext_twitter_00001462,Small businesses need earlier visibility into field technician appointment availability,2026-05-06T21:06:21Z,8627,210,730,61211,0.705,,,rising,,2026-05-27T11:26:10Z
46003,4571,instagram,ext_instagram_00001463,Billing and usage signals are surfacing new need for Senior Connected Life Plan from SilverLine Connected Life,2026-05-06T14:34:34Z,172,74,43,9941,0.668,,,normal,,2026-05-27T11:26:10Z
46004,4826,twitter,ext_twitter_00001464,"If your subscribers need 5G Unlimited Mobile Plan, check SignalBridge Mobile availability early; appointment slots are moving fast",2026-05-18T10:08:56Z,374,46,24,17996,0.286,,,normal,,2026-05-27T11:26:10Z
46005,4602,tiktok,ext_tiktok_00001465,Device-support channels are seeing increased activation demand after a handset launch,2026-05-24T23:23:55Z,596,30,41,787,0.154,,,normal,,2026-05-27T11:26:10Z
46006,4597,tiktok,ext_tiktok_00001466,Recommended HomeConnect Fixed Wireless Smart Home Connectivity Assessment to an account manager today because churn risk is the issue,2026-05-25T03:20:11Z,968,59,28,9180,0.686,,,normal,,2026-05-27T11:26:10Z
46007,4575,threads,ext_threads_00001467,"Thought Edge Compute Reservation demand would level off, but EnterpriseEdge Services is still seeing urgent requests",2026-05-12T04:46:27Z,1960,240,313,121312,0.327,,,rising,,2026-05-27T11:26:10Z
46008,4627,tiktok,ext_tiktok_00001468,Enterprise care teams are coordinating SLA-impact cases across regional service teams today,2026-05-21T15:34:52Z,7165,507,921,111150,0.158,,,rising,,2026-05-27T11:26:10Z
46009,4574,youtube,ext_youtube_00001469,Added Senior Connected Life Plan to the high-priority service assurance path. Thank you SilverLine Connected Life for closing the gap,2026-05-04T03:32:53Z,720,96,4,12159,0.321,,,normal,,2026-05-27T11:26:10Z
46010,4883,threads,ext_threads_00001470,Subscribers are asking for clearer instructions after fiber installation and faster follow-up windows,2026-05-18T17:33:36Z,7284,1670,950,81310,-0.171,,,rising,,2026-05-27T11:26:10Z
46011,4903,threads,ext_threads_00001471,Network operations is flagging Network Congestion Plan Review from WellNest Family Plans as a capacity bottleneck this week,2026-04-29T11:51:16Z,99,40,7,5973,0.758,,,normal,,2026-05-27T11:26:10Z
46012,4646,instagram,ext_instagram_00001472,Small businesses need earlier visibility into field technician appointment availability,2026-05-11T15:40:33Z,523,96,27,19393,-0.068,,,normal,,2026-05-27T11:26:10Z
46013,4697,tiktok,ext_tiktok_00001473,Network monitoring alerts are helping the team catch congestion before call volume spikes,2026-05-26T18:58:25Z,674,97,10,9764,-0.201,,,normal,,2026-05-27T11:26:10Z
46014,4958,threads,ext_threads_00001474,Coverage gaps are delaying service assurance for several subscriber groups,2026-05-14T10:43:11Z,3910,1028,617,125603,0.134,,,rising,,2026-05-27T11:26:10Z
46015,4730,threads,ext_threads_00001475,"Two-week review of EnterpriseEdge Services Enterprise Account Navigation: strong subscriber response, but capacity planning matters",2026-05-25T17:48:38Z,1108,256,737,69940,0.879,,,rising,,2026-05-27T11:26:10Z
46016,4751,instagram,ext_instagram_00001476,Families keep asking where to find Device Upgrade Enrollment. PulsePoint 5G is showing up in every upgrade thread,2026-05-24T06:55:14Z,414305,62528,19117,5460443,0.728,,,mega_viral,,2026-05-27T11:26:10Z
46017,5000,tiktok,ext_tiktok_00001477,Connected life teams need better outreach after recent storm-related service events,2026-05-17T20:54:24Z,159,48,39,15997,0.356,,,normal,,2026-05-27T11:26:10Z
46018,5012,youtube,ext_youtube_00001478,Enterprise care teams are coordinating SLA-impact cases across regional service teams today,2026-05-26T13:47:58Z,895,39,29,3626,0.098,,,normal,,2026-05-27T11:26:10Z
46019,5041,youtube,ext_youtube_00001479,Roaming bill questions are creating new handoffs to billing and retention teams,2026-05-08T19:17:44Z,16087,2316,1633,290183,0.75,,,viral,,2026-05-27T11:26:10Z
46020,4975,tiktok,ext_tiktok_00001480,Subscribers are asking for clearer instructions after fiber installation and faster follow-up windows,2026-05-27T08:46:28Z,9206,411,951,193576,0.333,,,rising,,2026-05-27T11:26:10Z
46021,4961,twitter,ext_twitter_00001481,Recommended SilverLine Connected Life Senior Connected Life Plan to an account manager today because churn risk is the issue,2026-05-05T17:37:31Z,9974,1409,509,185072,0.827,,,rising,,2026-05-27T11:26:10Z
46022,4757,tiktok,ext_tiktok_00001482,"Thought Family Data Share Plan demand would level off, but WellNest Family Plans is still seeing urgent requests",2026-05-11T21:47:11Z,700,44,11,2369,0.856,,,normal,,2026-05-27T11:26:10Z
46023,4826,twitter,ext_twitter_00001483,Morning capacity review featuring Field Technician Evaluation. OrbitMotion IoT needs pre-positioned technician capacity,2026-04-30T08:47:04Z,884,81,36,1259,0.447,,,normal,,2026-05-27T11:26:10Z
46024,5044,tiktok,ext_tiktok_00001484,Coverage gaps are delaying service assurance for several subscriber groups,2026-05-09T11:37:24Z,784,75,3,12502,0.569,,,normal,,2026-05-27T11:26:10Z
46025,4862,youtube,ext_youtube_00001485,Subscribers are asking about Senior Connected Life Plan through SilverLine Connected Life; upgrade and activation demand is rising,2026-05-23T20:20:27Z,608,81,38,17461,0.387,,,normal,,2026-05-27T11:26:10Z
46026,4677,tiktok,ext_tiktok_00001486,Families keep asking for better Wi-Fi performance before evening streaming starts,2026-05-26T14:10:41Z,243,69,19,8997,0.476,,,normal,,2026-05-27T11:26:10Z
46027,4978,threads,ext_threads_00001487,Coverage update: SIM Replacement Starter Kit capacity at MetroSupply Devices is getting tight after a spike in service orders,2026-05-10T10:22:14Z,698,82,38,12229,0.563,,,normal,,2026-05-27T11:26:10Z
46028,4897,youtube,ext_youtube_00001488,Subscriber experience note - FiberPath Broadband Small Business Fiber SLA is the service everyone is trying to schedule right now,2026-05-24T12:55:40Z,794,76,21,9465,0.334,,,normal,,2026-05-27T11:26:10Z
46029,4987,youtube,ext_youtube_00001489,Outage follow-up: demand for LTE Backup Gateway is up and HomeConnect Fixed Wireless needs more field slots,2026-05-14T12:26:44Z,910,9,32,3210,0.421,,,normal,,2026-05-27T11:26:10Z
46030,4874,instagram,ext_instagram_00001490,"Two-week review of WellNest Family Plans Student Mobile Plan: strong subscriber response, but capacity planning matters",2026-05-04T02:41:36Z,657,32,23,11834,0.936,,,normal,,2026-05-27T11:26:10Z
46031,4920,tiktok,ext_tiktok_00001491,Families keep asking where to find 5G Mobile Hotspot Kit. MetroSupply Devices is showing up in every upgrade thread,2026-05-26T17:27:54Z,1024,543,801,126772,0.442,,,rising,,2026-05-27T11:26:10Z
46032,4715,threads,ext_threads_00001492,NOC huddle: prioritize FiberPath Broadband Gigabit Fiber Install installs before the weekend streaming surge,2026-05-05T22:51:25Z,46640,6242,3107,876642,0.346,,,viral,,2026-05-27T11:26:10Z
46033,4855,tiktok,ext_tiktok_00001493,Network monitoring alerts are helping the team catch congestion before call volume spikes,2026-05-25T17:31:52Z,599,92,35,329,0.097,,,normal,,2026-05-27T11:26:10Z
46034,4751,instagram,ext_instagram_00001494,"If your subscribers need 5G Mobile Hotspot Kit, check MetroSupply Devices availability early; appointment slots are moving fast",2026-05-22T13:37:03Z,287,37,47,19393,0.3,,,normal,,2026-05-27T11:26:10Z
46035,4912,youtube,ext_youtube_00001495,Day 30 with the Device Upgrade Enrollment workflow and the field team says PulsePoint 5G reduced manual follow-up,2026-05-26T15:07:09Z,4386,678,908,103982,0.379,,,rising,,2026-05-27T11:26:10Z
46036,4921,twitter,ext_twitter_00001496,Families keep asking for better Wi-Fi performance before evening streaming starts,2026-05-26T13:56:09Z,482137,93649,8190,2786642,0.376,,,mega_viral,,2026-05-27T11:26:10Z
46037,4547,tiktok,ext_tiktok_00001497,"Thought Senior Connected Life Plan demand would level off, but SilverLine Connected Life is still seeing urgent requests",2026-05-08T00:23:59Z,56,68,8,2438,0.519,,,normal,,2026-05-27T11:26:10Z
46038,4911,twitter,ext_twitter_00001498,Morning capacity review featuring LTE Backup Gateway. HomeConnect Fixed Wireless needs pre-positioned technician capacity,2026-05-27T01:15:20Z,30255,6699,7468,511055,0.606,,,viral,,2026-05-27T11:26:10Z
46039,4577,tiktok,ext_tiktok_00001499,Roaming bill questions are creating new handoffs to billing and retention teams,2026-05-18T06:29:25Z,902,96,29,17550,0.834,,,normal,,2026-05-27T11:26:10Z
46040,4809,instagram,ext_instagram_00001500,Subscribers are asking about Network Congestion Plan Review through WellNest Family Plans; upgrade and activation demand is rising,2026-05-24T16:07:41Z,383,88,42,4944,0.413,,,normal,,2026-05-27T11:26:10Z
46041,4961,twitter,ext_twitter_00001501,Outage follow-up is the top request in our subscriber forum this week,2026-05-26T13:19:13Z,2967,298,996,23328,-0.029,,,rising,,2026-05-27T11:26:10Z
46042,4643,twitter,ext_twitter_00001502,Coverage update: Small Business Fiber SLA capacity at FiberPath Broadband is getting tight after a spike in service orders,2026-05-26T13:57:36Z,398,86,30,8037,0.948,,,normal,,2026-05-27T11:26:10Z
46043,4911,twitter,ext_twitter_00001503,Subscriber experience note - WaveFirst Mobile Churn Risk Save Offer is the service everyone is trying to schedule right now,2026-05-11T20:00:57Z,355,94,12,3334,0.723,,,normal,,2026-05-27T11:26:10Z
46044,4822,youtube,ext_youtube_00001504,Outage follow-up: demand for 5G Business Consultation is up and PulsePoint 5G needs more field slots,2026-05-16T23:50:49Z,683,14,14,6663,0.946,,,normal,,2026-05-27T11:26:10Z
46045,4732,tiktok,ext_tiktok_00001505,"Two-week review of EnterpriseEdge Services Enterprise Account Navigation: strong subscriber response, but capacity planning matters",2026-05-27T09:06:16Z,8516,756,219,182424,0.733,,,rising,,2026-05-27T11:26:10Z
46046,4586,instagram,ext_instagram_00001506,Families keep asking where to find Fixed Wireless Home Internet. HomeConnect Fixed Wireless is showing up in every upgrade thread,2026-05-27T11:25:35Z,481704,67546,44816,18229035,0.478,,,mega_viral,,2026-05-27T11:26:10Z
46047,4643,twitter,ext_twitter_00001507,NOC huddle: prioritize SilverLine Connected Life Senior Connected Life Plan installs before the weekend streaming surge,2026-05-13T06:44:46Z,284,83,22,155,0.489,,,normal,,2026-05-27T11:26:10Z
46048,4820,tiktok,ext_tiktok_00001508,Billing and usage signals are surfacing new need for Small Business Fiber SLA from FiberPath Broadband,2026-05-16T15:29:19Z,366,77,6,17227,0.703,,,normal,,2026-05-27T11:26:10Z
46049,5029,instagram,ext_instagram_00001509,"If your subscribers need Fleet Telematics SIM Pack, check OrbitMotion IoT availability early; appointment slots are moving fast",2026-05-02T08:00:37Z,9330,1162,489,30643,0.3,,,rising,,2026-05-27T11:26:10Z
46050,4695,threads,ext_threads_00001510,Day 30 with the Family Connectivity Support Session workflow and the field team says SilverLine Connected Life reduced manual follow-up,2026-05-19T04:04:40Z,760,84,49,18841,0.37,,,normal,,2026-05-27T11:26:10Z
46051,4694,youtube,ext_youtube_00001511,Recommended WellNest Family Plans Network Congestion Plan Review to an account manager today because churn risk is the issue,2026-05-12T11:52:18Z,26161,13924,4890,877885,0.658,,,viral,,2026-05-27T11:26:10Z
46052,4593,twitter,ext_twitter_00001512,Small businesses need earlier visibility into field technician appointment availability,2026-05-25T05:08:08Z,553,4,45,8193,0.071,,,normal,,2026-05-27T11:26:10Z
46053,4586,instagram,ext_instagram_00001513,Morning capacity review featuring Small Business Fiber SLA. FiberPath Broadband needs pre-positioned technician capacity,2026-05-26T06:33:08Z,49931,7956,7495,781663,0.236,,,viral,,2026-05-27T11:26:10Z
46054,4723,twitter,ext_twitter_00001514,Coverage gaps are delaying service assurance for several subscriber groups,2026-05-25T07:24:56Z,707,3,27,678,0.663,,,normal,,2026-05-27T11:26:10Z
46055,5025,tiktok,ext_tiktok_00001515,Subscribers are asking about Edge Compute Reservation through EnterpriseEdge Services; upgrade and activation demand is rising,2026-05-27T06:57:16Z,2317,1521,145,132713,0.442,,,rising,,2026-05-27T11:26:10Z
46056,5013,threads,ext_threads_00001516,Network operations is flagging Number Port-In Activation from SignalBridge Mobile as a capacity bottleneck this week,2026-05-19T01:21:43Z,375,91,49,16650,0.735,,,normal,,2026-05-27T11:26:10Z
46057,4876,twitter,ext_twitter_00001517,Coverage update: Device Upgrade Enrollment capacity at PulsePoint 5G is getting tight after a spike in service orders,2026-04-27T20:09:53Z,374,58,8,17782,0.364,,,normal,,2026-05-27T11:26:10Z
46058,4548,twitter,ext_twitter_00001518,Enterprise care teams are coordinating SLA-impact cases across regional service teams today,2026-05-23T14:46:38Z,24790,14042,1885,641598,0.193,,,viral,,2026-05-27T11:26:10Z
46059,4628,twitter,ext_twitter_00001519,Outage follow-up: demand for New Line Activation is up and WaveFirst Mobile needs more field slots,2026-05-26T20:39:38Z,939,41,7,447,0.806,,,normal,,2026-05-27T11:26:10Z
46060,4868,threads,ext_threads_00001520,Subscribers are asking for clearer instructions after fiber installation and faster follow-up windows,2026-04-29T12:05:24Z,931,34,19,1420,0.441,,,normal,,2026-05-27T11:26:10Z
46061,4843,threads,ext_threads_00001521,Families keep asking where to find LTE Backup Gateway. HomeConnect Fixed Wireless is showing up in every upgrade thread,2026-05-24T15:03:04Z,815,53,33,10670,0.49,,,normal,,2026-05-27T11:26:10Z
46062,4859,instagram,ext_instagram_00001522,NOC huddle: prioritize MetroSupply Devices SIM Replacement Starter Kit installs before the weekend streaming surge,2026-05-15T20:08:34Z,979,55,14,2075,0.546,,,normal,,2026-05-27T11:26:10Z
46063,4570,threads,ext_threads_00001523,Network monitoring alerts are helping the team catch congestion before call volume spikes,2026-05-27T08:45:52Z,7520,1438,392,180013,0.515,,,rising,,2026-05-27T11:26:10Z
46064,4828,threads,ext_threads_00001524,"If your subscribers need Fiber Appointment Scheduling, check RoamFlow Mobility availability early; appointment slots are moving fast",2026-05-25T21:05:41Z,353,32,47,10186,0.566,,,normal,,2026-05-27T11:26:10Z
46065,4586,instagram,ext_instagram_00001525,Day 30 with the Student Mobile Plan workflow and the field team says WellNest Family Plans reduced manual follow-up,2026-04-30T23:43:41Z,909,90,35,7721,0.441,,,normal,,2026-05-27T11:26:10Z
46066,4894,instagram,ext_instagram_00001526,Recommended SilverLine Connected Life Senior Connected Life Plan to an account manager today because churn risk is the issue,2026-05-08T03:11:49Z,2909,699,974,178663,0.571,,,rising,,2026-05-27T11:26:10Z
46067,4600,threads,ext_threads_00001527,"Thought Customer Retention Intake demand would level off, but ClearMind Customer Care is still seeing urgent requests",2026-05-24T14:48:21Z,13865,3548,4324,374549,0.375,,,viral,,2026-05-27T11:26:10Z
46068,4878,threads,ext_threads_00001528,Morning capacity review featuring 5G Unlimited Mobile Plan. SignalBridge Mobile needs pre-positioned technician capacity,2026-05-07T03:45:03Z,131,89,27,5471,0.695,,,normal,,2026-05-27T11:26:10Z
46069,4919,instagram,ext_instagram_00001529,Added Number Port-In Activation to the high-priority service assurance path. Thank you SignalBridge Mobile for closing the gap,2026-05-15T19:24:11Z,376,30,42,14708,0.572,,,normal,,2026-05-27T11:26:10Z
46070,5006,twitter,ext_twitter_00001530,Subscribers are asking about 5G Mobile Hotspot Kit through MetroSupply Devices; upgrade and activation demand is rising,2026-05-15T09:07:26Z,745,80,4,5394,0.692,,,normal,,2026-05-27T11:26:10Z
46071,4722,tiktok,ext_tiktok_00001531,Network operations is flagging Family Connectivity Support Session from SilverLine Connected Life as a capacity bottleneck this week,2026-04-27T17:49:45Z,443,23,36,11337,0.527,,,normal,,2026-05-27T11:26:10Z
46072,4816,twitter,ext_twitter_00001532,Coverage update: Family Data Share Plan capacity at WellNest Family Plans is getting tight after a spike in service orders,2026-05-27T10:09:05Z,2530,961,254,117075,0.424,,,rising,,2026-05-27T11:26:10Z
46073,4948,threads,ext_threads_00001533,Network monitoring alerts are helping the team catch congestion before call volume spikes,2026-05-27T11:26:02Z,76,76,31,2238,0.472,,,normal,,2026-05-27T11:26:10Z
46074,5002,youtube,ext_youtube_00001534,Outage follow-up: demand for SIM Replacement Starter Kit is up and MetroSupply Devices needs more field slots,2026-05-27T07:01:39Z,830,59,30,2293,0.947,,,normal,,2026-05-27T11:26:10Z
46075,4653,twitter,ext_twitter_00001535,Device-support channels are seeing increased activation demand after a handset launch,2026-05-08T19:59:39Z,1444,1265,140,39497,-0.298,,,rising,,2026-05-27T11:26:10Z
46076,4779,youtube,ext_youtube_00001536,Families keep asking for better Wi-Fi performance before evening streaming starts,2026-05-26T21:43:07Z,26,14,11,14547,-0.292,,,normal,,2026-05-27T11:26:10Z
46077,5019,instagram,ext_instagram_00001537,NOC huddle: prioritize FiberPath Broadband Small Business Fiber SLA installs before the weekend streaming surge,2026-05-04T07:22:18Z,520,84,48,16991,0.819,,,normal,,2026-05-27T11:26:10Z
46078,4657,tiktok,ext_tiktok_00001538,Enterprise care teams are coordinating SLA-impact cases across regional service teams today,2026-04-27T14:30:32Z,120,57,19,18020,0.829,,,normal,,2026-05-27T11:26:10Z
46079,4947,youtube,ext_youtube_00001539,"If your subscribers need IoT Sensor Gateway Kit, check OrbitMotion IoT availability early; appointment slots are moving fast",2026-05-08T21:14:57Z,8148,760,182,193347,0.294,,,rising,,2026-05-27T11:26:10Z
46080,4590,threads,ext_threads_00001540,Subscribers are asking for clearer instructions after fiber installation and faster follow-up windows,2026-05-26T20:54:35Z,334,81,37,15838,0.183,,,normal,,2026-05-27T11:26:10Z
46081,4552,tiktok,ext_tiktok_00001541,Recommended SignalBridge Mobile Premium International Roaming Pass to an account manager today because churn risk is the issue,2026-05-20T08:16:02Z,46343,5113,4565,768629,0.394,,,viral,,2026-05-27T11:26:10Z
46082,4904,instagram,ext_instagram_00001542,Small businesses need earlier visibility into field technician appointment availability,2026-05-18T22:21:13Z,32,99,17,3412,-0.153,,,normal,,2026-05-27T11:26:10Z
46083,4962,youtube,ext_youtube_00001543,Network monitoring alerts are helping the team catch congestion before call volume spikes,2026-05-25T09:44:33Z,538,78,43,18930,-0.028,,,normal,,2026-05-27T11:26:10Z
46084,4857,youtube,ext_youtube_00001544,Added 5G Business Consultation to the high-priority service assurance path. Thank you PulsePoint 5G for closing the gap,2026-05-26T11:28:04Z,385,57,2,4674,0.839,,,normal,,2026-05-27T11:26:10Z
46085,4726,instagram,ext_instagram_00001545,Device-support channels are seeing increased activation demand after a handset launch,2026-05-19T19:02:23Z,169,20,9,1777,0.555,,,normal,,2026-05-27T11:26:10Z
46086,4630,threads,ext_threads_00001546,Network operations is flagging Fleet Telematics SIM Pack from OrbitMotion IoT as a capacity bottleneck this week,2026-05-26T15:19:17Z,351,33,33,11656,0.225,,,normal,,2026-05-27T11:26:10Z
46087,4807,youtube,ext_youtube_00001547,Connected life teams need better outreach after recent storm-related service events,2026-05-26T04:52:33Z,48725,4005,3723,227534,-0.062,,,viral,,2026-05-27T11:26:10Z
46088,4802,youtube,ext_youtube_00001548,Enterprise care teams are coordinating SLA-impact cases across regional service teams today,2026-05-10T22:02:22Z,7003,518,897,116202,0.661,,,rising,,2026-05-27T11:26:10Z
46089,5002,youtube,ext_youtube_00001549,Outage follow-up: demand for Edge Compute Reservation is up and EnterpriseEdge Services needs more field slots,2026-05-19T17:14:28Z,42147,13126,1173,838082,0.267,,,viral,,2026-05-27T11:26:10Z
46090,4864,instagram,ext_instagram_00001550,"Two-week review of WaveFirst Mobile Churn Risk Save Offer: strong subscriber response, but capacity planning matters",2026-05-27T00:48:37Z,1609,1250,366,127531,0.491,,,rising,,2026-05-27T11:26:10Z
46091,4813,threads,ext_threads_00001551,Families keep asking where to find Churn Risk Save Offer. WaveFirst Mobile is showing up in every upgrade thread,2026-05-17T13:30:09Z,29963,8109,4681,532389,0.512,,,viral,,2026-05-27T11:26:10Z
46092,4596,instagram,ext_instagram_00001552,Small businesses need earlier visibility into field technician appointment availability,2026-05-10T11:23:02Z,5802,507,880,129190,0.418,,,rising,,2026-05-27T11:26:10Z
46093,4835,tiktok,ext_tiktok_00001553,Billing and usage signals are surfacing new need for Churn Risk Save Offer from WaveFirst Mobile,2026-05-25T19:16:55Z,928,53,3,17579,0.29,,,normal,,2026-05-27T11:26:10Z
46094,4906,twitter,ext_twitter_00001554,Coverage gaps are delaying service assurance for several subscriber groups,2026-05-03T22:27:07Z,515,0,0,14699,0.875,,,normal,,2026-05-27T11:26:10Z
46095,4983,threads,ext_threads_00001555,Device-support channels are seeing increased activation demand after a handset launch,2026-05-24T01:00:34Z,74,64,22,19196,-0.109,,,normal,,2026-05-27T11:26:10Z
46096,4733,twitter,ext_twitter_00001556,Recommended MetroSupply Devices SIM Replacement Starter Kit to an account manager today because churn risk is the issue,2026-05-26T03:02:12Z,841,51,24,14459,0.493,,,normal,,2026-05-27T11:26:10Z
46097,4859,instagram,ext_instagram_00001557,"Thought Fiber Repair Appointment demand would level off, but FiberPath Broadband is still seeing urgent requests",2026-05-26T22:58:43Z,926,56,42,6458,0.643,,,normal,,2026-05-27T11:26:10Z
46098,4700,threads,ext_threads_00001558,Morning capacity review featuring Outage Follow-Up Call. ClearMind Customer Care needs pre-positioned technician capacity,2026-05-18T07:40:14Z,49,20,47,18913,0.67,,,normal,,2026-05-27T11:26:10Z
46099,4956,twitter,ext_twitter_00001559,Added Family Data Share Plan to the high-priority service assurance path. Thank you WellNest Family Plans for closing the gap,2026-05-22T20:22:33Z,7963,263,631,97074,0.255,,,rising,,2026-05-27T11:26:10Z
46100,4814,instagram,ext_instagram_00001560,Subscribers are asking about Small Business Fiber SLA through FiberPath Broadband; upgrade and activation demand is rising,2026-05-06T23:10:09Z,859,34,10,18041,0.626,,,normal,,2026-05-27T11:26:10Z
46101,4725,threads,ext_threads_00001561,Network operations is flagging Family Connectivity Support Session from SilverLine Connected Life as a capacity bottleneck this week,2026-05-21T12:20:24Z,659,14,9,19859,0.803,,,normal,,2026-05-27T11:26:10Z
46102,4812,youtube,ext_youtube_00001562,Coverage update: Number Port-In Activation capacity at SignalBridge Mobile is getting tight after a spike in service orders,2026-04-30T17:54:53Z,151,76,10,10322,0.261,,,normal,,2026-05-27T11:26:10Z
46103,4557,tiktok,ext_tiktok_00001563,Subscriber experience note - FiberPath Broadband Fiber Repair Appointment is the service everyone is trying to schedule right now,2026-05-18T17:46:34Z,8784,1499,479,83649,0.534,,,rising,,2026-05-27T11:26:10Z
46104,4623,twitter,ext_twitter_00001564,Outage follow-up: demand for SIM Replacement Starter Kit is up and MetroSupply Devices needs more field slots,2026-05-26T07:42:40Z,334479,58263,48102,9326018,0.804,,,mega_viral,,2026-05-27T11:26:10Z
46105,4878,threads,ext_threads_00001565,"Two-week review of FiberPath Broadband Gigabit Fiber Install: strong subscriber response, but capacity planning matters",2026-05-27T10:40:54Z,2521,273,914,40009,0.864,,,rising,,2026-05-27T11:26:10Z
46106,4809,instagram,ext_instagram_00001566,Families keep asking where to find Connected Device Monitoring Onboarding. MetroSupply Devices is showing up in every upgrade thread,2026-05-11T11:20:18Z,698,29,0,14791,0.45,,,normal,,2026-05-27T11:26:10Z
46107,4770,threads,ext_threads_00001567,NOC huddle: prioritize MetroSupply Devices SIM Replacement Starter Kit installs before the weekend streaming surge,2026-05-13T20:32:38Z,9493,278,141,113078,0.673,,,rising,,2026-05-27T11:26:10Z
46108,4593,twitter,ext_twitter_00001568,Billing and usage signals are surfacing new need for New Line Activation from WaveFirst Mobile,2026-05-24T20:32:19Z,674,20,18,850,0.37,,,normal,,2026-05-27T11:26:10Z
46109,5052,threads,ext_threads_00001569,"If your subscribers need Outage Follow-Up Call, check ClearMind Customer Care availability early; appointment slots are moving fast",2026-04-30T10:26:58Z,2556,963,574,108132,0.433,,,rising,,2026-05-27T11:26:10Z
46110,5001,twitter,ext_twitter_00001570,Day 30 with the Small Business Fiber SLA workflow and the field team says FiberPath Broadband reduced manual follow-up,2026-05-13T08:59:56Z,138,29,36,2201,0.273,,,normal,,2026-05-27T11:26:10Z
46111,5020,tiktok,ext_tiktok_00001571,Recommended WellNest Family Plans Network Congestion Plan Review to an account manager today because churn risk is the issue,2026-05-11T20:49:01Z,203,68,3,12105,0.401,,,normal,,2026-05-27T11:26:10Z
46112,4948,threads,ext_threads_00001572,Small businesses need earlier visibility into field technician appointment availability,2026-05-02T10:24:48Z,911,80,42,3671,0.168,,,normal,,2026-05-27T11:26:10Z
46113,4645,threads,ext_threads_00001573,Network monitoring alerts are helping the team catch congestion before call volume spikes,2026-05-24T05:06:34Z,31,41,0,16071,-0.085,,,normal,,2026-05-27T11:26:10Z
46114,4657,tiktok,ext_tiktok_00001574,Coverage gaps are delaying service assurance for several subscriber groups,2026-05-10T22:28:23Z,81,16,11,15473,0.512,,,normal,,2026-05-27T11:26:10Z
46115,4543,twitter,ext_twitter_00001575,Device-support channels are seeing increased activation demand after a handset launch,2026-05-04T13:00:04Z,187,51,48,18220,0.515,,,normal,,2026-05-27T11:26:10Z
46116,4579,youtube,ext_youtube_00001576,Families keep asking for better Wi-Fi performance before evening streaming starts,2026-05-25T23:07:17Z,5126,1975,650,86338,0.082,,,rising,,2026-05-27T11:26:10Z
46117,5008,threads,ext_threads_00001577,Connected life teams need better outreach after recent storm-related service events,2026-05-01T03:36:15Z,1058,1231,608,20372,0.292,,,rising,,2026-05-27T11:26:10Z
46118,4676,instagram,ext_instagram_00001578,Enterprise care teams are coordinating SLA-impact cases across regional service teams today,2026-05-09T07:33:22Z,922,46,46,4339,0.683,,,normal,,2026-05-27T11:26:10Z
46119,4981,twitter,ext_twitter_00001579,Outage follow-up: demand for 5G Unlimited Mobile Plan is up and SignalBridge Mobile needs more field slots,2026-05-06T04:47:22Z,306,68,27,11593,0.262,,,normal,,2026-05-27T11:26:10Z
46120,4698,twitter,ext_twitter_00001580,"Two-week review of WaveFirst Mobile Churn Risk Save Offer: strong subscriber response, but capacity planning matters",2026-05-07T00:04:51Z,643,43,6,1758,0.287,,,normal,,2026-05-27T11:26:10Z
46121,4924,instagram,ext_instagram_00001581,Families keep asking where to find SIM Replacement Starter Kit. MetroSupply Devices is showing up in every upgrade thread,2026-05-20T21:07:53Z,4778,1063,211,93869,0.58,,,rising,,2026-05-27T11:26:10Z
46122,5056,youtube,ext_youtube_00001582,NOC huddle: prioritize SilverLine Connected Life Family Connectivity Support Session installs before the weekend streaming surge,2026-05-27T09:55:39Z,7809,1018,372,36226,0.657,,,rising,,2026-05-27T11:26:10Z
46123,4764,youtube,ext_youtube_00001583,Billing and usage signals are surfacing new need for Enterprise Account Navigation from EnterpriseEdge Services,2026-05-01T21:51:22Z,957,83,41,2844,0.211,,,normal,,2026-05-27T11:26:10Z
46124,4903,threads,ext_threads_00001584,"If your subscribers need LTE Backup Gateway, check HomeConnect Fixed Wireless availability early; appointment slots are moving fast",2026-05-26T14:33:47Z,128258,16222,31104,9887030,0.826,,,mega_viral,,2026-05-27T11:26:10Z
46125,4706,instagram,ext_instagram_00001585,Day 30 with the Edge Compute Reservation workflow and the field team says EnterpriseEdge Services reduced manual follow-up,2026-05-23T12:33:49Z,43485,9405,4698,293248,0.556,,,viral,,2026-05-27T11:26:10Z
46126,4893,threads,ext_threads_00001586,Recommended SignalBridge Mobile Premium International Roaming Pass to an account manager today because churn risk is the issue,2026-05-16T14:07:46Z,4907,1258,365,74790,0.914,,,rising,,2026-05-27T11:26:10Z
46127,4774,youtube,ext_youtube_00001587,Connected life teams need better outreach after recent storm-related service events,2026-05-27T11:21:14Z,609,7,27,708,-0.212,,,normal,,2026-05-27T11:26:10Z
46128,4702,tiktok,ext_tiktok_00001588,Morning capacity review featuring 5G Business Consultation. PulsePoint 5G needs pre-positioned technician capacity,2026-05-24T05:09:53Z,495,20,33,18669,0.369,,,normal,,2026-05-27T11:26:10Z
46129,4730,threads,ext_threads_00001589,Added 5G Mobile Hotspot Kit to the high-priority service assurance path. Thank you MetroSupply Devices for closing the gap,2026-05-18T21:46:59Z,619,37,17,6650,0.343,,,normal,,2026-05-27T11:26:10Z
46130,4849,instagram,ext_instagram_00001590,Subscribers are asking about SIM Replacement Starter Kit through MetroSupply Devices; upgrade and activation demand is rising,2026-05-20T11:58:49Z,385,89,45,9064,0.878,,,normal,,2026-05-27T11:26:10Z
46131,4816,twitter,ext_twitter_00001591,Outage follow-up is the top request in our subscriber forum this week,2026-05-24T23:06:37Z,38577,12162,1267,333547,0.515,,,viral,,2026-05-27T11:26:10Z
46132,4796,twitter,ext_twitter_00001592,Coverage update: Field Technician Evaluation capacity at OrbitMotion IoT is getting tight after a spike in service orders,2026-05-13T06:07:25Z,1035,1059,120,125618,0.506,,,rising,,2026-05-27T11:26:10Z
46133,5029,instagram,ext_instagram_00001593,Subscriber experience note - RoamFlow Mobility Roaming Cost Coaching is the service everyone is trying to schedule right now,2026-04-28T07:22:58Z,9322,1550,196,49884,0.784,,,rising,,2026-05-27T11:26:10Z
46134,4726,instagram,ext_instagram_00001594,Coverage gaps are delaying service assurance for several subscriber groups,2026-05-27T07:16:39Z,475,15,22,3497,0.264,,,normal,,2026-05-27T11:26:10Z
46135,4860,tiktok,ext_tiktok_00001595,Device-support channels are seeing increased activation demand after a handset launch,2026-05-20T23:51:21Z,7549,1929,687,72670,-0.003,,,rising,,2026-05-27T11:26:10Z
46136,4707,tiktok,ext_tiktok_00001596,Families keep asking for better Wi-Fi performance before evening streaming starts,2026-05-16T17:14:06Z,9179,1117,756,135715,0.744,,,rising,,2026-05-27T11:26:10Z
46137,4802,youtube,ext_youtube_00001597,Connected life teams need better outreach after recent storm-related service events,2026-05-20T10:52:34Z,5677,1568,473,107403,0.574,,,rising,,2026-05-27T11:26:10Z
46138,4779,youtube,ext_youtube_00001598,Enterprise care teams are coordinating SLA-impact cases across regional service teams today,2026-05-20T10:53:44Z,537,16,17,4616,0.052,,,normal,,2026-05-27T11:26:10Z
46139,4557,tiktok,ext_tiktok_00001599,"If your subscribers need Smart Home Connectivity Assessment, check HomeConnect Fixed Wireless availability early; appointment slots are moving fast",2026-05-16T22:11:00Z,5052,1000,631,150355,0.569,,,rising,,2026-05-27T11:26:10Z
46140,4934,instagram,ext_instagram_00001600,Subscribers are asking for clearer instructions after fiber installation and faster follow-up windows,2026-04-28T13:47:02Z,387,81,17,17232,0.648,,,normal,,2026-05-27T11:26:10Z
46141,4677,tiktok,ext_tiktok_00001601,Recommended OrbitMotion IoT Field Technician Evaluation to an account manager today because churn risk is the issue,2026-05-14T02:54:07Z,477,19,25,1001,0.886,,,normal,,2026-05-27T11:26:10Z
46142,4700,threads,ext_threads_00001602,"Thought Churn Risk Save Offer demand would level off, but WaveFirst Mobile is still seeing urgent requests",2026-05-04T15:43:48Z,126,11,11,12355,0.871,,,normal,,2026-05-27T11:26:10Z
46143,4685,threads,ext_threads_00001603,Morning capacity review featuring Fleet Telematics SIM Pack. OrbitMotion IoT needs pre-positioned technician capacity,2026-05-07T08:22:17Z,748,1,16,10528,0.744,,,normal,,2026-05-27T11:26:10Z
46144,4968,threads,ext_threads_00001604,Added 5G Business Consultation to the high-priority service assurance path. Thank you PulsePoint 5G for closing the gap,2026-05-10T22:15:57Z,37,42,14,10726,0.361,,,normal,,2026-05-27T11:26:10Z
46145,5005,tiktok,ext_tiktok_00001605,Subscribers are asking about IoT Sensor Gateway Kit through OrbitMotion IoT; upgrade and activation demand is rising,2026-05-25T11:27:17Z,6356,587,124,138017,0.604,,,rising,,2026-05-27T11:26:10Z
46146,5015,tiktok,ext_tiktok_00001606,Network operations is flagging Fixed Wireless Home Internet from HomeConnect Fixed Wireless as a capacity bottleneck this week,2026-05-02T21:42:39Z,103,24,41,18420,0.388,,,normal,,2026-05-27T11:26:10Z
46147,4975,tiktok,ext_tiktok_00001607,Connected life teams need better outreach after recent storm-related service events,2026-05-21T01:41:23Z,8552,1708,466,158282,0.782,,,rising,,2026-05-27T11:26:10Z
46148,4647,tiktok,ext_tiktok_00001608,Subscriber experience note - WellNest Family Plans Student Mobile Plan is the service everyone is trying to schedule right now,2026-05-25T18:25:24Z,37,19,24,1754,0.473,,,normal,,2026-05-27T11:26:10Z
46149,4962,youtube,ext_youtube_00001609,Outage follow-up: demand for Smart Home Connectivity Assessment is up and HomeConnect Fixed Wireless needs more field slots,2026-05-15T02:04:31Z,542,72,24,1580,0.206,,,normal,,2026-05-27T11:26:10Z
46150,4855,tiktok,ext_tiktok_00001610,"Two-week review of WaveFirst Mobile New Line Activation: strong subscriber response, but capacity planning matters",2026-05-26T22:36:13Z,856,43,41,4033,0.6,,,normal,,2026-05-27T11:26:10Z
46151,4913,threads,ext_threads_00001611,Families keep asking where to find 5G Mobile Hotspot Kit. MetroSupply Devices is showing up in every upgrade thread,2026-05-26T19:25:35Z,12329,12577,3101,274152,0.336,,,viral,,2026-05-27T11:26:10Z
46152,4903,threads,ext_threads_00001612,NOC huddle: prioritize WellNest Family Plans Student Mobile Plan installs before the weekend streaming surge,2026-05-24T22:01:48Z,606,61,1,16381,0.821,,,normal,,2026-05-27T11:26:10Z
46153,4657,tiktok,ext_tiktok_00001613,Network monitoring alerts are helping the team catch congestion before call volume spikes,2026-05-17T03:33:58Z,112,40,5,8644,-0.268,,,normal,,2026-05-27T11:26:10Z
46154,4760,threads,ext_threads_00001614,"If your subscribers need 5G Mobile Hotspot Kit, check MetroSupply Devices availability early; appointment slots are moving fast",2026-05-24T21:53:14Z,800,91,28,17834,0.707,,,normal,,2026-05-27T11:26:10Z
46155,4877,youtube,ext_youtube_00001615,Day 30 with the Device Upgrade Enrollment workflow and the field team says PulsePoint 5G reduced manual follow-up,2026-05-07T21:40:45Z,576,70,34,10318,0.325,,,normal,,2026-05-27T11:26:10Z
46156,4949,instagram,ext_instagram_00001616,Recommended WellNest Family Plans Student Mobile Plan to an account manager today because churn risk is the issue,2026-04-28T05:19:03Z,3232,1083,662,28459,0.82,,,rising,,2026-05-27T11:26:10Z
46157,4841,twitter,ext_twitter_00001617,"Thought Family Data Share Plan demand would level off, but WellNest Family Plans is still seeing urgent requests",2026-05-27T10:45:19Z,537,89,15,19451,0.796,,,normal,,2026-05-27T11:26:10Z
46158,4662,tiktok,ext_tiktok_00001618,Enterprise care teams are coordinating SLA-impact cases across regional service teams today,2026-05-27T03:32:56Z,226,43,8,5780,0.205,,,normal,,2026-05-27T11:26:10Z
46159,4590,threads,ext_threads_00001619,Roaming bill questions are creating new handoffs to billing and retention teams,2026-05-25T16:58:33Z,380,73,15,8535,0.361,,,normal,,2026-05-27T11:26:10Z
46160,5031,twitter,ext_twitter_00001620,Subscribers are asking about LTE Backup Gateway through HomeConnect Fixed Wireless; upgrade and activation demand is rising,2026-05-27T11:24:44Z,5742,1969,406,46623,0.897,,,rising,,2026-05-27T11:26:10Z
46161,4679,youtube,ext_youtube_00001621,Network operations is flagging Family Connectivity Support Session from SilverLine Connected Life as a capacity bottleneck this week,2026-05-22T23:31:16Z,813,47,9,9462,0.6,,,normal,,2026-05-27T11:26:10Z
46162,4820,tiktok,ext_tiktok_00001622,Coverage update: 5G Unlimited Mobile Plan capacity at SignalBridge Mobile is getting tight after a spike in service orders,2026-05-26T07:55:43Z,404,16,42,14206,0.419,,,normal,,2026-05-27T11:26:10Z
46163,4589,youtube,ext_youtube_00001623,Subscriber experience note - OrbitMotion IoT IoT Sensor Gateway Kit is the service everyone is trying to schedule right now,2026-05-05T08:02:31Z,920,54,14,12868,0.626,,,normal,,2026-05-27T11:26:10Z
46164,4992,youtube,ext_youtube_00001624,Outage follow-up: demand for IoT Sensor Gateway Kit is up and OrbitMotion IoT needs more field slots,2026-05-08T11:15:54Z,997,35,37,6132,0.929,,,normal,,2026-05-27T11:26:10Z
46165,5052,threads,ext_threads_00001625,"Two-week review of WaveFirst Mobile Churn Risk Save Offer: strong subscriber response, but capacity planning matters",2026-04-29T07:37:06Z,3183,1238,841,95745,0.204,,,rising,,2026-05-27T11:26:10Z
46166,4887,youtube,ext_youtube_00001626,Families keep asking where to find Number Port-In Activation. SignalBridge Mobile is showing up in every upgrade thread,2026-05-27T07:05:31Z,1997,1766,303,21427,0.531,,,rising,,2026-05-27T11:26:10Z
46167,5016,twitter,ext_twitter_00001627,Connected life teams need better outreach after recent storm-related service events,2026-05-25T18:21:05Z,871,50,32,9135,0.573,,,normal,,2026-05-27T11:26:10Z
46168,4911,twitter,ext_twitter_00001628,Billing and usage signals are surfacing new need for Churn Risk Save Offer from WaveFirst Mobile,2026-05-14T03:47:39Z,323,0,22,3061,0.606,,,normal,,2026-05-27T11:26:10Z
46169,4876,twitter,ext_twitter_00001629,Roaming bill questions are creating new handoffs to billing and retention teams,2026-05-26T21:05:18Z,6059,1949,812,133398,0.048,,,rising,,2026-05-27T11:26:10Z
46170,4660,threads,ext_threads_00001630,Day 30 with the Network Congestion Plan Review workflow and the field team says WellNest Family Plans reduced manual follow-up,2026-05-15T15:31:31Z,958,74,38,6914,0.865,,,normal,,2026-05-27T11:26:10Z
46171,4907,youtube,ext_youtube_00001631,Outage follow-up is the top request in our subscriber forum this week,2026-05-27T11:13:31Z,18528,12588,3400,964522,-0.195,,,viral,,2026-05-27T11:26:10Z
46172,4774,youtube,ext_youtube_00001632,"Thought Field Technician Evaluation demand would level off, but OrbitMotion IoT is still seeing urgent requests",2026-05-23T23:13:06Z,484,93,8,4834,0.447,,,normal,,2026-05-27T11:26:10Z
46173,4863,threads,ext_threads_00001633,Morning capacity review featuring Edge Compute Reservation. EnterpriseEdge Services needs pre-positioned technician capacity,2026-05-13T08:45:00Z,100,18,21,4862,0.309,,,normal,,2026-05-27T11:26:10Z
46174,5018,threads,ext_threads_00001634,Added SIM Replacement Starter Kit to the high-priority service assurance path. Thank you MetroSupply Devices for closing the gap,2026-05-21T11:31:26Z,727,69,36,1227,0.911,,,normal,,2026-05-27T11:26:10Z
46175,4553,twitter,ext_twitter_00001635,Device-support channels are seeing increased activation demand after a handset launch,2026-05-20T16:24:10Z,18162,13680,7172,965291,-0.082,,,viral,,2026-05-27T11:26:10Z
46176,5026,twitter,ext_twitter_00001636,Network operations is flagging Gigabit Fiber Install from FiberPath Broadband as a capacity bottleneck this week,2026-05-04T05:09:27Z,36709,6975,7826,328746,0.384,,,viral,,2026-05-27T11:26:10Z
46177,5048,instagram,ext_instagram_00001637,Coverage update: Churn Risk Save Offer capacity at WaveFirst Mobile is getting tight after a spike in service orders,2026-05-14T15:30:30Z,16,40,36,14628,0.763,,,normal,,2026-05-27T11:26:10Z
46178,4641,instagram,ext_instagram_00001638,Subscriber experience note - ClearMind Customer Care Outage Follow-Up Call is the service everyone is trying to schedule right now,2026-05-26T20:37:30Z,141,53,22,19683,0.63,,,normal,,2026-05-27T11:26:10Z
46179,4967,youtube,ext_youtube_00001639,Outage follow-up: demand for 5G Mobile Hotspot Kit is up and MetroSupply Devices needs more field slots,2026-05-27T10:55:38Z,939,75,22,18798,0.648,,,normal,,2026-05-27T11:26:10Z
46180,4567,tiktok,ext_tiktok_00001640,"Two-week review of ClearMind Customer Care Outage Follow-Up Call: strong subscriber response, but capacity planning matters",2026-05-20T16:30:05Z,69,30,22,2800,0.495,,,normal,,2026-05-27T11:26:10Z
46181,4964,instagram,ext_instagram_00001641,Families keep asking where to find Outage Follow-Up Call. ClearMind Customer Care is showing up in every upgrade thread,2026-05-20T21:14:09Z,1954,554,389,28512,0.368,,,rising,,2026-05-27T11:26:10Z
46182,4821,twitter,ext_twitter_00001642,NOC huddle: prioritize RoamFlow Mobility Fiber Appointment Scheduling installs before the weekend streaming surge,2026-04-28T20:43:55Z,454,93,22,3481,0.599,,,normal,,2026-05-27T11:26:10Z
46183,4548,twitter,ext_twitter_00001643,Billing and usage signals are surfacing new need for SIM Replacement Starter Kit from MetroSupply Devices,2026-05-27T04:13:25Z,530,47,44,8797,0.678,,,normal,,2026-05-27T11:26:10Z
46184,4624,youtube,ext_youtube_00001644,"If your subscribers need Premium International Roaming Pass, check SignalBridge Mobile availability early; appointment slots are moving fast",2026-05-27T09:59:39Z,6683,1064,913,110253,0.386,,,rising,,2026-05-27T11:26:10Z
46185,4581,instagram,ext_instagram_00001645,Day 30 with the Fiber Appointment Scheduling workflow and the field team says RoamFlow Mobility reduced manual follow-up,2026-05-19T15:07:50Z,301,85,13,18382,0.547,,,normal,,2026-05-27T11:26:10Z
46186,4741,instagram,ext_instagram_00001646,Recommended MetroSupply Devices Connected Device Monitoring Onboarding to an account manager today because churn risk is the issue,2026-05-25T10:49:14Z,974,95,33,16151,0.245,,,normal,,2026-05-27T11:26:10Z
46187,5045,twitter,ext_twitter_00001647,"Thought Edge Compute Reservation demand would level off, but EnterpriseEdge Services is still seeing urgent requests",2026-05-16T18:43:14Z,351,52,18,5879,0.41,,,normal,,2026-05-27T11:26:10Z
46188,4990,tiktok,ext_tiktok_00001648,Morning capacity review featuring Edge Compute Reservation. EnterpriseEdge Services needs pre-positioned technician capacity,2026-05-16T09:18:45Z,615,22,1,14674,0.65,,,normal,,2026-05-27T11:26:10Z
46189,4922,youtube,ext_youtube_00001649,Added Field Technician Evaluation to the high-priority service assurance path. Thank you OrbitMotion IoT for closing the gap,2026-05-05T16:22:04Z,557,1,38,15001,0.346,,,normal,,2026-05-27T11:26:10Z
46190,4883,threads,ext_threads_00001650,Subscribers are asking about LTE Backup Gateway through HomeConnect Fixed Wireless; upgrade and activation demand is rising,2026-05-27T10:37:05Z,4756,995,696,72506,0.506,,,rising,,2026-05-27T11:26:10Z
46191,4862,youtube,ext_youtube_00001651,Network operations is flagging Churn Risk Save Offer from WaveFirst Mobile as a capacity bottleneck this week,2026-05-04T15:52:15Z,9937,1980,238,62222,0.938,,,rising,,2026-05-27T11:26:10Z
46192,4813,threads,ext_threads_00001652,Coverage update: Outage Follow-Up Call capacity at ClearMind Customer Care is getting tight after a spike in service orders,2026-05-27T11:17:22Z,790,21,2,12849,0.692,,,normal,,2026-05-27T11:26:10Z
46193,4709,youtube,ext_youtube_00001653,Subscriber experience note - HomeConnect Fixed Wireless Fixed Wireless Home Internet is the service everyone is trying to schedule right now,2026-05-07T23:14:02Z,501,75,5,8018,0.316,,,normal,,2026-05-27T11:26:10Z
46194,4609,youtube,ext_youtube_00001654,Outage follow-up: demand for Network Congestion Plan Review is up and WellNest Family Plans needs more field slots,2026-05-03T03:54:44Z,527,42,33,2391,0.746,,,normal,,2026-05-27T11:26:10Z
46195,4977,youtube,ext_youtube_00001655,"Two-week review of PulsePoint 5G Device Upgrade Enrollment: strong subscriber response, but capacity planning matters",2026-05-18T03:20:10Z,58,50,7,3658,0.359,,,normal,,2026-05-27T11:26:10Z
46196,4801,twitter,ext_twitter_00001656,Families keep asking for better Wi-Fi performance before evening streaming starts,2026-04-27T16:02:42Z,382,34,31,4405,-0.095,,,normal,,2026-05-27T11:26:10Z
46197,4897,youtube,ext_youtube_00001657,NOC huddle: prioritize ClearMind Customer Care Customer Retention Intake installs before the weekend streaming surge,2026-05-22T12:21:22Z,4933,436,708,136462,0.247,,,rising,,2026-05-27T11:26:10Z
46198,4918,threads,ext_threads_00001658,Billing and usage signals are surfacing new need for Student Mobile Plan from WellNest Family Plans,2026-05-09T01:48:20Z,597,71,41,4366,0.209,,,normal,,2026-05-27T11:26:10Z
46199,4912,youtube,ext_youtube_00001659,"If your subscribers need 5G Mobile Hotspot Kit, check MetroSupply Devices availability early; appointment slots are moving fast",2026-05-20T18:48:15Z,567,20,26,9482,0.619,,,normal,,2026-05-27T11:26:10Z
46200,4855,tiktok,ext_tiktok_00001660,Day 30 with the Fleet Telematics SIM Pack workflow and the field team says OrbitMotion IoT reduced manual follow-up,2026-05-26T15:59:56Z,4165,891,787,166303,0.444,,,rising,,2026-05-27T11:26:10Z
46201,4968,threads,ext_threads_00001661,Recommended PulsePoint 5G Home Wi-Fi Mesh Kit to an account manager today because churn risk is the issue,2026-05-02T07:05:16Z,270,26,26,2158,0.354,,,normal,,2026-05-27T11:26:10Z
46202,4950,tiktok,ext_tiktok_00001662,"Thought 5G Unlimited Mobile Plan demand would level off, but SignalBridge Mobile is still seeing urgent requests",2026-05-20T08:40:21Z,390,44,7,13234,0.739,,,normal,,2026-05-27T11:26:10Z
46203,4996,twitter,ext_twitter_00001663,Network monitoring alerts are helping the team catch congestion before call volume spikes,2026-05-22T12:00:44Z,946,36,29,19569,0,,,normal,,2026-05-27T11:26:10Z
46204,4832,youtube,ext_youtube_00001664,Added Field Technician Evaluation to the high-priority service assurance path. Thank you OrbitMotion IoT for closing the gap,2026-05-24T20:02:08Z,672,55,17,14967,0.92,,,normal,,2026-05-27T11:26:10Z
46205,5007,youtube,ext_youtube_00001665,Subscribers are asking about LTE Backup Gateway through HomeConnect Fixed Wireless; upgrade and activation demand is rising,2026-05-26T10:50:37Z,605,19,6,2113,0.29,,,normal,,2026-05-27T11:26:10Z
46206,4833,threads,ext_threads_00001666,Network operations is flagging Fixed Wireless Home Internet from HomeConnect Fixed Wireless as a capacity bottleneck this week,2026-05-26T01:03:07Z,673,12,30,501,0.705,,,normal,,2026-05-27T11:26:10Z
46207,4873,threads,ext_threads_00001667,Coverage update: LTE Backup Gateway capacity at HomeConnect Fixed Wireless is getting tight after a spike in service orders,2026-05-03T09:05:34Z,538,27,43,298,0.509,,,normal,,2026-05-27T11:26:10Z
46208,4992,youtube,ext_youtube_00001668,Enterprise care teams are coordinating SLA-impact cases across regional service teams today,2026-05-02T03:55:03Z,908,73,15,17546,-0.261,,,normal,,2026-05-27T11:26:10Z
46209,5054,tiktok,ext_tiktok_00001669,Outage follow-up: demand for Edge Compute Reservation is up and EnterpriseEdge Services needs more field slots,2026-05-19T01:07:39Z,89,65,8,7766,0.365,,,normal,,2026-05-27T11:26:10Z
46210,5022,youtube,ext_youtube_00001670,"Two-week review of SignalBridge Mobile 5G Unlimited Mobile Plan: strong subscriber response, but capacity planning matters",2026-05-23T00:46:15Z,325,3,22,7882,0.382,,,normal,,2026-05-27T11:26:10Z
46211,4669,youtube,ext_youtube_00001671,Outage follow-up is the top request in our subscriber forum this week,2026-05-25T18:07:01Z,342,46,25,12476,0.051,,,normal,,2026-05-27T11:26:10Z
46212,4555,threads,ext_threads_00001672,NOC huddle: prioritize HomeConnect Fixed Wireless Fixed Wireless Home Internet installs before the weekend streaming surge,2026-05-17T13:07:47Z,388,0,45,195,0.841,,,normal,,2026-05-27T11:26:10Z
46213,4911,twitter,ext_twitter_00001673,Billing and usage signals are surfacing new need for Network Congestion Plan Review from WellNest Family Plans,2026-05-09T21:23:42Z,154,37,39,17588,0.446,,,normal,,2026-05-27T11:26:10Z
46214,4644,youtube,ext_youtube_00001674,"If your subscribers need 5G Unlimited Mobile Plan, check SignalBridge Mobile availability early; appointment slots are moving fast",2026-05-20T04:53:33Z,34161,3447,2807,251067,0.201,,,viral,,2026-05-27T11:26:10Z
46215,4709,youtube,ext_youtube_00001675,Day 30 with the Fiber Appointment Scheduling workflow and the field team says RoamFlow Mobility reduced manual follow-up,2026-05-26T05:07:58Z,80,90,42,6486,0.298,,,normal,,2026-05-27T11:26:10Z
46216,4818,threads,ext_threads_00001676,Recommended FiberPath Broadband Small Business Fiber SLA to an account manager today because churn risk is the issue,2026-05-13T17:03:29Z,8925,466,328,118474,0.417,,,rising,,2026-05-27T11:26:10Z
46217,5042,threads,ext_threads_00001677,"Thought Gigabit Fiber Install demand would level off, but FiberPath Broadband is still seeing urgent requests",2026-05-20T02:23:49Z,480,14,6,5344,0.394,,,normal,,2026-05-27T11:26:10Z
46218,4576,instagram,ext_instagram_00001678,Enterprise care teams are coordinating SLA-impact cases across regional service teams today,2026-05-27T07:37:30Z,919,45,23,14930,-0.003,,,normal,,2026-05-27T11:26:10Z
46219,4881,twitter,ext_twitter_00001679,Roaming bill questions are creating new handoffs to billing and retention teams,2026-05-27T11:11:53Z,508,77,7,17727,0.897,,,normal,,2026-05-27T11:26:10Z
46220,4623,twitter,ext_twitter_00001680,Subscribers are asking for clearer instructions after fiber installation and faster follow-up windows,2026-05-07T23:42:48Z,627,36,41,11930,0.37,,,normal,,2026-05-27T11:26:10Z
46221,5029,instagram,ext_instagram_00001681,Outage follow-up is the top request in our subscriber forum this week,2026-05-23T02:47:00Z,23764,13997,7594,322849,-0.053,,,viral,,2026-05-27T11:26:10Z
46222,4770,threads,ext_threads_00001682,Small businesses need earlier visibility into field technician appointment availability,2026-05-08T11:59:37Z,1518,1549,719,50100,0.251,,,rising,,2026-05-27T11:26:10Z
46223,4847,youtube,ext_youtube_00001683,Subscriber experience note - HomeConnect Fixed Wireless LTE Backup Gateway is the service everyone is trying to schedule right now,2026-05-26T03:42:05Z,458,12,27,8031,0.759,,,normal,,2026-05-27T11:26:10Z
46224,4668,twitter,ext_twitter_00001684,Coverage gaps are delaying service assurance for several subscriber groups,2026-05-26T03:23:34Z,688,4,12,13115,0.233,,,normal,,2026-05-27T11:26:10Z
46225,4753,twitter,ext_twitter_00001685,Device-support channels are seeing increased activation demand after a handset launch,2026-05-17T20:08:49Z,40626,9233,2929,868761,-0.237,,,viral,,2026-05-27T11:26:10Z
46226,4832,youtube,ext_youtube_00001686,Families keep asking where to find Connected Device Monitoring Onboarding. MetroSupply Devices is showing up in every upgrade thread,2026-05-10T12:08:28Z,213,66,39,4945,0.213,,,normal,,2026-05-27T11:26:10Z
46227,4546,instagram,ext_instagram_00001687,NOC huddle: prioritize HomeConnect Fixed Wireless Smart Home Connectivity Assessment installs before the weekend streaming surge,2026-05-22T23:25:47Z,8226,971,621,44130,0.375,,,rising,,2026-05-27T11:26:10Z
46228,4901,twitter,ext_twitter_00001688,Billing and usage signals are surfacing new need for Fiber Appointment Scheduling from RoamFlow Mobility,2026-05-24T08:41:04Z,488,43,30,12891,0.708,,,normal,,2026-05-27T11:26:10Z
46229,4766,instagram,ext_instagram_00001689,"If your subscribers need Fleet Telematics SIM Pack, check OrbitMotion IoT availability early; appointment slots are moving fast",2026-05-22T21:27:40Z,722,29,40,1736,0.236,,,normal,,2026-05-27T11:26:10Z
46230,4656,instagram,ext_instagram_00001690,Day 30 with the SIM Replacement Starter Kit workflow and the field team says MetroSupply Devices reduced manual follow-up,2026-05-10T11:28:49Z,22,28,24,7828,0.459,,,normal,,2026-05-27T11:26:10Z
46231,4958,threads,ext_threads_00001691,Recommended RoamFlow Mobility Roaming Cost Coaching to an account manager today because churn risk is the issue,2026-05-04T21:58:19Z,2281,502,217,82236,0.369,,,rising,,2026-05-27T11:26:10Z
46232,4828,threads,ext_threads_00001692,"Thought 5G Business Consultation demand would level off, but PulsePoint 5G is still seeing urgent requests",2026-05-27T11:16:19Z,196,48,11,19627,0.41,,,normal,,2026-05-27T11:26:10Z
46233,4782,tiktok,ext_tiktok_00001693,Morning capacity review featuring 5G Mobile Hotspot Kit. MetroSupply Devices needs pre-positioned technician capacity,2026-05-03T08:23:33Z,6818,1120,368,47636,0.648,,,rising,,2026-05-27T11:26:10Z
46234,4673,twitter,ext_twitter_00001694,Added SIM Replacement Starter Kit to the high-priority service assurance path. Thank you MetroSupply Devices for closing the gap,2026-05-17T05:13:31Z,468,61,17,13213,0.707,,,normal,,2026-05-27T11:26:10Z
46235,5042,threads,ext_threads_00001695,Device-support channels are seeing increased activation demand after a handset launch,2026-05-22T00:03:35Z,630,56,8,1564,0.246,,,normal,,2026-05-27T11:26:10Z
46236,4683,twitter,ext_twitter_00001696,Network operations is flagging Home Wi-Fi Mesh Kit from PulsePoint 5G as a capacity bottleneck this week,2026-05-07T05:44:23Z,324,24,18,19978,0.252,,,normal,,2026-05-27T11:26:10Z
46237,4722,tiktok,ext_tiktok_00001697,Coverage update: Smart Home Connectivity Assessment capacity at HomeConnect Fixed Wireless is getting tight after a spike in service orders,2026-05-24T22:21:45Z,18,75,35,13241,0.2,,,normal,,2026-05-27T11:26:10Z
46238,5007,youtube,ext_youtube_00001698,Subscriber experience note - MetroSupply Devices 5G Mobile Hotspot Kit is the service everyone is trying to schedule right now,2026-05-19T04:50:34Z,17,93,8,9114,0.726,,,normal,,2026-05-27T11:26:10Z
46239,4842,youtube,ext_youtube_00001699,Outage follow-up: demand for Device Upgrade Enrollment is up and PulsePoint 5G needs more field slots,2026-04-28T17:34:35Z,166,21,34,9906,0.582,,,normal,,2026-05-27T11:26:10Z
46240,4771,instagram,ext_instagram_00001700,"Two-week review of OrbitMotion IoT Field Technician Evaluation: strong subscriber response, but capacity planning matters",2026-05-27T11:12:56Z,3434,445,599,85954,0.207,,,rising,,2026-05-27T11:26:10Z
46241,4909,instagram,ext_instagram_00001701,Families keep asking where to find Edge Compute Reservation. EnterpriseEdge Services is showing up in every upgrade thread,2026-05-27T05:22:23Z,459,99,27,17205,0.76,,,normal,,2026-05-27T11:26:10Z
46242,4569,youtube,ext_youtube_00001702,Small businesses need earlier visibility into field technician appointment availability,2026-05-16T17:10:41Z,883,75,4,1364,0.248,,,normal,,2026-05-27T11:26:10Z
46243,4806,twitter,ext_twitter_00001703,Network monitoring alerts are helping the team catch congestion before call volume spikes,2026-05-13T23:11:08Z,247,37,4,5383,-0.243,,,normal,,2026-05-27T11:26:10Z
46244,4821,twitter,ext_twitter_00001704,"If your subscribers need Student Mobile Plan, check WellNest Family Plans availability early; appointment slots are moving fast",2026-05-24T07:05:06Z,157,47,14,144,0.425,,,normal,,2026-05-27T11:26:10Z
46245,4631,instagram,ext_instagram_00001705,Day 30 with the Small Business Fiber SLA workflow and the field team says FiberPath Broadband reduced manual follow-up,2026-05-22T02:14:09Z,3434,1481,426,51578,0.928,,,rising,,2026-05-27T11:26:10Z
46246,4817,youtube,ext_youtube_00001706,Recommended SilverLine Connected Life Senior Connected Life Plan to an account manager today because churn risk is the issue,2026-05-22T19:15:09Z,198,67,5,9338,0.227,,,normal,,2026-05-27T11:26:10Z
46247,4907,youtube,ext_youtube_00001707,"Thought 5G Mobile Hotspot Kit demand would level off, but MetroSupply Devices is still seeing urgent requests",2026-05-19T08:06:15Z,914,27,38,4951,0.373,,,normal,,2026-05-27T11:26:10Z
46248,4986,twitter,ext_twitter_00001708,Enterprise care teams are coordinating SLA-impact cases across regional service teams today,2026-05-23T04:14:45Z,115,66,24,7540,0.23,,,normal,,2026-05-27T11:26:10Z
46249,4644,youtube,ext_youtube_00001709,Added Fleet Telematics SIM Pack to the high-priority service assurance path. Thank you OrbitMotion IoT for closing the gap,2026-05-25T15:16:00Z,805,95,31,19502,0.359,,,normal,,2026-05-27T11:26:10Z
46250,5007,youtube,ext_youtube_00001710,Subscribers are asking for clearer instructions after fiber installation and faster follow-up windows,2026-05-14T03:15:04Z,138,80,39,9279,0.76,,,normal,,2026-05-27T11:26:10Z
46251,4853,threads,ext_threads_00001711,Network operations is flagging Family Data Share Plan from WellNest Family Plans as a capacity bottleneck this week,2026-05-17T15:23:52Z,131,49,3,17329,0.647,,,normal,,2026-05-27T11:26:10Z
46252,4648,twitter,ext_twitter_00001712,Coverage update: Enterprise Account Navigation capacity at EnterpriseEdge Services is getting tight after a spike in service orders,2026-05-27T10:51:18Z,279,81,47,9503,0.865,,,normal,,2026-05-27T11:26:10Z
46253,4713,twitter,ext_twitter_00001713,Subscriber experience note - OrbitMotion IoT Field Technician Evaluation is the service everyone is trying to schedule right now,2026-05-06T19:40:36Z,108,95,35,4206,0.314,,,normal,,2026-05-27T11:26:10Z
46254,4896,twitter,ext_twitter_00001714,Coverage gaps are delaying service assurance for several subscriber groups,2026-04-27T14:55:12Z,428,65,21,12746,0.66,,,normal,,2026-05-27T11:26:10Z
46255,4973,threads,ext_threads_00001715,"Two-week review of SignalBridge Mobile Premium International Roaming Pass: strong subscriber response, but capacity planning matters",2026-05-26T09:35:00Z,745,39,34,1564,0.812,,,normal,,2026-05-27T11:26:10Z
46256,4898,threads,ext_threads_00001716,Families keep asking where to find Churn Risk Save Offer. WaveFirst Mobile is showing up in every upgrade thread,2026-05-10T03:26:15Z,67,11,37,7334,0.622,,,normal,,2026-05-27T11:26:10Z
46257,4569,youtube,ext_youtube_00001717,NOC huddle: prioritize HomeConnect Fixed Wireless Fixed Wireless Home Internet installs before the weekend streaming surge,2026-05-19T04:20:09Z,7100,1396,763,122225,0.926,,,rising,,2026-05-27T11:26:10Z
46258,4674,youtube,ext_youtube_00001718,Billing and usage signals are surfacing new need for Student Mobile Plan from WellNest Family Plans,2026-05-16T17:17:08Z,9316,601,375,182652,0.71,,,rising,,2026-05-27T11:26:10Z
46259,4824,instagram,ext_instagram_00001719,"If your subscribers need 5G Business Consultation, check PulsePoint 5G availability early; appointment slots are moving fast",2026-05-26T21:15:48Z,2875,317,860,175781,0.835,,,rising,,2026-05-27T11:26:10Z
46260,4972,youtube,ext_youtube_00001720,Day 30 with the IoT Sensor Gateway Kit workflow and the field team says OrbitMotion IoT reduced manual follow-up,2026-05-27T05:07:38Z,938,75,40,10048,0.925,,,normal,,2026-05-27T11:26:10Z
46261,4609,youtube,ext_youtube_00001721,Recommended ClearMind Customer Care Outage Follow-Up Call to an account manager today because churn risk is the issue,2026-05-20T18:19:21Z,943,29,16,4361,0.249,,,normal,,2026-05-27T11:26:10Z
46262,4820,tiktok,ext_tiktok_00001722,"Thought Device Upgrade Enrollment demand would level off, but PulsePoint 5G is still seeing urgent requests",2026-05-27T11:24:36Z,862,99,40,8687,0.69,,,normal,,2026-05-27T11:26:10Z
46263,4655,threads,ext_threads_00001723,Morning capacity review featuring Churn Risk Save Offer. WaveFirst Mobile needs pre-positioned technician capacity,2026-05-22T01:00:09Z,23772,5499,1110,246411,0.83,,,viral,,2026-05-27T11:26:10Z
46264,4948,threads,ext_threads_00001724,Added Fraud Resolution Case to the high-priority service assurance path. Thank you ClearMind Customer Care for closing the gap,2026-05-21T22:05:14Z,858,66,0,17965,0.364,,,normal,,2026-05-27T11:26:10Z
46265,4943,threads,ext_threads_00001725,Subscribers are asking about Fiber Appointment Scheduling through RoamFlow Mobility; upgrade and activation demand is rising,2026-05-05T02:05:44Z,86,4,9,12877,0.867,,,normal,,2026-05-27T11:26:10Z
46266,4561,instagram,ext_instagram_00001726,Families keep asking for better Wi-Fi performance before evening streaming starts,2026-05-23T20:10:49Z,934,35,14,4034,0.719,,,normal,,2026-05-27T11:26:10Z
46267,4613,twitter,ext_twitter_00001727,Coverage update: Home Wi-Fi Mesh Kit capacity at PulsePoint 5G is getting tight after a spike in service orders,2026-05-26T18:31:38Z,845,52,39,8194,0.683,,,normal,,2026-05-27T11:26:10Z
46268,4903,threads,ext_threads_00001728,Enterprise care teams are coordinating SLA-impact cases across regional service teams today,2026-05-06T12:13:36Z,271,55,46,4287,-0.26,,,normal,,2026-05-27T11:26:10Z
46269,4806,twitter,ext_twitter_00001729,Outage follow-up: demand for 5G Business Consultation is up and PulsePoint 5G needs more field slots,2026-04-27T13:08:03Z,8931,444,878,100480,0.24,,,rising,,2026-05-27T11:26:10Z
46270,4641,instagram,ext_instagram_00001730,"Two-week review of SilverLine Connected Life Senior Connected Life Plan: strong subscriber response, but capacity planning matters",2026-05-26T20:21:57Z,4258,420,298,154218,0.346,,,rising,,2026-05-27T11:26:10Z
46271,4904,instagram,ext_instagram_00001731,Families keep asking where to find Device Upgrade Enrollment. PulsePoint 5G is showing up in every upgrade thread,2026-05-26T22:27:23Z,540,32,49,9384,0.378,,,normal,,2026-05-27T11:26:10Z
46272,4829,instagram,ext_instagram_00001732,NOC huddle: prioritize SignalBridge Mobile Number Port-In Activation installs before the weekend streaming surge,2026-05-26T22:51:52Z,65,37,25,8419,0.916,,,normal,,2026-05-27T11:26:10Z
46273,4794,instagram,ext_instagram_00001733,Billing and usage signals are surfacing new need for Fraud Resolution Case from ClearMind Customer Care,2026-05-06T02:21:17Z,279599,84600,16025,11085330,0.347,,,mega_viral,,2026-05-27T11:26:10Z
46274,4971,twitter,ext_twitter_00001734,"If your subscribers need Enterprise Account Navigation, check EnterpriseEdge Services availability early; appointment slots are moving fast",2026-05-23T09:48:44Z,439,94,22,3340,0.516,,,normal,,2026-05-27T11:26:10Z
46275,4568,twitter,ext_twitter_00001735,Day 30 with the Outage Follow-Up Call workflow and the field team says ClearMind Customer Care reduced manual follow-up,2026-05-22T07:19:52Z,35239,9308,2597,236798,0.472,,,viral,,2026-05-27T11:26:10Z
46276,4542,tiktok,ext_tiktok_00001736,Recommended ClearMind Customer Care Customer Retention Intake to an account manager today because churn risk is the issue,2026-05-11T08:56:00Z,743,0,12,2169,0.935,,,normal,,2026-05-27T11:26:10Z
46277,4665,threads,ext_threads_00001737,Connected life teams need better outreach after recent storm-related service events,2026-05-22T08:51:52Z,647,99,46,11874,-0.017,,,normal,,2026-05-27T11:26:10Z
46278,4694,youtube,ext_youtube_00001738,Enterprise care teams are coordinating SLA-impact cases across regional service teams today,2026-05-25T10:53:43Z,644,85,19,14509,0.825,,,normal,,2026-05-27T11:26:10Z
46279,4896,twitter,ext_twitter_00001739,Added Family Data Share Plan to the high-priority service assurance path. Thank you WellNest Family Plans for closing the gap,2026-05-08T23:54:32Z,487,23,30,11010,0.705,,,normal,,2026-05-27T11:26:10Z
46280,4941,twitter,ext_twitter_00001740,Subscribers are asking for clearer instructions after fiber installation and faster follow-up windows,2026-05-24T00:45:27Z,870,80,21,5108,0.856,,,normal,,2026-05-27T11:26:10Z
46281,4766,instagram,ext_instagram_00001741,Outage follow-up is the top request in our subscriber forum this week,2026-05-26T10:41:49Z,818,15,32,16943,0.216,,,normal,,2026-05-27T11:26:10Z
46282,4718,twitter,ext_twitter_00001742,Small businesses need earlier visibility into field technician appointment availability,2026-05-13T02:44:21Z,858,87,3,2465,0.513,,,normal,,2026-05-27T11:26:10Z
46283,4742,tiktok,ext_tiktok_00001743,Subscriber experience note - MetroSupply Devices 5G Mobile Hotspot Kit is the service everyone is trying to schedule right now,2026-05-12T11:58:58Z,379199,62220,18512,10181759,0.924,,,mega_viral,,2026-05-27T11:26:10Z
46284,4979,instagram,ext_instagram_00001744,Coverage gaps are delaying service assurance for several subscriber groups,2026-05-22T20:27:56Z,770,57,35,7568,-0.282,,,normal,,2026-05-27T11:26:10Z
46285,4647,tiktok,ext_tiktok_00001745,Device-support channels are seeing increased activation demand after a handset launch,2026-05-22T07:44:35Z,8059,1610,476,153579,0.4,,,rising,,2026-05-27T11:26:10Z
46286,4616,instagram,ext_instagram_00001746,Families keep asking for better Wi-Fi performance before evening streaming starts,2026-05-26T16:36:16Z,13183,11292,4344,278259,0.049,,,viral,,2026-05-27T11:26:10Z
46287,4934,instagram,ext_instagram_00001747,NOC huddle: prioritize WaveFirst Mobile Churn Risk Save Offer installs before the weekend streaming surge,2026-05-18T14:20:01Z,8774,1290,692,83805,0.419,,,rising,,2026-05-27T11:26:10Z
46288,4670,threads,ext_threads_00001748,Billing and usage signals are surfacing new need for Premium International Roaming Pass from SignalBridge Mobile,2026-05-20T07:20:18Z,297,91,6,17228,0.367,,,normal,,2026-05-27T11:26:10Z
46289,4895,tiktok,ext_tiktok_00001749,Roaming bill questions are creating new handoffs to billing and retention teams,2026-05-02T22:38:58Z,8607,1471,853,123536,0.634,,,rising,,2026-05-27T11:26:10Z
46290,4699,youtube,ext_youtube_00001750,Subscribers are asking for clearer instructions after fiber installation and faster follow-up windows,2026-05-12T07:27:02Z,2675,748,173,102351,0.786,,,rising,,2026-05-27T11:26:10Z
46291,4969,instagram,ext_instagram_00001751,Recommended EnterpriseEdge Services Edge Compute Reservation to an account manager today because churn risk is the issue,2026-05-10T10:52:44Z,49154,3422,5506,272474,0.209,,,viral,,2026-05-27T11:26:10Z
46292,4856,twitter,ext_twitter_00001752,Small businesses need earlier visibility into field technician appointment availability,2026-05-22T18:09:16Z,7943,561,271,79894,0.387,,,rising,,2026-05-27T11:26:10Z
46293,4929,instagram,ext_instagram_00001753,Morning capacity review featuring Enterprise Account Navigation. EnterpriseEdge Services needs pre-positioned technician capacity,2026-05-01T14:12:05Z,603,88,12,1713,0.918,,,normal,,2026-05-27T11:26:10Z
46294,4579,youtube,ext_youtube_00001754,Coverage gaps are delaying service assurance for several subscriber groups,2026-05-25T17:52:27Z,2513,1017,586,52582,0.723,,,rising,,2026-05-27T11:26:10Z
46295,4943,threads,ext_threads_00001755,Subscribers are asking about Fraud Resolution Case through ClearMind Customer Care; upgrade and activation demand is rising,2026-05-03T16:22:28Z,876,66,45,16931,0.636,,,normal,,2026-05-27T11:26:10Z
46296,4902,youtube,ext_youtube_00001756,Network operations is flagging Fiber Appointment Scheduling from RoamFlow Mobility as a capacity bottleneck this week,2026-05-13T08:57:35Z,93,20,41,17209,0.653,,,normal,,2026-05-27T11:26:10Z
46297,4596,instagram,ext_instagram_00001757,Coverage update: Network Congestion Plan Review capacity at WellNest Family Plans is getting tight after a spike in service orders,2026-05-10T15:39:25Z,195,46,11,12966,0.942,,,normal,,2026-05-27T11:26:10Z
46298,4692,tiktok,ext_tiktok_00001758,Subscriber experience note - MetroSupply Devices SIM Replacement Starter Kit is the service everyone is trying to schedule right now,2026-05-24T07:34:00Z,500,76,39,8146,0.464,,,normal,,2026-05-27T11:26:10Z
46299,4957,youtube,ext_youtube_00001759,Outage follow-up: demand for New Line Activation is up and WaveFirst Mobile needs more field slots,2026-05-24T16:22:24Z,19,68,47,19533,0.423,,,normal,,2026-05-27T11:26:10Z
46300,4735,threads,ext_threads_00001760,"Two-week review of SignalBridge Mobile Premium International Roaming Pass: strong subscriber response, but capacity planning matters",2026-05-27T02:51:56Z,752,7,5,19238,0.663,,,normal,,2026-05-27T11:26:10Z
46301,4946,twitter,ext_twitter_00001761,Families keep asking where to find New Line Activation. WaveFirst Mobile is showing up in every upgrade thread,2026-05-14T04:23:19Z,3784,403,393,112163,0.866,,,rising,,2026-05-27T11:26:10Z
46302,4820,tiktok,ext_tiktok_00001762,NOC huddle: prioritize SignalBridge Mobile Premium International Roaming Pass installs before the weekend streaming surge,2026-05-26T02:06:37Z,882,99,7,15063,0.568,,,normal,,2026-05-27T11:26:10Z
46303,4989,instagram,ext_instagram_00001763,Network monitoring alerts are helping the team catch congestion before call volume spikes,2026-05-21T07:53:18Z,415,73,30,14314,-0.166,,,normal,,2026-05-27T11:26:10Z
46304,4553,twitter,ext_twitter_00001764,"If your subscribers need Fixed Wireless Home Internet, check HomeConnect Fixed Wireless availability early; appointment slots are moving fast",2026-04-29T12:25:33Z,186,89,39,1719,0.87,,,normal,,2026-05-27T11:26:10Z
46305,4564,youtube,ext_youtube_00001765,Day 30 with the 5G Unlimited Mobile Plan workflow and the field team says SignalBridge Mobile reduced manual follow-up,2026-05-26T00:45:42Z,4684,1035,452,146860,0.247,,,rising,,2026-05-27T11:26:10Z
46306,4908,threads,ext_threads_00001766,Families keep asking for better Wi-Fi performance before evening streaming starts,2026-05-25T08:53:01Z,642,65,38,4091,-0.105,,,normal,,2026-05-27T11:26:10Z
46307,4613,twitter,ext_twitter_00001767,Connected life teams need better outreach after recent storm-related service events,2026-05-13T14:37:08Z,722,55,32,17949,0.487,,,normal,,2026-05-27T11:26:10Z
46308,4898,threads,ext_threads_00001768,Morning capacity review featuring 5G Business Consultation. PulsePoint 5G needs pre-positioned technician capacity,2026-05-27T08:40:18Z,7861,582,178,27897,0.415,,,rising,,2026-05-27T11:26:10Z
46309,4684,youtube,ext_youtube_00001769,Roaming bill questions are creating new handoffs to billing and retention teams,2026-05-27T03:28:34Z,22474,4282,4172,753288,0.613,,,viral,,2026-05-27T11:26:10Z
46310,4545,threads,ext_threads_00001770,Subscribers are asking about Fixed Wireless Home Internet through HomeConnect Fixed Wireless; upgrade and activation demand is rising,2026-05-27T06:42:59Z,3440,1580,278,129951,0.312,,,rising,,2026-05-27T11:26:10Z
46311,4697,tiktok,ext_tiktok_00001771,Outage follow-up is the top request in our subscriber forum this week,2026-05-27T10:39:37Z,8495,482,914,59806,0.193,,,rising,,2026-05-27T11:26:10Z
46312,5060,twitter,ext_twitter_00001772,Coverage update: SIM Replacement Starter Kit capacity at MetroSupply Devices is getting tight after a spike in service orders,2026-05-25T09:07:34Z,60,71,29,15984,0.815,,,normal,,2026-05-27T11:26:10Z
46313,4652,tiktok,ext_tiktok_00001773,Subscriber experience note - PulsePoint 5G Device Upgrade Enrollment is the service everyone is trying to schedule right now,2026-05-08T11:43:51Z,754,98,7,13641,0.556,,,normal,,2026-05-27T11:26:10Z
46314,4644,youtube,ext_youtube_00001774,Outage follow-up: demand for Fixed Wireless Home Internet is up and HomeConnect Fixed Wireless needs more field slots,2026-05-12T07:17:49Z,292,80,0,11866,0.858,,,normal,,2026-05-27T11:26:10Z
46315,4572,tiktok,ext_tiktok_00001775,"Two-week review of MetroSupply Devices Connected Device Monitoring Onboarding: strong subscriber response, but capacity planning matters",2026-05-16T06:21:20Z,511,71,17,4763,0.279,,,normal,,2026-05-27T11:26:10Z
46316,4908,threads,ext_threads_00001776,Families keep asking where to find SIM Replacement Starter Kit. MetroSupply Devices is showing up in every upgrade thread,2026-05-09T20:19:28Z,5988,510,400,87688,0.329,,,rising,,2026-05-27T11:26:10Z
46317,4962,youtube,ext_youtube_00001777,Connected life teams need better outreach after recent storm-related service events,2026-05-13T12:46:15Z,475575,31095,9666,4471174,0.642,,,mega_viral,,2026-05-27T11:26:10Z
46318,4625,threads,ext_threads_00001778,Enterprise care teams are coordinating SLA-impact cases across regional service teams today,2026-05-27T02:57:26Z,835,69,18,14099,0.331,,,normal,,2026-05-27T11:26:10Z
46319,4696,instagram,ext_instagram_00001779,"If your subscribers need Gigabit Fiber Install, check FiberPath Broadband availability early; appointment slots are moving fast",2026-05-22T11:52:12Z,9946,703,645,151987,0.284,,,rising,,2026-05-27T11:26:10Z
46320,4870,tiktok,ext_tiktok_00001780,Subscribers are asking for clearer instructions after fiber installation and faster follow-up windows,2026-05-27T03:11:22Z,893,60,41,4461,-0.051,,,normal,,2026-05-27T11:26:10Z
46321,4555,threads,ext_threads_00001781,Recommended PulsePoint 5G 5G Business Consultation to an account manager today because churn risk is the issue,2026-05-23T08:29:53Z,776,64,32,12860,0.778,,,normal,,2026-05-27T11:26:10Z
46322,4974,instagram,ext_instagram_00001782,Small businesses need earlier visibility into field technician appointment availability,2026-05-26T17:09:42Z,729,8,5,18240,0.765,,,normal,,2026-05-27T11:26:10Z
46323,5001,twitter,ext_twitter_00001783,Morning capacity review featuring 5G Unlimited Mobile Plan. SignalBridge Mobile needs pre-positioned technician capacity,2026-05-15T05:04:41Z,713,10,6,2635,0.611,,,normal,,2026-05-27T11:26:10Z
46324,4651,instagram,ext_instagram_00001784,Added Fiber Repair Appointment to the high-priority service assurance path. Thank you FiberPath Broadband for closing the gap,2026-05-04T11:22:45Z,384,65,4,9462,0.843,,,normal,,2026-05-27T11:26:10Z
46325,4611,instagram,ext_instagram_00001785,Device-support channels are seeing increased activation demand after a handset launch,2026-05-14T22:40:04Z,8793,1872,259,161832,0.274,,,rising,,2026-05-27T11:26:10Z
46326,4648,twitter,ext_twitter_00001786,Network operations is flagging Field Technician Evaluation from OrbitMotion IoT as a capacity bottleneck this week,2026-05-20T23:55:40Z,8608,604,558,199059,0.358,,,rising,,2026-05-27T11:26:10Z
46327,4602,tiktok,ext_tiktok_00001787,Coverage update: Fraud Resolution Case capacity at ClearMind Customer Care is getting tight after a spike in service orders,2026-05-12T01:29:48Z,216,44,12,4677,0.686,,,normal,,2026-05-27T11:26:10Z
46328,5025,tiktok,ext_tiktok_00001788,Subscriber experience note - EnterpriseEdge Services Enterprise Account Navigation is the service everyone is trying to schedule right now,2026-05-18T01:41:44Z,863,51,27,18988,0.606,,,normal,,2026-05-27T11:26:10Z
46329,4541,instagram,ext_instagram_00001789,Outage follow-up: demand for Number Port-In Activation is up and SignalBridge Mobile needs more field slots,2026-05-17T22:13:16Z,724,23,48,13367,0.216,,,normal,,2026-05-27T11:26:10Z
46330,5010,tiktok,ext_tiktok_00001790,Subscribers are asking for clearer instructions after fiber installation and faster follow-up windows,2026-05-26T14:58:05Z,493410,41677,46274,19276781,0.516,,,mega_viral,,2026-05-27T11:26:10Z
46331,4711,instagram,ext_instagram_00001791,Families keep asking where to find Senior Connected Life Plan. SilverLine Connected Life is showing up in every upgrade thread,2026-05-19T05:27:00Z,497,29,5,16287,0.363,,,normal,,2026-05-27T11:26:10Z
46332,4586,instagram,ext_instagram_00001792,NOC huddle: prioritize ClearMind Customer Care Fraud Resolution Case installs before the weekend streaming surge,2026-05-19T02:57:14Z,2794,779,928,147792,0.359,,,rising,,2026-05-27T11:26:10Z
46333,4561,instagram,ext_instagram_00001793,Billing and usage signals are surfacing new need for Premium International Roaming Pass from SignalBridge Mobile,2026-05-27T11:24:23Z,9553,206,694,116030,0.798,,,rising,,2026-05-27T11:26:10Z
46334,4820,tiktok,ext_tiktok_00001794,"If your subscribers need Smart Home Connectivity Assessment, check HomeConnect Fixed Wireless availability early; appointment slots are moving fast",2026-04-27T14:17:35Z,2289,1020,892,174224,0.494,,,rising,,2026-05-27T11:26:10Z
46335,4745,threads,ext_threads_00001795,Device-support channels are seeing increased activation demand after a handset launch,2026-05-26T19:45:21Z,484,42,6,778,-0.104,,,normal,,2026-05-27T11:26:10Z
46336,4996,twitter,ext_twitter_00001796,Recommended HomeConnect Fixed Wireless Fixed Wireless Home Internet to an account manager today because churn risk is the issue,2026-05-15T03:01:25Z,481,23,42,17834,0.477,,,normal,,2026-05-27T11:26:10Z
46337,4849,instagram,ext_instagram_00001797,Connected life teams need better outreach after recent storm-related service events,2026-05-24T06:53:00Z,15081,11545,7658,625778,0.698,,,viral,,2026-05-27T11:26:10Z
46338,4733,twitter,ext_twitter_00001798,Morning capacity review featuring Home Wi-Fi Mesh Kit. PulsePoint 5G needs pre-positioned technician capacity,2026-05-25T12:30:05Z,736,40,8,16500,0.656,,,normal,,2026-05-27T11:26:10Z
46339,4624,youtube,ext_youtube_00001799,Roaming bill questions are creating new handoffs to billing and retention teams,2026-05-18T11:40:46Z,421,33,17,11346,0.469,,,normal,,2026-05-27T11:26:10Z
46340,4917,youtube,ext_youtube_00001800,Subscribers are asking about Fraud Resolution Case through ClearMind Customer Care; upgrade and activation demand is rising,2026-05-27T06:13:17Z,439,92,4,18495,0.314,,,normal,,2026-05-27T11:26:10Z
46341,4682,tiktok,ext_tiktok_00001801,Network operations is flagging Premium International Roaming Pass from SignalBridge Mobile as a capacity bottleneck this week,2026-05-27T11:21:06Z,3222,1807,385,41735,0.555,,,rising,,2026-05-27T11:26:10Z
46342,4962,youtube,ext_youtube_00001802,Small businesses need earlier visibility into field technician appointment availability,2026-05-07T21:47:49Z,854,8,43,15971,0.054,,,normal,,2026-05-27T11:26:10Z
46343,4891,twitter,ext_twitter_00001803,Network monitoring alerts are helping the team catch congestion before call volume spikes,2026-05-15T17:41:34Z,132,79,45,12222,0.058,,,normal,,2026-05-27T11:26:10Z
46344,4780,threads,ext_threads_00001804,Coverage gaps are delaying service assurance for several subscriber groups,2026-05-27T03:12:26Z,483,21,17,5410,-0.139,,,normal,,2026-05-27T11:26:10Z
46345,5047,threads,ext_threads_00001805,"Two-week review of PulsePoint 5G 5G Business Consultation: strong subscriber response, but capacity planning matters",2026-05-19T19:57:19Z,238,40,35,3067,0.368,,,normal,,2026-05-27T11:26:10Z
46346,4544,youtube,ext_youtube_00001806,Families keep asking where to find Gigabit Fiber Install. FiberPath Broadband is showing up in every upgrade thread,2026-05-27T08:07:29Z,3304,1532,213,92225,0.564,,,rising,,2026-05-27T11:26:10Z
46347,4552,tiktok,ext_tiktok_00001807,NOC huddle: prioritize OrbitMotion IoT IoT Sensor Gateway Kit installs before the weekend streaming surge,2026-05-04T10:43:04Z,4284,1715,673,97560,0.656,,,rising,,2026-05-27T11:26:10Z
46348,5015,tiktok,ext_tiktok_00001808,Billing and usage signals are surfacing new need for Fraud Resolution Case from ClearMind Customer Care,2026-05-15T03:33:55Z,432,72,22,12837,0.62,,,normal,,2026-05-27T11:26:10Z
46349,5044,tiktok,ext_tiktok_00001809,Roaming bill questions are creating new handoffs to billing and retention teams,2026-05-24T01:18:58Z,877,43,9,10019,0.636,,,normal,,2026-05-27T11:26:10Z
46350,4822,youtube,ext_youtube_00001810,Day 30 with the Fraud Resolution Case workflow and the field team says ClearMind Customer Care reduced manual follow-up,2026-05-26T18:49:52Z,29212,13106,7727,216734,0.656,,,viral,,2026-05-27T11:26:10Z
46351,4980,tiktok,ext_tiktok_00001811,Outage follow-up is the top request in our subscriber forum this week,2026-05-10T12:15:39Z,1120,1767,100,56201,0.688,,,rising,,2026-05-27T11:26:10Z
46352,4589,youtube,ext_youtube_00001812,"Thought Customer Retention Intake demand would level off, but ClearMind Customer Care is still seeing urgent requests",2026-05-18T01:57:43Z,650,3,13,12044,0.381,,,normal,,2026-05-27T11:26:10Z
46353,4608,twitter,ext_twitter_00001813,Morning capacity review featuring Premium International Roaming Pass. SignalBridge Mobile needs pre-positioned technician capacity,2026-05-24T19:22:13Z,3007,1333,240,82214,0.527,,,rising,,2026-05-27T11:26:10Z
46354,4999,instagram,ext_instagram_00001814,Added Fixed Wireless Home Internet to the high-priority service assurance path. Thank you HomeConnect Fixed Wireless for closing the gap,2026-05-19T08:00:58Z,4745,1440,720,196197,0.437,,,rising,,2026-05-27T11:26:10Z
46355,4967,youtube,ext_youtube_00001815,Device-support channels are seeing increased activation demand after a handset launch,2026-05-25T04:37:14Z,275,70,3,9917,0.425,,,normal,,2026-05-27T11:26:10Z
46356,4572,tiktok,ext_tiktok_00001816,Network operations is flagging Fiber Appointment Scheduling from RoamFlow Mobility as a capacity bottleneck this week,2026-05-11T11:00:46Z,121,36,18,10241,0.232,,,normal,,2026-05-27T11:26:10Z
46357,4831,twitter,ext_twitter_00001817,Coverage update: Smart Home Connectivity Assessment capacity at HomeConnect Fixed Wireless is getting tight after a spike in service orders,2026-05-21T15:38:51Z,3180,792,138,123414,0.623,,,rising,,2026-05-27T11:26:10Z
46358,4899,instagram,ext_instagram_00001818,Enterprise care teams are coordinating SLA-impact cases across regional service teams today,2026-05-05T10:29:57Z,946,75,32,9239,0.687,,,normal,,2026-05-27T11:26:10Z
46359,4945,tiktok,ext_tiktok_00001819,Outage follow-up: demand for LTE Backup Gateway is up and HomeConnect Fixed Wireless needs more field slots,2026-05-18T10:20:02Z,382,73,37,10651,0.444,,,normal,,2026-05-27T11:26:10Z
46360,5014,instagram,ext_instagram_00001820,"Two-week review of PulsePoint 5G Home Wi-Fi Mesh Kit: strong subscriber response, but capacity planning matters",2026-05-08T11:43:34Z,4036,798,473,105593,0.631,,,rising,,2026-05-27T11:26:10Z
46361,4716,instagram,ext_instagram_00001821,Outage follow-up is the top request in our subscriber forum this week,2026-05-09T09:08:43Z,7399,764,658,59850,0.772,,,rising,,2026-05-27T11:26:10Z
46362,4727,tiktok,ext_tiktok_00001822,NOC huddle: prioritize OrbitMotion IoT Fleet Telematics SIM Pack installs before the weekend streaming surge,2026-05-09T16:30:03Z,43928,14840,2135,241133,0.693,,,viral,,2026-05-27T11:26:10Z
46363,4858,threads,ext_threads_00001823,Billing and usage signals are surfacing new need for Home Wi-Fi Mesh Kit from PulsePoint 5G,2026-05-20T10:20:23Z,87,72,17,18177,0.532,,,normal,,2026-05-27T11:26:10Z
46364,4690,threads,ext_threads_00001824,"If your subscribers need Student Mobile Plan, check WellNest Family Plans availability early; appointment slots are moving fast",2026-05-22T20:47:06Z,29,57,16,17153,0.272,,,normal,,2026-05-27T11:26:10Z
46365,4828,threads,ext_threads_00001825,Day 30 with the Home Wi-Fi Mesh Kit workflow and the field team says PulsePoint 5G reduced manual follow-up,2026-05-05T20:13:34Z,470,10,4,2476,0.422,,,normal,,2026-05-27T11:26:10Z
46366,4850,tiktok,ext_tiktok_00001826,Families keep asking for better Wi-Fi performance before evening streaming starts,2026-05-21T12:50:44Z,884,85,3,12045,0.862,,,normal,,2026-05-27T11:26:10Z
46367,4718,twitter,ext_twitter_00001827,"Thought Number Port-In Activation demand would level off, but SignalBridge Mobile is still seeing urgent requests",2026-04-30T18:20:50Z,18882,6810,4883,248323,0.872,,,viral,,2026-05-27T11:26:10Z
46368,4579,youtube,ext_youtube_00001828,Morning capacity review featuring Roaming Cost Coaching. RoamFlow Mobility needs pre-positioned technician capacity,2026-05-21T12:04:43Z,45555,10221,1479,226503,0.572,,,viral,,2026-05-27T11:26:10Z
46369,5059,tiktok,ext_tiktok_00001829,Roaming bill questions are creating new handoffs to billing and retention teams,2026-05-26T18:42:50Z,887,52,17,16699,0.227,,,normal,,2026-05-27T11:26:10Z
46370,4556,instagram,ext_instagram_00001830,Subscribers are asking about Student Mobile Plan through WellNest Family Plans; upgrade and activation demand is rising,2026-05-24T02:13:58Z,960,66,15,8318,0.535,,,normal,,2026-05-27T11:26:10Z
46371,5001,twitter,ext_twitter_00001831,Network operations is flagging Network Congestion Plan Review from WellNest Family Plans as a capacity bottleneck this week,2026-05-23T06:37:12Z,954,30,34,9024,0.858,,,normal,,2026-05-27T11:26:10Z
46372,4692,tiktok,ext_tiktok_00001832,Coverage update: LTE Backup Gateway capacity at HomeConnect Fixed Wireless is getting tight after a spike in service orders,2026-05-13T23:53:19Z,138,82,0,18679,0.698,,,normal,,2026-05-27T11:26:10Z
46373,4856,twitter,ext_twitter_00001833,Subscriber experience note - PulsePoint 5G Home Wi-Fi Mesh Kit is the service everyone is trying to schedule right now,2026-05-12T22:35:44Z,2050,1115,415,165737,0.561,,,rising,,2026-05-27T11:26:10Z
46374,4554,youtube,ext_youtube_00001834,Outage follow-up: demand for New Line Activation is up and WaveFirst Mobile needs more field slots,2026-05-07T16:34:18Z,133,11,15,16089,0.815,,,normal,,2026-05-27T11:26:10Z
46375,5047,threads,ext_threads_00001835,"Two-week review of SignalBridge Mobile Number Port-In Activation: strong subscriber response, but capacity planning matters",2026-05-17T22:04:48Z,7829,1819,793,172615,0.255,,,rising,,2026-05-27T11:26:10Z
46376,4603,twitter,ext_twitter_00001836,Families keep asking for better Wi-Fi performance before evening streaming starts,2026-05-17T07:16:40Z,135107,59094,21842,10423275,0.457,,,mega_viral,,2026-05-27T11:26:10Z
46377,4782,tiktok,ext_tiktok_00001837,Connected life teams need better outreach after recent storm-related service events,2026-05-02T07:17:15Z,868,35,23,13158,0.345,,,normal,,2026-05-27T11:26:10Z
46378,4568,twitter,ext_twitter_00001838,Billing and usage signals are surfacing new need for Fiber Repair Appointment from FiberPath Broadband,2026-05-22T15:07:14Z,940,93,22,1920,0.834,,,normal,,2026-05-27T11:26:10Z
46379,4791,twitter,ext_twitter_00001839,"If your subscribers need Churn Risk Save Offer, check WaveFirst Mobile availability early; appointment slots are moving fast",2026-05-05T23:53:06Z,635,21,23,10831,0.46,,,normal,,2026-05-27T11:26:10Z
46380,4655,threads,ext_threads_00001840,Day 30 with the Senior Connected Life Plan workflow and the field team says SilverLine Connected Life reduced manual follow-up,2026-05-24T21:00:44Z,220,63,28,7787,0.615,,,normal,,2026-05-27T11:26:10Z
46381,4745,threads,ext_threads_00001841,Outage follow-up is the top request in our subscriber forum this week,2026-05-18T07:08:20Z,184,90,7,16456,0.065,,,normal,,2026-05-27T11:26:10Z
46382,4887,youtube,ext_youtube_00001842,"Thought Fiber Repair Appointment demand would level off, but FiberPath Broadband is still seeing urgent requests",2026-05-24T09:40:51Z,97,41,25,4678,0.82,,,normal,,2026-05-27T11:26:10Z
46383,4767,tiktok,ext_tiktok_00001843,Morning capacity review featuring Smart Home Connectivity Assessment. HomeConnect Fixed Wireless needs pre-positioned technician capacity,2026-05-06T05:38:11Z,879,27,1,12128,0.902,,,normal,,2026-05-27T11:26:10Z
46384,4857,youtube,ext_youtube_00001844,Added Network Congestion Plan Review to the high-priority service assurance path. Thank you WellNest Family Plans for closing the gap,2026-05-20T05:08:17Z,395,32,44,794,0.542,,,normal,,2026-05-27T11:26:10Z
46385,4592,tiktok,ext_tiktok_00001845,Subscribers are asking about Premium International Roaming Pass through SignalBridge Mobile; upgrade and activation demand is rising,2026-05-15T10:15:11Z,912,52,30,3561,0.228,,,normal,,2026-05-27T11:26:10Z
46386,4566,instagram,ext_instagram_00001846,Network operations is flagging 5G Mobile Hotspot Kit from MetroSupply Devices as a capacity bottleneck this week,2026-05-23T07:49:05Z,522,95,31,14409,0.547,,,normal,,2026-05-27T11:26:10Z
46387,4864,instagram,ext_instagram_00001847,Connected life teams need better outreach after recent storm-related service events,2026-05-07T02:21:59Z,933,24,21,15649,-0.264,,,normal,,2026-05-27T11:26:10Z
46388,4904,instagram,ext_instagram_00001848,Subscriber experience note - FiberPath Broadband Small Business Fiber SLA is the service everyone is trying to schedule right now,2026-05-21T00:45:05Z,2652,842,871,150449,0.337,,,rising,,2026-05-27T11:26:10Z
46389,4890,tiktok,ext_tiktok_00001849,Outage follow-up: demand for Fraud Resolution Case is up and ClearMind Customer Care needs more field slots,2026-05-12T04:29:25Z,2787,1551,144,180858,0.561,,,rising,,2026-05-27T11:26:10Z
46390,4855,tiktok,ext_tiktok_00001850,"Two-week review of WellNest Family Plans Network Congestion Plan Review: strong subscriber response, but capacity planning matters",2026-05-03T17:06:24Z,113,65,7,494,0.419,,,normal,,2026-05-27T11:26:10Z
46391,4743,twitter,ext_twitter_00001851,Outage follow-up is the top request in our subscriber forum this week,2026-04-28T00:22:27Z,703,29,14,5579,-0.113,,,normal,,2026-05-27T11:26:10Z
46392,4927,youtube,ext_youtube_00001852,NOC huddle: prioritize HomeConnect Fixed Wireless Smart Home Connectivity Assessment installs before the weekend streaming surge,2026-05-24T09:21:34Z,17788,10861,7929,668024,0.66,,,viral,,2026-05-27T11:26:10Z
46393,4866,twitter,ext_twitter_00001853,Billing and usage signals are surfacing new need for Field Technician Evaluation from OrbitMotion IoT,2026-05-20T10:54:21Z,2044,1693,653,119180,0.497,,,rising,,2026-05-27T11:26:10Z
46394,4923,threads,ext_threads_00001854,"If your subscribers need Senior Connected Life Plan, check SilverLine Connected Life availability early; appointment slots are moving fast",2026-05-06T19:59:05Z,1018,1154,625,149593,0.776,,,rising,,2026-05-27T11:26:10Z
46395,4588,twitter,ext_twitter_00001855,Day 30 with the Fiber Repair Appointment workflow and the field team says FiberPath Broadband reduced manual follow-up,2026-04-27T22:32:21Z,119,38,4,11416,0.202,,,normal,,2026-05-27T11:26:10Z
46396,4874,instagram,ext_instagram_00001856,Recommended RoamFlow Mobility Fiber Appointment Scheduling to an account manager today because churn risk is the issue,2026-05-15T18:20:44Z,1795,328,120,70628,0.658,,,rising,,2026-05-27T11:26:10Z
46397,4720,threads,ext_threads_00001857,"Thought Fixed Wireless Home Internet demand would level off, but HomeConnect Fixed Wireless is still seeing urgent requests",2026-05-07T18:36:53Z,430,29,45,8168,0.231,,,normal,,2026-05-27T11:26:10Z
46398,4597,tiktok,ext_tiktok_00001858,Morning capacity review featuring Device Upgrade Enrollment. PulsePoint 5G needs pre-positioned technician capacity,2026-05-08T01:36:08Z,640,68,20,2568,0.237,,,normal,,2026-05-27T11:26:10Z
46399,4765,threads,ext_threads_00001859,Added New Line Activation to the high-priority service assurance path. Thank you WaveFirst Mobile for closing the gap,2026-05-19T15:20:40Z,4898,1713,619,51544,0.395,,,rising,,2026-05-27T11:26:10Z
46400,4725,threads,ext_threads_00001860,Subscribers are asking about Enterprise Account Navigation through EnterpriseEdge Services; upgrade and activation demand is rising,2026-05-25T21:03:10Z,308,35,30,2867,0.407,,,normal,,2026-05-27T11:26:10Z
46401,4905,tiktok,ext_tiktok_00001861,Network operations is flagging Premium International Roaming Pass from SignalBridge Mobile as a capacity bottleneck this week,2026-05-26T22:50:16Z,91,90,5,12530,0.938,,,normal,,2026-05-27T11:26:10Z
46402,5017,youtube,ext_youtube_00001862,Small businesses need earlier visibility into field technician appointment availability,2026-05-26T22:06:15Z,42559,12510,4501,511105,-0.285,,,viral,,2026-05-27T11:26:10Z
46403,4990,tiktok,ext_tiktok_00001863,Network monitoring alerts are helping the team catch congestion before call volume spikes,2026-05-17T06:31:39Z,75,20,7,16473,0.321,,,normal,,2026-05-27T11:26:10Z
46404,4626,instagram,ext_instagram_00001864,Outage follow-up: demand for Number Port-In Activation is up and SignalBridge Mobile needs more field slots,2026-05-15T09:19:55Z,233,45,14,18395,0.882,,,normal,,2026-05-27T11:26:10Z
46405,4816,twitter,ext_twitter_00001865,"Two-week review of EnterpriseEdge Services Edge Compute Reservation: strong subscriber response, but capacity planning matters",2026-05-13T06:27:50Z,17715,10556,6731,268911,0.313,,,viral,,2026-05-27T11:26:10Z
46406,4986,twitter,ext_twitter_00001866,Families keep asking where to find Family Data Share Plan. WellNest Family Plans is showing up in every upgrade thread,2026-05-27T01:59:06Z,409,80,47,12547,0.842,,,normal,,2026-05-27T11:26:10Z
46407,4934,instagram,ext_instagram_00001867,NOC huddle: prioritize OrbitMotion IoT Fleet Telematics SIM Pack installs before the weekend streaming surge,2026-05-14T20:53:40Z,3807,1284,985,111950,0.335,,,rising,,2026-05-27T11:26:10Z
46408,4767,tiktok,ext_tiktok_00001868,Enterprise care teams are coordinating SLA-impact cases across regional service teams today,2026-05-18T07:42:43Z,248,16,46,2795,0.526,,,normal,,2026-05-27T11:26:10Z
46409,4966,twitter,ext_twitter_00001869,Roaming bill questions are creating new handoffs to billing and retention teams,2026-05-21T12:16:32Z,424,28,21,19752,0.053,,,normal,,2026-05-27T11:26:10Z
46410,4621,instagram,ext_instagram_00001870,Subscribers are asking for clearer instructions after fiber installation and faster follow-up windows,2026-05-07T22:53:33Z,46310,4501,6819,312994,0.525,,,viral,,2026-05-27T11:26:10Z
46411,4654,youtube,ext_youtube_00001871,Recommended WaveFirst Mobile New Line Activation to an account manager today because churn risk is the issue,2026-05-21T03:30:27Z,599,10,22,167,0.234,,,normal,,2026-05-27T11:26:10Z
46412,4674,youtube,ext_youtube_00001872,"Thought Student Mobile Plan demand would level off, but WellNest Family Plans is still seeing urgent requests",2026-05-17T03:38:16Z,923,12,43,18177,0.402,,,normal,,2026-05-27T11:26:10Z
46413,4769,youtube,ext_youtube_00001873,Morning capacity review featuring Fleet Telematics SIM Pack. OrbitMotion IoT needs pre-positioned technician capacity,2026-05-12T07:08:54Z,219,54,21,3787,0.769,,,normal,,2026-05-27T11:26:10Z
46414,4705,threads,ext_threads_00001874,Added Small Business Fiber SLA to the high-priority service assurance path. Thank you FiberPath Broadband for closing the gap,2026-05-24T15:52:37Z,613,78,2,14984,0.815,,,normal,,2026-05-27T11:26:10Z
46415,4563,twitter,ext_twitter_00001875,Device-support channels are seeing increased activation demand after a handset launch,2026-05-03T06:37:28Z,246,5,24,16487,0.876,,,normal,,2026-05-27T11:26:10Z
46416,5023,threads,ext_threads_00001876,Network operations is flagging New Line Activation from WaveFirst Mobile as a capacity bottleneck this week,2026-05-14T22:23:25Z,251,37,47,16830,0.606,,,normal,,2026-05-27T11:26:10Z
46417,4791,twitter,ext_twitter_00001877,Coverage update: Outage Follow-Up Call capacity at ClearMind Customer Care is getting tight after a spike in service orders,2026-05-13T16:14:07Z,19263,9807,2119,842348,0.21,,,viral,,2026-05-27T11:26:10Z
46418,4906,twitter,ext_twitter_00001878,Subscriber experience note - HomeConnect Fixed Wireless Smart Home Connectivity Assessment is the service everyone is trying to schedule right now,2026-05-20T04:40:24Z,453,12,0,5278,0.573,,,normal,,2026-05-27T11:26:10Z
46419,5019,instagram,ext_instagram_00001879,Outage follow-up: demand for Churn Risk Save Offer is up and WaveFirst Mobile needs more field slots,2026-05-10T14:25:45Z,432,48,28,3041,0.569,,,normal,,2026-05-27T11:26:10Z
46420,4809,instagram,ext_instagram_00001880,"Two-week review of HomeConnect Fixed Wireless LTE Backup Gateway: strong subscriber response, but capacity planning matters",2026-05-23T23:42:35Z,2912,1192,146,186250,0.722,,,rising,,2026-05-27T11:26:10Z
46421,4820,tiktok,ext_tiktok_00001881,Families keep asking where to find Field Technician Evaluation. OrbitMotion IoT is showing up in every upgrade thread,2026-05-05T17:59:12Z,7940,879,620,68515,0.748,,,rising,,2026-05-27T11:26:10Z
46422,4886,twitter,ext_twitter_00001882,NOC huddle: prioritize ClearMind Customer Care Fraud Resolution Case installs before the weekend streaming surge,2026-05-02T22:16:23Z,524,82,3,2455,0.661,,,normal,,2026-05-27T11:26:10Z
46423,4729,youtube,ext_youtube_00001883,Billing and usage signals are surfacing new need for Fraud Resolution Case from ClearMind Customer Care,2026-05-24T20:32:25Z,759,70,24,8694,0.355,,,normal,,2026-05-27T11:26:10Z
46424,4580,threads,ext_threads_00001884,"If your subscribers need Home Wi-Fi Mesh Kit, check PulsePoint 5G availability early; appointment slots are moving fast",2026-05-17T03:43:51Z,411,75,19,903,0.247,,,normal,,2026-05-27T11:26:10Z
46425,4820,tiktok,ext_tiktok_00001885,Device-support channels are seeing increased activation demand after a handset launch,2026-05-23T18:06:21Z,37980,5303,1681,755029,-0.164,,,viral,,2026-05-27T11:26:10Z
46426,4612,tiktok,ext_tiktok_00001886,Recommended HomeConnect Fixed Wireless LTE Backup Gateway to an account manager today because churn risk is the issue,2026-05-15T03:44:07Z,923,29,29,12079,0.715,,,normal,,2026-05-27T11:26:10Z
46427,4756,instagram,ext_instagram_00001887,"Thought Student Mobile Plan demand would level off, but WellNest Family Plans is still seeing urgent requests",2026-05-08T08:18:52Z,590,10,29,12016,0.791,,,normal,,2026-05-27T11:26:10Z
46428,4559,youtube,ext_youtube_00001888,Morning capacity review featuring Home Wi-Fi Mesh Kit. PulsePoint 5G needs pre-positioned technician capacity,2026-05-01T20:21:12Z,756,20,2,10062,0.212,,,normal,,2026-05-27T11:26:10Z
46429,5053,instagram,ext_instagram_00001889,Added Smart Home Connectivity Assessment to the high-priority service assurance path. Thank you HomeConnect Fixed Wireless for closing the gap,2026-05-22T02:31:58Z,149,14,4,5615,0.581,,,normal,,2026-05-27T11:26:10Z
46430,4730,threads,ext_threads_00001890,Subscribers are asking about Number Port-In Activation through SignalBridge Mobile; upgrade and activation demand is rising,2026-05-09T18:14:35Z,1729,1949,261,99852,0.476,,,rising,,2026-05-27T11:26:10Z
46431,4860,tiktok,ext_tiktok_00001891,Network operations is flagging 5G Mobile Hotspot Kit from MetroSupply Devices as a capacity bottleneck this week,2026-05-17T22:06:48Z,21535,12828,4615,876249,0.773,,,viral,,2026-05-27T11:26:10Z
46432,5003,threads,ext_threads_00001892,Coverage update: Edge Compute Reservation capacity at EnterpriseEdge Services is getting tight after a spike in service orders,2026-05-26T18:32:32Z,3544,201,984,145203,0.51,,,rising,,2026-05-27T11:26:10Z
46433,4728,twitter,ext_twitter_00001893,Subscriber experience note - ClearMind Customer Care Outage Follow-Up Call is the service everyone is trying to schedule right now,2026-05-24T03:15:02Z,46943,13792,6269,703681,0.844,,,viral,,2026-05-27T11:26:10Z
46434,4565,threads,ext_threads_00001894,Outage follow-up: demand for Roaming Cost Coaching is up and RoamFlow Mobility needs more field slots,2026-05-16T03:49:08Z,971,38,39,327,0.416,,,normal,,2026-05-27T11:26:10Z
46435,4627,tiktok,ext_tiktok_00001895,Device-support channels are seeing increased activation demand after a handset launch,2026-05-17T19:18:49Z,5959,904,553,24137,-0.256,,,rising,,2026-05-27T11:26:10Z
46436,4811,twitter,ext_twitter_00001896,Families keep asking where to find 5G Unlimited Mobile Plan. SignalBridge Mobile is showing up in every upgrade thread,2026-05-21T01:15:59Z,147,52,44,10692,0.343,,,normal,,2026-05-27T11:26:10Z
46437,4641,instagram,ext_instagram_00001897,Connected life teams need better outreach after recent storm-related service events,2026-05-01T01:24:00Z,242,82,1,11908,-0.138,,,normal,,2026-05-27T11:26:10Z
46438,4821,twitter,ext_twitter_00001898,Billing and usage signals are surfacing new need for Student Mobile Plan from WellNest Family Plans,2026-05-27T05:48:33Z,595,64,36,9444,0.86,,,normal,,2026-05-27T11:26:10Z
46439,4961,twitter,ext_twitter_00001899,Roaming bill questions are creating new handoffs to billing and retention teams,2026-05-22T07:12:06Z,33,83,25,7928,0.182,,,normal,,2026-05-27T11:26:10Z
46440,4957,youtube,ext_youtube_00001900,Day 30 with the 5G Mobile Hotspot Kit workflow and the field team says MetroSupply Devices reduced manual follow-up,2026-04-28T05:55:21Z,186,30,22,10521,0.636,,,normal,,2026-05-27T11:26:10Z
46441,4754,youtube,ext_youtube_00001901,Outage follow-up is the top request in our subscriber forum this week,2026-05-13T07:49:09Z,777,23,44,11967,-0.135,,,normal,,2026-05-27T11:26:10Z
46442,4590,threads,ext_threads_00001902,Small businesses need earlier visibility into field technician appointment availability,2026-05-23T21:55:05Z,9440,1452,108,184219,0.622,,,rising,,2026-05-27T11:26:10Z
46443,4985,tiktok,ext_tiktok_00001903,Morning capacity review featuring 5G Business Consultation. PulsePoint 5G needs pre-positioned technician capacity,2026-05-05T06:32:14Z,236,98,29,10437,0.504,,,normal,,2026-05-27T11:26:10Z
46444,4603,twitter,ext_twitter_00001904,Added Fraud Resolution Case to the high-priority service assurance path. Thank you ClearMind Customer Care for closing the gap,2026-05-19T19:23:28Z,27,84,14,13438,0.802,,,normal,,2026-05-27T11:26:10Z
46445,4772,tiktok,ext_tiktok_00001905,Subscribers are asking about Gigabit Fiber Install through FiberPath Broadband; upgrade and activation demand is rising,2026-05-11T12:38:27Z,6717,1424,373,173795,0.613,,,rising,,2026-05-27T11:26:10Z
46446,4750,threads,ext_threads_00001906,Families keep asking for better Wi-Fi performance before evening streaming starts,2026-05-25T20:59:37Z,539,35,17,18696,0.716,,,normal,,2026-05-27T11:26:10Z
46447,4605,threads,ext_threads_00001907,Connected life teams need better outreach after recent storm-related service events,2026-05-27T09:36:49Z,19253,5357,6045,718977,0.713,,,viral,,2026-05-27T11:26:10Z
46448,5013,threads,ext_threads_00001908,Subscriber experience note - OrbitMotion IoT Fleet Telematics SIM Pack is the service everyone is trying to schedule right now,2026-05-06T05:15:26Z,20449,8079,3623,888491,0.876,,,viral,,2026-05-27T11:26:10Z
46449,4615,threads,ext_threads_00001909,Outage follow-up: demand for Roaming Cost Coaching is up and RoamFlow Mobility needs more field slots,2026-05-10T13:03:37Z,714,92,27,12758,0.824,,,normal,,2026-05-27T11:26:10Z
46450,4554,youtube,ext_youtube_00001910,Subscribers are asking for clearer instructions after fiber installation and faster follow-up windows,2026-05-23T12:52:49Z,661,74,19,8110,0.026,,,normal,,2026-05-27T11:26:10Z
46451,4996,twitter,ext_twitter_00001911,Families keep asking where to find 5G Business Consultation. PulsePoint 5G is showing up in every upgrade thread,2026-05-17T06:28:24Z,420895,14549,6395,19292269,0.466,,,mega_viral,,2026-05-27T11:26:10Z
46452,4996,twitter,ext_twitter_00001912,NOC huddle: prioritize MetroSupply Devices Connected Device Monitoring Onboarding installs before the weekend streaming surge,2026-05-26T21:24:21Z,761,32,5,2575,0.221,,,normal,,2026-05-27T11:26:10Z
46453,4617,tiktok,ext_tiktok_00001913,Billing and usage signals are surfacing new need for SIM Replacement Starter Kit from MetroSupply Devices,2026-05-07T06:24:17Z,9963,1991,667,186085,0.876,,,rising,,2026-05-27T11:26:10Z
46454,4716,instagram,ext_instagram_00001914,"If your subscribers need Gigabit Fiber Install, check FiberPath Broadband availability early; appointment slots are moving fast",2026-05-13T15:56:24Z,18320,3712,7822,687184,0.736,,,viral,,2026-05-27T11:26:10Z
46455,4875,tiktok,ext_tiktok_00001915,Day 30 with the Fiber Appointment Scheduling workflow and the field team says RoamFlow Mobility reduced manual follow-up,2026-04-29T06:22:10Z,28744,11668,6035,407926,0.535,,,viral,,2026-05-27T11:26:10Z
46456,4892,youtube,ext_youtube_00001916,Families keep asking for better Wi-Fi performance before evening streaming starts,2026-05-07T19:57:18Z,186,59,3,6595,0.245,,,normal,,2026-05-27T11:26:10Z
46457,4682,tiktok,ext_tiktok_00001917,"Thought LTE Backup Gateway demand would level off, but HomeConnect Fixed Wireless is still seeing urgent requests",2026-05-24T13:11:37Z,704,47,40,9200,0.513,,,normal,,2026-05-27T11:26:10Z
46458,4961,twitter,ext_twitter_00001918,Morning capacity review featuring 5G Unlimited Mobile Plan. SignalBridge Mobile needs pre-positioned technician capacity,2026-05-25T11:08:10Z,350,26,42,14283,0.94,,,normal,,2026-05-27T11:26:10Z
46459,4809,instagram,ext_instagram_00001919,Added Home Wi-Fi Mesh Kit to the high-priority service assurance path. Thank you PulsePoint 5G for closing the gap,2026-05-26T08:14:07Z,701,26,21,9032,0.615,,,normal,,2026-05-27T11:26:10Z
46460,4860,tiktok,ext_tiktok_00001920,Subscribers are asking for clearer instructions after fiber installation and faster follow-up windows,2026-05-09T05:14:45Z,825,49,40,14557,-0.248,,,normal,,2026-05-27T11:26:10Z
46461,4680,threads,ext_threads_00001921,Network operations is flagging Smart Home Connectivity Assessment from HomeConnect Fixed Wireless as a capacity bottleneck this week,2026-05-27T09:55:00Z,718,70,1,678,0.892,,,normal,,2026-05-27T11:26:10Z
46462,4820,tiktok,ext_tiktok_00001922,Small businesses need earlier visibility into field technician appointment availability,2026-05-27T09:25:33Z,26079,8570,3737,215067,0.749,,,viral,,2026-05-27T11:26:10Z
46463,4586,instagram,ext_instagram_00001923,Network monitoring alerts are helping the team catch congestion before call volume spikes,2026-05-07T11:01:30Z,49031,11858,5566,994119,0.275,,,viral,,2026-05-27T11:26:10Z
46464,4731,instagram,ext_instagram_00001924,Outage follow-up: demand for Enterprise Account Navigation is up and EnterpriseEdge Services needs more field slots,2026-05-26T02:43:08Z,72,14,47,6364,0.387,,,normal,,2026-05-27T11:26:10Z
46465,4779,youtube,ext_youtube_00001925,Device-support channels are seeing increased activation demand after a handset launch,2026-05-26T19:54:44Z,142,64,11,10009,0.327,,,normal,,2026-05-27T11:26:10Z
46466,4690,threads,ext_threads_00001926,Families keep asking where to find Number Port-In Activation. SignalBridge Mobile is showing up in every upgrade thread,2026-05-15T07:04:02Z,723,2,25,7888,0.299,,,normal,,2026-05-27T11:26:10Z
46467,4935,tiktok,ext_tiktok_00001927,NOC huddle: prioritize WellNest Family Plans Student Mobile Plan installs before the weekend streaming surge,2026-05-02T12:44:16Z,851,40,2,19417,0.798,,,normal,,2026-05-27T11:26:10Z
46468,5045,twitter,ext_twitter_00001928,Enterprise care teams are coordinating SLA-impact cases across regional service teams today,2026-05-24T18:54:17Z,538,72,10,12486,-0.213,,,normal,,2026-05-27T11:26:10Z
46469,4630,threads,ext_threads_00001929,Roaming bill questions are creating new handoffs to billing and retention teams,2026-05-15T20:58:14Z,491,66,30,16722,0.319,,,normal,,2026-05-27T11:26:10Z
46470,4625,threads,ext_threads_00001930,Day 30 with the Premium International Roaming Pass workflow and the field team says SignalBridge Mobile reduced manual follow-up,2026-05-27T11:25:16Z,349,21,8,2965,0.551,,,normal,,2026-05-27T11:26:10Z
46471,4721,instagram,ext_instagram_00001931,Recommended WellNest Family Plans Student Mobile Plan to an account manager today because churn risk is the issue,2026-04-28T03:38:51Z,6818,1811,364,91486,0.226,,,rising,,2026-05-27T11:26:10Z
46472,4646,instagram,ext_instagram_00001932,Small businesses need earlier visibility into field technician appointment availability,2026-05-23T00:30:00Z,183,72,41,18515,-0.034,,,normal,,2026-05-27T11:26:10Z
46473,5029,instagram,ext_instagram_00001933,Morning capacity review featuring Enterprise Account Navigation. EnterpriseEdge Services needs pre-positioned technician capacity,2026-04-28T08:52:28Z,518,75,21,18963,0.638,,,normal,,2026-05-27T11:26:10Z
46474,4990,tiktok,ext_tiktok_00001934,Added 5G Mobile Hotspot Kit to the high-priority service assurance path. Thank you MetroSupply Devices for closing the gap,2026-05-11T10:44:04Z,714,47,7,9122,0.662,,,normal,,2026-05-27T11:26:10Z
46475,5046,youtube,ext_youtube_00001935,Subscribers are asking about Connected Device Monitoring Onboarding through MetroSupply Devices; upgrade and activation demand is rising,2026-05-27T11:13:28Z,507,17,48,16280,0.509,,,normal,,2026-05-27T11:26:10Z
46476,4726,instagram,ext_instagram_00001936,Network operations is flagging Family Connectivity Support Session from SilverLine Connected Life as a capacity bottleneck this week,2026-05-24T00:28:21Z,594,19,27,16531,0.735,,,normal,,2026-05-27T11:26:10Z
46477,4576,instagram,ext_instagram_00001937,Connected life teams need better outreach after recent storm-related service events,2026-05-27T11:12:30Z,755,71,27,979,0.757,,,normal,,2026-05-27T11:26:10Z
46478,4547,tiktok,ext_tiktok_00001938,Enterprise care teams are coordinating SLA-impact cases across regional service teams today,2026-05-20T02:44:50Z,7376,1063,950,66199,0.196,,,rising,,2026-05-27T11:26:10Z
46479,4651,instagram,ext_instagram_00001939,Outage follow-up: demand for Outage Follow-Up Call is up and ClearMind Customer Care needs more field slots,2026-05-07T08:19:26Z,4793,1600,980,175451,0.328,,,rising,,2026-05-27T11:26:10Z
46480,4904,instagram,ext_instagram_00001940,"Two-week review of MetroSupply Devices Connected Device Monitoring Onboarding: strong subscriber response, but capacity planning matters",2026-05-24T05:47:05Z,8022,719,513,112779,0.522,,,rising,,2026-05-27T11:26:10Z
46481,4947,youtube,ext_youtube_00001941,Families keep asking where to find Edge Compute Reservation. EnterpriseEdge Services is showing up in every upgrade thread,2026-05-10T06:59:36Z,270960,53192,36184,3135906,0.338,,,mega_viral,,2026-05-27T11:26:10Z
46482,4797,youtube,ext_youtube_00001942,Small businesses need earlier visibility into field technician appointment availability,2026-05-27T04:14:17Z,46,21,3,4136,0.266,,,normal,,2026-05-27T11:26:10Z
46483,4833,threads,ext_threads_00001943,Network monitoring alerts are helping the team catch congestion before call volume spikes,2026-05-21T03:25:22Z,8795,842,344,198092,-0.255,,,rising,,2026-05-27T11:26:10Z
46484,4600,threads,ext_threads_00001944,"If your subscribers need Senior Connected Life Plan, check SilverLine Connected Life availability early; appointment slots are moving fast",2026-05-26T15:22:30Z,909,19,28,6809,0.853,,,normal,,2026-05-27T11:26:10Z
46485,4581,instagram,ext_instagram_00001945,Day 30 with the Family Data Share Plan workflow and the field team says WellNest Family Plans reduced manual follow-up,2026-05-25T22:53:17Z,30817,12647,2203,730757,0.729,,,viral,,2026-05-27T11:26:10Z
46486,4832,youtube,ext_youtube_00001946,Recommended RoamFlow Mobility Roaming Cost Coaching to an account manager today because churn risk is the issue,2026-05-23T18:15:46Z,9077,1103,970,98648,0.355,,,rising,,2026-05-27T11:26:10Z
46487,4903,threads,ext_threads_00001947,"Thought Fiber Repair Appointment demand would level off, but FiberPath Broadband is still seeing urgent requests",2026-05-02T20:16:07Z,414,76,25,3024,0.225,,,normal,,2026-05-27T11:26:10Z
46488,4812,youtube,ext_youtube_00001948,Morning capacity review featuring New Line Activation. WaveFirst Mobile needs pre-positioned technician capacity,2026-05-27T11:10:23Z,283,27,41,17608,0.843,,,normal,,2026-05-27T11:26:10Z
46489,4608,twitter,ext_twitter_00001949,Roaming bill questions are creating new handoffs to billing and retention teams,2026-05-27T01:01:10Z,788,71,9,15766,-0.01,,,normal,,2026-05-27T11:26:10Z
46490,4683,twitter,ext_twitter_00001950,Subscribers are asking about SIM Replacement Starter Kit through MetroSupply Devices; upgrade and activation demand is rising,2026-05-16T12:21:12Z,455,74,2,12361,0.801,,,normal,,2026-05-27T11:26:10Z
46491,4592,tiktok,ext_tiktok_00001951,Network operations is flagging Fiber Appointment Scheduling from RoamFlow Mobility as a capacity bottleneck this week,2026-04-30T18:56:41Z,719,89,28,18168,0.68,,,normal,,2026-05-27T11:26:10Z
46492,4583,twitter,ext_twitter_00001952,Coverage update: Edge Compute Reservation capacity at EnterpriseEdge Services is getting tight after a spike in service orders,2026-05-01T14:04:08Z,6307,728,196,100462,0.493,,,rising,,2026-05-27T11:26:10Z
46493,4730,threads,ext_threads_00001953,Network monitoring alerts are helping the team catch congestion before call volume spikes,2026-05-17T08:16:39Z,540,60,45,19326,-0.235,,,normal,,2026-05-27T11:26:10Z
46494,4986,twitter,ext_twitter_00001954,Outage follow-up: demand for 5G Business Consultation is up and PulsePoint 5G needs more field slots,2026-04-29T17:59:48Z,310,75,18,12073,0.657,,,normal,,2026-05-27T11:26:10Z
46495,4800,tiktok,ext_tiktok_00001955,"Two-week review of SilverLine Connected Life Senior Connected Life Plan: strong subscriber response, but capacity planning matters",2026-05-26T20:21:38Z,826,27,18,5311,0.255,,,normal,,2026-05-27T11:26:10Z
46496,4585,threads,ext_threads_00001956,Families keep asking for better Wi-Fi performance before evening streaming starts,2026-05-17T21:48:08Z,259,76,26,13573,0.671,,,normal,,2026-05-27T11:26:10Z
46497,4763,twitter,ext_twitter_00001957,NOC huddle: prioritize EnterpriseEdge Services Edge Compute Reservation installs before the weekend streaming surge,2026-05-18T11:52:15Z,260,66,1,6426,0.611,,,normal,,2026-05-27T11:26:10Z
46498,4848,threads,ext_threads_00001958,Billing and usage signals are surfacing new need for Smart Home Connectivity Assessment from HomeConnect Fixed Wireless,2026-05-16T20:19:10Z,10866,5044,1816,637475,0.74,,,viral,,2026-05-27T11:26:10Z
46499,4832,youtube,ext_youtube_00001959,Roaming bill questions are creating new handoffs to billing and retention teams,2026-05-27T11:26:09Z,96,96,28,15976,0.207,,,normal,,2026-05-27T11:26:10Z
46500,4687,tiktok,ext_tiktok_00001960,Day 30 with the Family Data Share Plan workflow and the field team says WellNest Family Plans reduced manual follow-up,2026-05-25T03:20:36Z,436,22,2,13059,0.681,,,normal,,2026-05-27T11:26:10Z
46501,4819,instagram,ext_instagram_00001961,Outage follow-up is the top request in our subscriber forum this week,2026-05-25T20:51:34Z,33593,11041,5983,350676,0.809,,,viral,,2026-05-27T11:26:10Z
46502,5030,tiktok,ext_tiktok_00001962,"Thought Edge Compute Reservation demand would level off, but EnterpriseEdge Services is still seeing urgent requests",2026-05-19T12:56:48Z,9341,1196,942,40357,0.834,,,rising,,2026-05-27T11:26:10Z
46503,4797,youtube,ext_youtube_00001963,Network monitoring alerts are helping the team catch congestion before call volume spikes,2026-05-07T03:58:08Z,32,52,30,8600,0.571,,,normal,,2026-05-27T11:26:10Z
46504,4761,instagram,ext_instagram_00001964,Added Fraud Resolution Case to the high-priority service assurance path. Thank you ClearMind Customer Care for closing the gap,2026-05-12T07:25:56Z,532,43,9,4606,0.841,,,normal,,2026-05-27T11:26:10Z
46505,4959,instagram,ext_instagram_00001965,Subscribers are asking about Field Technician Evaluation through OrbitMotion IoT; upgrade and activation demand is rising,2026-04-29T00:36:45Z,27518,8501,4812,222158,0.39,,,viral,,2026-05-27T11:26:10Z
46506,4550,threads,ext_threads_00001966,Families keep asking for better Wi-Fi performance before evening streaming starts,2026-05-04T18:13:23Z,3286,1587,846,116232,0.262,,,rising,,2026-05-27T11:26:10Z
46507,4901,twitter,ext_twitter_00001967,Coverage update: 5G Unlimited Mobile Plan capacity at SignalBridge Mobile is getting tight after a spike in service orders,2026-05-26T10:19:24Z,210951,94419,15259,7492577,0.24,,,mega_viral,,2026-05-27T11:26:10Z
46508,5047,threads,ext_threads_00001968,Enterprise care teams are coordinating SLA-impact cases across regional service teams today,2026-05-26T00:17:04Z,83,11,48,13522,0.594,,,normal,,2026-05-27T11:26:10Z
46509,5001,twitter,ext_twitter_00001969,Outage follow-up: demand for Fleet Telematics SIM Pack is up and OrbitMotion IoT needs more field slots,2026-05-23T06:10:32Z,990,52,8,5208,0.501,,,normal,,2026-05-27T11:26:10Z
46510,5011,twitter,ext_twitter_00001970,"Two-week review of MetroSupply Devices 5G Mobile Hotspot Kit: strong subscriber response, but capacity planning matters",2026-05-17T02:07:49Z,796,80,4,18113,0.331,,,normal,,2026-05-27T11:26:10Z
46511,4657,tiktok,ext_tiktok_00001971,Families keep asking where to find Family Data Share Plan. WellNest Family Plans is showing up in every upgrade thread,2026-05-17T12:53:27Z,434,73,35,9646,0.354,,,normal,,2026-05-27T11:26:10Z
46512,4622,tiktok,ext_tiktok_00001972,NOC huddle: prioritize OrbitMotion IoT IoT Sensor Gateway Kit installs before the weekend streaming surge,2026-05-19T07:36:24Z,277,89,44,8351,0.24,,,normal,,2026-05-27T11:26:10Z
46513,4809,instagram,ext_instagram_00001973,Billing and usage signals are surfacing new need for IoT Sensor Gateway Kit from OrbitMotion IoT,2026-04-30T18:43:50Z,894,83,46,16536,0.7,,,normal,,2026-05-27T11:26:10Z
46514,4915,tiktok,ext_tiktok_00001974,"If your subscribers need 5G Business Consultation, check PulsePoint 5G availability early; appointment slots are moving fast",2026-05-27T11:15:47Z,844,54,7,6231,0.544,,,normal,,2026-05-27T11:26:10Z
46515,5016,twitter,ext_twitter_00001975,Device-support channels are seeing increased activation demand after a handset launch,2026-05-06T16:05:31Z,341,77,15,14791,0.348,,,normal,,2026-05-27T11:26:10Z
46516,4955,tiktok,ext_tiktok_00001976,Recommended MetroSupply Devices 5G Mobile Hotspot Kit to an account manager today because churn risk is the issue,2026-05-16T20:48:19Z,17206,10784,2836,849330,0.514,,,viral,,2026-05-27T11:26:10Z
46517,4715,threads,ext_threads_00001977,Connected life teams need better outreach after recent storm-related service events,2026-04-30T20:26:29Z,97,30,34,14870,-0.024,,,normal,,2026-05-27T11:26:10Z
46518,4666,instagram,ext_instagram_00001978,Morning capacity review featuring Edge Compute Reservation. EnterpriseEdge Services needs pre-positioned technician capacity,2026-05-21T07:07:14Z,2195,348,310,173264,0.537,,,rising,,2026-05-27T11:26:10Z
46519,5018,threads,ext_threads_00001979,Roaming bill questions are creating new handoffs to billing and retention teams,2026-05-10T00:34:01Z,251,14,25,7021,0.021,,,normal,,2026-05-27T11:26:10Z
46520,4602,tiktok,ext_tiktok_00001980,Subscribers are asking about Premium International Roaming Pass through SignalBridge Mobile; upgrade and activation demand is rising,2026-05-17T21:58:49Z,165,42,42,3735,0.627,,,normal,,2026-05-27T11:26:10Z
46521,4948,threads,ext_threads_00001981,Outage follow-up is the top request in our subscriber forum this week,2026-05-12T07:45:12Z,643,42,40,8199,0.438,,,normal,,2026-05-27T11:26:10Z
46522,4806,twitter,ext_twitter_00001982,Coverage update: New Line Activation capacity at WaveFirst Mobile is getting tight after a spike in service orders,2026-05-23T01:08:55Z,37165,8694,1127,792745,0.707,,,viral,,2026-05-27T11:26:10Z
46523,4943,threads,ext_threads_00001983,Subscriber experience note - SignalBridge Mobile 5G Unlimited Mobile Plan is the service everyone is trying to schedule right now,2026-05-13T16:53:26Z,201,13,24,19473,0.22,,,normal,,2026-05-27T11:26:10Z
46524,4772,tiktok,ext_tiktok_00001984,Outage follow-up: demand for Enterprise Account Navigation is up and EnterpriseEdge Services needs more field slots,2026-05-10T13:22:22Z,788,8,31,2903,0.452,,,normal,,2026-05-27T11:26:10Z
46525,4859,instagram,ext_instagram_00001985,"Two-week review of HomeConnect Fixed Wireless Fixed Wireless Home Internet: strong subscriber response, but capacity planning matters",2026-05-24T00:42:29Z,750,29,2,6520,0.394,,,normal,,2026-05-27T11:26:10Z
46526,5045,twitter,ext_twitter_00001986,Families keep asking where to find IoT Sensor Gateway Kit. OrbitMotion IoT is showing up in every upgrade thread,2026-05-27T08:02:42Z,504,53,49,5458,0.761,,,normal,,2026-05-27T11:26:10Z
46527,4998,threads,ext_threads_00001987,NOC huddle: prioritize ClearMind Customer Care Fraud Resolution Case installs before the weekend streaming surge,2026-05-14T21:41:31Z,914,50,27,767,0.463,,,normal,,2026-05-27T11:26:10Z
46528,4631,instagram,ext_instagram_00001988,Billing and usage signals are surfacing new need for Connected Device Monitoring Onboarding from MetroSupply Devices,2026-05-27T08:11:19Z,573,30,46,7007,0.617,,,normal,,2026-05-27T11:26:10Z
46529,4767,tiktok,ext_tiktok_00001989,"If your subscribers need Small Business Fiber SLA, check FiberPath Broadband availability early; appointment slots are moving fast",2026-05-01T04:26:38Z,4828,1714,791,192511,0.342,,,rising,,2026-05-27T11:26:10Z
46530,4991,twitter,ext_twitter_00001990,Day 30 with the 5G Mobile Hotspot Kit workflow and the field team says MetroSupply Devices reduced manual follow-up,2026-05-12T16:49:17Z,534,78,15,6098,0.631,,,normal,,2026-05-27T11:26:10Z
46531,5059,tiktok,ext_tiktok_00001991,Recommended PulsePoint 5G 5G Business Consultation to an account manager today because churn risk is the issue,2026-05-10T18:03:59Z,705,39,37,17255,0.66,,,normal,,2026-05-27T11:26:10Z
46532,4905,tiktok,ext_tiktok_00001992,"Thought LTE Backup Gateway demand would level off, but HomeConnect Fixed Wireless is still seeing urgent requests",2026-05-09T21:25:13Z,28,33,35,10787,0.612,,,normal,,2026-05-27T11:26:10Z
46533,4576,instagram,ext_instagram_00001993,Morning capacity review featuring Home Wi-Fi Mesh Kit. PulsePoint 5G needs pre-positioned technician capacity,2026-05-11T20:17:48Z,510,84,4,11586,0.671,,,normal,,2026-05-27T11:26:10Z
46534,4619,youtube,ext_youtube_00001994,Added Fleet Telematics SIM Pack to the high-priority service assurance path. Thank you OrbitMotion IoT for closing the gap,2026-05-23T12:41:38Z,331803,78864,43108,4198698,0.234,,,mega_viral,,2026-05-27T11:26:10Z
46535,4855,tiktok,ext_tiktok_00001995,Device-support channels are seeing increased activation demand after a handset launch,2026-05-21T06:16:07Z,92,53,34,16140,0.154,,,normal,,2026-05-27T11:26:10Z
46536,4848,threads,ext_threads_00001996,Families keep asking for better Wi-Fi performance before evening streaming starts,2026-05-27T06:25:23Z,684,73,34,3750,0.856,,,normal,,2026-05-27T11:26:10Z
46537,4979,instagram,ext_instagram_00001997,Connected life teams need better outreach after recent storm-related service events,2026-05-24T14:11:48Z,964,37,47,2252,0.537,,,normal,,2026-05-27T11:26:10Z
46538,4621,instagram,ext_instagram_00001998,Subscriber experience note - EnterpriseEdge Services Enterprise Account Navigation is the service everyone is trying to schedule right now,2026-05-14T13:34:44Z,1704,1836,692,171058,0.886,,,rising,,2026-05-27T11:26:10Z
46539,4883,threads,ext_threads_00001999,Outage follow-up: demand for Fraud Resolution Case is up and ClearMind Customer Care needs more field slots,2026-05-26T02:56:23Z,388,9,7,15356,0.655,,,normal,,2026-05-27T11:26:10Z
46540,4817,youtube,ext_youtube_00002000,"Two-week review of FiberPath Broadband Small Business Fiber SLA: strong subscriber response, but capacity planning matters",2026-05-02T07:17:28Z,592,48,10,17018,0.58,,,normal,,2026-05-27T11:26:10Z
46541,4569,youtube,ext_youtube_00002001,Families keep asking where to find SIM Replacement Starter Kit. MetroSupply Devices is showing up in every upgrade thread,2026-05-26T10:04:41Z,376,27,36,2015,0.854,,,normal,,2026-05-27T11:26:10Z
46542,4780,threads,ext_threads_00002002,NOC huddle: prioritize RoamFlow Mobility Fiber Appointment Scheduling installs before the weekend streaming surge,2026-05-04T11:02:53Z,162,27,22,15563,0.943,,,normal,,2026-05-27T11:26:10Z
46543,4665,threads,ext_threads_00002003,Billing and usage signals are surfacing new need for Outage Follow-Up Call from ClearMind Customer Care,2026-05-21T04:20:54Z,842,77,37,6444,0.817,,,normal,,2026-05-27T11:26:10Z
46544,4910,tiktok,ext_tiktok_00002004,Coverage gaps are delaying service assurance for several subscriber groups,2026-05-26T16:02:34Z,718,85,25,10575,0.432,,,normal,,2026-05-27T11:26:10Z
46545,4711,instagram,ext_instagram_00002005,Day 30 with the Fiber Repair Appointment workflow and the field team says FiberPath Broadband reduced manual follow-up,2026-05-15T18:53:47Z,967,43,43,13752,0.78,,,normal,,2026-05-27T11:26:10Z
46546,4735,threads,ext_threads_00002006,Recommended OrbitMotion IoT IoT Sensor Gateway Kit to an account manager today because churn risk is the issue,2026-05-02T01:24:18Z,60,64,38,7149,0.484,,,normal,,2026-05-27T11:26:10Z
46547,4796,twitter,ext_twitter_00002007,"Thought Edge Compute Reservation demand would level off, but EnterpriseEdge Services is still seeing urgent requests",2026-05-03T16:58:19Z,155866,27205,5412,6361142,0.544,,,mega_viral,,2026-05-27T11:26:10Z
46548,4555,threads,ext_threads_00002008,Morning capacity review featuring 5G Business Consultation. PulsePoint 5G needs pre-positioned technician capacity,2026-05-23T09:04:42Z,762,40,32,3583,0.309,,,normal,,2026-05-27T11:26:10Z
46549,4742,tiktok,ext_tiktok_00002009,Added Family Connectivity Support Session to the high-priority service assurance path. Thank you SilverLine Connected Life for closing the gap,2026-05-05T09:10:29Z,2014,1764,706,191522,0.393,,,rising,,2026-05-27T11:26:10Z
46550,4830,tiktok,ext_tiktok_00002010,Subscribers are asking about Fiber Repair Appointment through FiberPath Broadband; upgrade and activation demand is rising,2026-05-24T09:46:00Z,28,64,22,3166,0.277,,,normal,,2026-05-27T11:26:10Z
46551,4959,instagram,ext_instagram_00002011,Network operations is flagging Smart Home Connectivity Assessment from HomeConnect Fixed Wireless as a capacity bottleneck this week,2026-05-21T00:15:37Z,736,20,43,3473,0.882,,,normal,,2026-05-27T11:26:10Z
46552,4871,twitter,ext_twitter_00002012,Coverage update: Student Mobile Plan capacity at WellNest Family Plans is getting tight after a spike in service orders,2026-05-19T04:51:23Z,5950,1616,155,91109,0.643,,,rising,,2026-05-27T11:26:10Z
46553,4632,tiktok,ext_tiktok_00002013,Subscriber experience note - PulsePoint 5G 5G Business Consultation is the service everyone is trying to schedule right now,2026-05-13T17:35:44Z,165,83,4,3799,0.693,,,normal,,2026-05-27T11:26:10Z
46554,4732,tiktok,ext_tiktok_00002014,Outage follow-up: demand for Gigabit Fiber Install is up and FiberPath Broadband needs more field slots,2026-05-07T18:47:31Z,201,48,21,10945,0.907,,,normal,,2026-05-27T11:26:10Z
46555,4644,youtube,ext_youtube_00002015,"Two-week review of MetroSupply Devices 5G Mobile Hotspot Kit: strong subscriber response, but capacity planning matters",2026-04-30T12:07:30Z,992,67,41,12535,0.342,,,normal,,2026-05-27T11:26:10Z
46556,4581,instagram,ext_instagram_00002016,Families keep asking where to find 5G Business Consultation. PulsePoint 5G is showing up in every upgrade thread,2026-05-26T12:40:21Z,3735,1604,577,172632,0.369,,,rising,,2026-05-27T11:26:10Z
46557,4582,tiktok,ext_tiktok_00002017,NOC huddle: prioritize SilverLine Connected Life Senior Connected Life Plan installs before the weekend streaming surge,2026-05-23T10:35:18Z,560,96,33,672,0.252,,,normal,,2026-05-27T11:26:10Z
46558,4884,instagram,ext_instagram_00002018,Enterprise care teams are coordinating SLA-impact cases across regional service teams today,2026-05-22T05:41:54Z,554,60,49,6218,-0.093,,,normal,,2026-05-27T11:26:10Z
46559,4760,threads,ext_threads_00002019,Roaming bill questions are creating new handoffs to billing and retention teams,2026-05-06T15:44:01Z,945,49,35,17737,0.062,,,normal,,2026-05-27T11:26:10Z
46560,4921,twitter,ext_twitter_00002020,Day 30 with the Enterprise Account Navigation workflow and the field team says EnterpriseEdge Services reduced manual follow-up,2026-05-07T07:08:17Z,583,46,8,18552,0.441,,,normal,,2026-05-27T11:26:10Z
46561,5043,instagram,ext_instagram_00002021,Outage follow-up is the top request in our subscriber forum this week,2026-05-19T03:21:11Z,276,64,21,5971,0.763,,,normal,,2026-05-27T11:26:10Z
46562,4732,tiktok,ext_tiktok_00002022,"Thought Enterprise Account Navigation demand would level off, but EnterpriseEdge Services is still seeing urgent requests",2026-04-30T03:36:24Z,497,32,39,11666,0.897,,,normal,,2026-05-27T11:26:10Z
46563,4771,instagram,ext_instagram_00002023,Network monitoring alerts are helping the team catch congestion before call volume spikes,2026-05-21T01:09:21Z,824,10,14,9959,-0.003,,,normal,,2026-05-27T11:26:10Z
46564,4763,twitter,ext_twitter_00002024,Added 5G Unlimited Mobile Plan to the high-priority service assurance path. Thank you SignalBridge Mobile for closing the gap,2026-05-06T07:36:14Z,265,71,10,5023,0.853,,,normal,,2026-05-27T11:26:10Z
46565,4706,instagram,ext_instagram_00002025,Subscribers are asking about Field Technician Evaluation through OrbitMotion IoT; upgrade and activation demand is rising,2026-05-20T08:57:09Z,593,21,23,5502,0.354,,,normal,,2026-05-27T11:26:10Z
46566,4909,instagram,ext_instagram_00002026,Network operations is flagging IoT Sensor Gateway Kit from OrbitMotion IoT as a capacity bottleneck this week,2026-05-17T05:48:14Z,924,8,32,11359,0.576,,,normal,,2026-05-27T11:26:10Z
46567,4774,youtube,ext_youtube_00002027,Connected life teams need better outreach after recent storm-related service events,2026-05-17T02:12:06Z,65,38,16,11734,0.632,,,normal,,2026-05-27T11:26:10Z
46568,4725,threads,ext_threads_00002028,Subscriber experience note - PulsePoint 5G Device Upgrade Enrollment is the service everyone is trying to schedule right now,2026-05-23T11:51:20Z,913,65,13,4490,0.5,,,normal,,2026-05-27T11:26:10Z
46569,4831,twitter,ext_twitter_00002029,Outage follow-up: demand for Fleet Telematics SIM Pack is up and OrbitMotion IoT needs more field slots,2026-04-30T00:58:41Z,935,44,9,17904,0.814,,,normal,,2026-05-27T11:26:10Z
46570,4891,twitter,ext_twitter_00002030,"Two-week review of SilverLine Connected Life Family Connectivity Support Session: strong subscriber response, but capacity planning matters",2026-05-22T19:39:17Z,3547,1351,777,132292,0.91,,,rising,,2026-05-27T11:26:10Z
46571,4846,twitter,ext_twitter_00002031,Families keep asking where to find 5G Mobile Hotspot Kit. MetroSupply Devices is showing up in every upgrade thread,2026-05-11T18:09:04Z,3107,923,667,30136,0.367,,,rising,,2026-05-27T11:26:10Z
46572,4854,instagram,ext_instagram_00002032,Small businesses need earlier visibility into field technician appointment availability,2026-05-05T10:50:07Z,9717,1183,667,159120,0.393,,,rising,,2026-05-27T11:26:10Z
46573,4564,youtube,ext_youtube_00002033,Network monitoring alerts are helping the team catch congestion before call volume spikes,2026-05-12T05:43:05Z,684,20,26,5739,0.048,,,normal,,2026-05-27T11:26:10Z
46574,5001,twitter,ext_twitter_00002034,Coverage gaps are delaying service assurance for several subscriber groups,2026-05-26T13:28:22Z,356,40,16,10408,0.539,,,normal,,2026-05-27T11:26:10Z
46575,4762,tiktok,ext_tiktok_00002035,Device-support channels are seeing increased activation demand after a handset launch,2026-05-22T18:07:41Z,68,5,17,17555,0.428,,,normal,,2026-05-27T11:26:10Z
46576,4603,twitter,ext_twitter_00002036,Recommended FiberPath Broadband Gigabit Fiber Install to an account manager today because churn risk is the issue,2026-05-02T16:05:03Z,505,98,1,19510,0.833,,,normal,,2026-05-27T11:26:10Z
46577,4565,threads,ext_threads_00002037,Connected life teams need better outreach after recent storm-related service events,2026-05-07T07:38:25Z,1900,422,145,140481,0.159,,,rising,,2026-05-27T11:26:10Z
46578,4883,threads,ext_threads_00002038,Morning capacity review featuring Student Mobile Plan. WellNest Family Plans needs pre-positioned technician capacity,2026-05-25T03:59:13Z,28,82,4,7754,0.593,,,normal,,2026-05-27T11:26:10Z
46579,4872,youtube,ext_youtube_00002039,Roaming bill questions are creating new handoffs to billing and retention teams,2026-05-25T09:18:23Z,5707,1950,262,175516,0.441,,,rising,,2026-05-27T11:26:10Z
46580,5008,threads,ext_threads_00002040,Subscribers are asking for clearer instructions after fiber installation and faster follow-up windows,2026-05-20T06:45:22Z,267,86,25,19058,-0.128,,,normal,,2026-05-27T11:26:10Z
46581,5002,youtube,ext_youtube_00002041,Network operations is flagging Churn Risk Save Offer from WaveFirst Mobile as a capacity bottleneck this week,2026-05-18T10:51:47Z,347,66,35,16853,0.942,,,normal,,2026-05-27T11:26:10Z
46582,4762,tiktok,ext_tiktok_00002042,Coverage update: Fiber Appointment Scheduling capacity at RoamFlow Mobility is getting tight after a spike in service orders,2026-05-08T21:20:44Z,971,56,1,4414,0.914,,,normal,,2026-05-27T11:26:10Z
46583,4733,twitter,ext_twitter_00002043,Subscriber experience note - HomeConnect Fixed Wireless Fixed Wireless Home Internet is the service everyone is trying to schedule right now,2026-05-26T20:03:30Z,36462,12923,2254,719743,0.344,,,viral,,2026-05-27T11:26:10Z
46584,4834,instagram,ext_instagram_00002044,Coverage gaps are delaying service assurance for several subscriber groups,2026-05-18T19:27:32Z,92,46,41,11509,0.22,,,normal,,2026-05-27T11:26:10Z
46585,4596,instagram,ext_instagram_00002045,"Two-week review of FiberPath Broadband Fiber Repair Appointment: strong subscriber response, but capacity planning matters",2026-05-27T07:18:54Z,890,23,12,8262,0.947,,,normal,,2026-05-27T11:26:10Z
46586,4967,youtube,ext_youtube_00002046,Families keep asking for better Wi-Fi performance before evening streaming starts,2026-05-25T07:13:35Z,555,62,34,19565,0.888,,,normal,,2026-05-27T11:26:10Z
46587,4850,tiktok,ext_tiktok_00002047,NOC huddle: prioritize ClearMind Customer Care Customer Retention Intake installs before the weekend streaming surge,2026-05-08T04:43:24Z,403,26,33,5353,0.418,,,normal,,2026-05-27T11:26:10Z
46588,5015,tiktok,ext_tiktok_00002048,Enterprise care teams are coordinating SLA-impact cases across regional service teams today,2026-05-27T09:33:09Z,10074,5534,7366,225938,0.674,,,viral,,2026-05-27T11:26:10Z
46589,4942,youtube,ext_youtube_00002049,"If your subscribers need SIM Replacement Starter Kit, check MetroSupply Devices availability early; appointment slots are moving fast",2026-05-27T08:45:28Z,404,6,12,16779,0.347,,,normal,,2026-05-27T11:26:10Z
46590,4704,youtube,ext_youtube_00002050,Day 30 with the Device Upgrade Enrollment workflow and the field team says PulsePoint 5G reduced manual follow-up,2026-05-10T23:28:47Z,4431,365,996,138981,0.499,,,rising,,2026-05-27T11:26:10Z
46591,4895,tiktok,ext_tiktok_00002051,Recommended SignalBridge Mobile 5G Unlimited Mobile Plan to an account manager today because churn risk is the issue,2026-05-27T02:51:25Z,5832,915,519,40624,0.855,,,rising,,2026-05-27T11:26:10Z
46592,4887,youtube,ext_youtube_00002052,Small businesses need earlier visibility into field technician appointment availability,2026-05-27T02:23:40Z,9475,1990,702,43272,0.768,,,rising,,2026-05-27T11:26:10Z
46593,4609,youtube,ext_youtube_00002053,Network monitoring alerts are helping the team catch congestion before call volume spikes,2026-05-11T23:30:36Z,60,86,6,6454,0.655,,,normal,,2026-05-27T11:26:10Z
46594,4701,instagram,ext_instagram_00002054,Coverage gaps are delaying service assurance for several subscriber groups,2026-05-03T03:16:54Z,103,3,16,11278,-0.079,,,normal,,2026-05-27T11:26:10Z
46595,4969,instagram,ext_instagram_00002055,Subscribers are asking about Connected Device Monitoring Onboarding through MetroSupply Devices; upgrade and activation demand is rising,2026-05-25T18:34:46Z,164,97,14,741,0.637,,,normal,,2026-05-27T11:26:10Z
46596,4822,youtube,ext_youtube_00002056,Families keep asking for better Wi-Fi performance before evening streaming starts,2026-05-17T04:53:08Z,348,64,49,17671,0.146,,,normal,,2026-05-27T11:26:10Z
46597,4548,twitter,ext_twitter_00002057,Coverage update: Premium International Roaming Pass capacity at SignalBridge Mobile is getting tight after a spike in service orders,2026-05-26T05:12:02Z,349,6,47,15413,0.488,,,normal,,2026-05-27T11:26:10Z
46598,4567,tiktok,ext_tiktok_00002058,Enterprise care teams are coordinating SLA-impact cases across regional service teams today,2026-05-25T17:13:28Z,8233,651,870,123767,0.495,,,rising,,2026-05-27T11:26:10Z
46599,4660,threads,ext_threads_00002059,Roaming bill questions are creating new handoffs to billing and retention teams,2026-05-27T05:11:55Z,815,63,15,6011,0.726,,,normal,,2026-05-27T11:26:10Z
46600,4752,tiktok,ext_tiktok_00002060,"Two-week review of ClearMind Customer Care Customer Retention Intake: strong subscriber response, but capacity planning matters",2026-05-26T19:51:44Z,46934,14332,1068,850146,0.347,,,viral,,2026-05-27T11:26:10Z
46601,4829,instagram,ext_instagram_00002061,Families keep asking where to find Edge Compute Reservation. EnterpriseEdge Services is showing up in every upgrade thread,2026-05-26T15:10:37Z,6976,782,983,185292,0.892,,,rising,,2026-05-27T11:26:10Z
46602,4718,twitter,ext_twitter_00002062,NOC huddle: prioritize EnterpriseEdge Services Edge Compute Reservation installs before the weekend streaming surge,2026-05-27T08:04:36Z,742,51,42,5023,0.91,,,normal,,2026-05-27T11:26:10Z
46603,5055,twitter,ext_twitter_00002063,Billing and usage signals are surfacing new need for Churn Risk Save Offer from WaveFirst Mobile,2026-05-13T23:08:52Z,374,69,30,18692,0.536,,,normal,,2026-05-27T11:26:10Z
46604,5051,youtube,ext_youtube_00002064,Coverage gaps are delaying service assurance for several subscriber groups,2026-05-17T03:53:40Z,901,40,37,987,0.019,,,normal,,2026-05-27T11:26:10Z
46605,4958,threads,ext_threads_00002065,Day 30 with the Field Technician Evaluation workflow and the field team says OrbitMotion IoT reduced manual follow-up,2026-05-14T11:29:56Z,19,55,17,13006,0.367,,,normal,,2026-05-27T11:26:10Z
46606,4905,tiktok,ext_tiktok_00002066,Recommended HomeConnect Fixed Wireless Smart Home Connectivity Assessment to an account manager today because churn risk is the issue,2026-05-08T07:14:14Z,8030,646,960,70167,0.682,,,rising,,2026-05-27T11:26:10Z
46607,5015,tiktok,ext_tiktok_00002067,"Thought 5G Business Consultation demand would level off, but PulsePoint 5G is still seeing urgent requests",2026-05-14T06:37:43Z,549,5,49,19289,0.93,,,normal,,2026-05-27T11:26:10Z
46608,5049,tiktok,ext_tiktok_00002068,Morning capacity review featuring Family Data Share Plan. WellNest Family Plans needs pre-positioned technician capacity,2026-04-27T15:49:13Z,470,43,1,16261,0.28,,,normal,,2026-05-27T11:26:10Z
46609,4760,threads,ext_threads_00002069,Added SIM Replacement Starter Kit to the high-priority service assurance path. Thank you MetroSupply Devices for closing the gap,2026-05-27T10:59:41Z,117995,71563,23405,19770796,0.574,,,mega_viral,,2026-05-27T11:26:10Z
46610,4892,youtube,ext_youtube_00002070,Subscribers are asking about Fixed Wireless Home Internet through HomeConnect Fixed Wireless; upgrade and activation demand is rising,2026-05-21T20:30:10Z,74818,67622,35591,5022074,0.729,,,mega_viral,,2026-05-27T11:26:10Z
46611,4981,twitter,ext_twitter_00002071,Network operations is flagging Edge Compute Reservation from EnterpriseEdge Services as a capacity bottleneck this week,2026-05-25T07:45:46Z,84,80,22,15199,0.26,,,normal,,2026-05-27T11:26:10Z
46612,4804,instagram,ext_instagram_00002072,Coverage update: Premium International Roaming Pass capacity at SignalBridge Mobile is getting tight after a spike in service orders,2026-05-26T15:12:38Z,22084,5393,1779,560265,0.203,,,viral,,2026-05-27T11:26:10Z
46613,4914,instagram,ext_instagram_00002073,Subscriber experience note - PulsePoint 5G 5G Business Consultation is the service everyone is trying to schedule right now,2026-05-02T15:14:18Z,6803,1836,529,135329,0.62,,,rising,,2026-05-27T11:26:10Z
46614,4781,instagram,ext_instagram_00002074,Outage follow-up: demand for New Line Activation is up and WaveFirst Mobile needs more field slots,2026-05-07T12:31:02Z,902,40,49,18087,0.8,,,normal,,2026-05-27T11:26:10Z
46615,4899,instagram,ext_instagram_00002075,"Two-week review of ClearMind Customer Care Customer Retention Intake: strong subscriber response, but capacity planning matters",2026-05-20T02:01:33Z,8609,1642,305,23334,0.495,,,rising,,2026-05-27T11:26:10Z
46616,4647,tiktok,ext_tiktok_00002076,Families keep asking for better Wi-Fi performance before evening streaming starts,2026-05-25T09:47:35Z,21515,13518,4525,894224,0.298,,,viral,,2026-05-27T11:26:10Z
46617,4652,tiktok,ext_tiktok_00002077,NOC huddle: prioritize ClearMind Customer Care Outage Follow-Up Call installs before the weekend streaming surge,2026-05-27T11:06:47Z,512,92,49,9046,0.305,,,normal,,2026-05-27T11:26:10Z
46618,4798,threads,ext_threads_00002078,Billing and usage signals are surfacing new need for LTE Backup Gateway from HomeConnect Fixed Wireless,2026-05-01T02:48:08Z,5729,824,216,75537,0.46,,,rising,,2026-05-27T11:26:10Z
46619,4991,twitter,ext_twitter_00002079,"If your subscribers need Senior Connected Life Plan, check SilverLine Connected Life availability early; appointment slots are moving fast",2026-05-24T15:38:26Z,552,68,18,11672,0.645,,,normal,,2026-05-27T11:26:10Z
46620,4890,tiktok,ext_tiktok_00002080,Day 30 with the Edge Compute Reservation workflow and the field team says EnterpriseEdge Services reduced manual follow-up,2026-05-16T14:37:26Z,2242,946,972,129872,0.381,,,rising,,2026-05-27T11:26:10Z
46621,4599,youtube,ext_youtube_00002081,Recommended WellNest Family Plans Family Data Share Plan to an account manager today because churn risk is the issue,2026-05-26T05:30:55Z,337,96,30,11164,0.606,,,normal,,2026-05-27T11:26:10Z
46622,4669,youtube,ext_youtube_00002082,Small businesses need earlier visibility into field technician appointment availability,2026-05-14T11:43:35Z,848,67,42,7586,0.882,,,normal,,2026-05-27T11:26:10Z
46623,4898,threads,ext_threads_00002083,Morning capacity review featuring Customer Retention Intake. ClearMind Customer Care needs pre-positioned technician capacity,2026-04-30T21:10:27Z,29301,4695,2973,678291,0.879,,,viral,,2026-05-27T11:26:10Z
46624,4949,instagram,ext_instagram_00002084,Added Customer Retention Intake to the high-priority service assurance path. Thank you ClearMind Customer Care for closing the gap,2026-05-27T09:12:56Z,414,26,27,7648,0.908,,,normal,,2026-05-27T11:26:10Z
46625,4965,tiktok,ext_tiktok_00002085,Device-support channels are seeing increased activation demand after a handset launch,2026-05-23T20:26:58Z,20954,3123,4911,734710,-0.205,,,viral,,2026-05-27T11:26:10Z
46626,4879,instagram,ext_instagram_00002086,Families keep asking for better Wi-Fi performance before evening streaming starts,2026-05-23T08:28:56Z,791,6,8,17592,0.361,,,normal,,2026-05-27T11:26:10Z
46627,5023,threads,ext_threads_00002087,Coverage update: Home Wi-Fi Mesh Kit capacity at PulsePoint 5G is getting tight after a spike in service orders,2026-05-13T16:33:16Z,86,84,45,10189,0.759,,,normal,,2026-05-27T11:26:10Z
46628,4959,instagram,ext_instagram_00002088,Subscriber experience note - WellNest Family Plans Student Mobile Plan is the service everyone is trying to schedule right now,2026-05-18T19:02:15Z,3155,1932,387,145852,0.384,,,rising,,2026-05-27T11:26:10Z
46629,4845,tiktok,ext_tiktok_00002089,Outage follow-up: demand for Customer Retention Intake is up and ClearMind Customer Care needs more field slots,2026-05-09T08:53:39Z,2938,1930,527,98455,0.778,,,rising,,2026-05-27T11:26:10Z
46630,4846,twitter,ext_twitter_00002090,"Two-week review of WellNest Family Plans Student Mobile Plan: strong subscriber response, but capacity planning matters",2026-05-10T04:29:28Z,6937,823,219,71649,0.586,,,rising,,2026-05-27T11:26:10Z
46631,4741,instagram,ext_instagram_00002091,Families keep asking where to find Enterprise Account Navigation. EnterpriseEdge Services is showing up in every upgrade thread,2026-05-27T03:04:31Z,147,65,13,14497,0.216,,,normal,,2026-05-27T11:26:10Z
46632,4685,threads,ext_threads_00002092,NOC huddle: prioritize MetroSupply Devices Connected Device Monitoring Onboarding installs before the weekend streaming surge,2026-05-07T14:01:13Z,942,60,19,6993,0.413,,,normal,,2026-05-27T11:26:10Z
46633,4623,twitter,ext_twitter_00002093,Billing and usage signals are surfacing new need for Small Business Fiber SLA from FiberPath Broadband,2026-05-26T17:09:42Z,485,15,34,3580,0.561,,,normal,,2026-05-27T11:26:10Z
46634,4989,instagram,ext_instagram_00002094,"If your subscribers need Fiber Appointment Scheduling, check RoamFlow Mobility availability early; appointment slots are moving fast",2026-05-01T18:43:43Z,739,49,18,524,0.309,,,normal,,2026-05-27T11:26:10Z
46635,4661,instagram,ext_instagram_00002095,Device-support channels are seeing increased activation demand after a handset launch,2026-05-09T09:42:57Z,28838,4825,4434,329399,-0.035,,,viral,,2026-05-27T11:26:10Z
46636,4968,threads,ext_threads_00002096,Families keep asking for better Wi-Fi performance before evening streaming starts,2026-05-22T10:24:51Z,628,0,8,15373,-0.031,,,normal,,2026-05-27T11:26:10Z
46637,4771,instagram,ext_instagram_00002097,"Thought 5G Business Consultation demand would level off, but PulsePoint 5G is still seeing urgent requests",2026-05-17T07:22:51Z,6426,1087,972,181539,0.415,,,rising,,2026-05-27T11:26:10Z
46638,4686,instagram,ext_instagram_00002098,Morning capacity review featuring Gigabit Fiber Install. FiberPath Broadband needs pre-positioned technician capacity,2026-05-19T12:50:00Z,266,4,32,9359,0.438,,,normal,,2026-05-27T11:26:10Z
46639,4776,instagram,ext_instagram_00002099,Added New Line Activation to the high-priority service assurance path. Thank you WaveFirst Mobile for closing the gap,2026-05-24T13:42:09Z,14550,14596,3558,278662,0.463,,,viral,,2026-05-27T11:26:10Z
46640,4861,twitter,ext_twitter_00002100,Subscribers are asking about Connected Device Monitoring Onboarding through MetroSupply Devices; upgrade and activation demand is rising,2026-05-15T07:37:00Z,843,93,4,7742,0.207,,,normal,,2026-05-27T11:26:10Z
46641,4603,twitter,ext_twitter_00002101,Network operations is flagging Roaming Cost Coaching from RoamFlow Mobility as a capacity bottleneck this week,2026-05-25T17:53:54Z,8804,1761,873,39240,0.347,,,rising,,2026-05-27T11:26:10Z
46642,4966,twitter,ext_twitter_00002102,Small businesses need earlier visibility into field technician appointment availability,2026-05-22T00:02:08Z,42,63,35,11992,0.716,,,normal,,2026-05-27T11:26:10Z
46643,4916,twitter,ext_twitter_00002103,Subscriber experience note - WellNest Family Plans Student Mobile Plan is the service everyone is trying to schedule right now,2026-05-20T05:25:29Z,120,85,10,15916,0.855,,,normal,,2026-05-27T11:26:10Z
46644,5001,twitter,ext_twitter_00002104,Outage follow-up: demand for Senior Connected Life Plan is up and SilverLine Connected Life needs more field slots,2026-05-26T16:20:02Z,835,17,38,18988,0.528,,,normal,,2026-05-27T11:26:10Z
46645,4764,youtube,ext_youtube_00002105,"Two-week review of OrbitMotion IoT Field Technician Evaluation: strong subscriber response, but capacity planning matters",2026-05-15T17:56:04Z,4395,884,653,102351,0.696,,,rising,,2026-05-27T11:26:10Z
46646,4691,instagram,ext_instagram_00002106,Families keep asking where to find Enterprise Account Navigation. EnterpriseEdge Services is showing up in every upgrade thread,2026-05-23T04:09:34Z,800,26,47,2608,0.384,,,normal,,2026-05-27T11:26:10Z
46647,4555,threads,ext_threads_00002107,Connected life teams need better outreach after recent storm-related service events,2026-05-27T10:38:57Z,659,8,8,17428,0.855,,,normal,,2026-05-27T11:26:10Z
46648,4848,threads,ext_threads_00002108,Enterprise care teams are coordinating SLA-impact cases across regional service teams today,2026-05-05T02:21:50Z,873,68,36,19142,0.158,,,normal,,2026-05-27T11:26:10Z
46649,4710,threads,ext_threads_00002109,"If your subscribers need LTE Backup Gateway, check HomeConnect Fixed Wireless availability early; appointment slots are moving fast",2026-05-26T06:05:05Z,3415,1211,844,127695,0.624,,,rising,,2026-05-27T11:26:10Z
46650,4775,threads,ext_threads_00002110,Day 30 with the Field Technician Evaluation workflow and the field team says OrbitMotion IoT reduced manual follow-up,2026-05-25T19:24:03Z,318,64,13,19273,0.586,,,normal,,2026-05-27T11:26:10Z
46651,4887,youtube,ext_youtube_00002111,Recommended SignalBridge Mobile 5G Unlimited Mobile Plan to an account manager today because churn risk is the issue,2026-05-06T19:02:30Z,48,11,34,4549,0.325,,,normal,,2026-05-27T11:26:10Z
46652,4665,threads,ext_threads_00002112,"Thought Home Wi-Fi Mesh Kit demand would level off, but PulsePoint 5G is still seeing urgent requests",2026-05-08T19:11:15Z,118788,97909,25034,13896907,0.511,,,mega_viral,,2026-05-27T11:26:10Z
46653,5010,tiktok,ext_tiktok_00002113,Morning capacity review featuring Family Data Share Plan. WellNest Family Plans needs pre-positioned technician capacity,2026-05-02T12:54:32Z,405,10,1,18367,0.701,,,normal,,2026-05-27T11:26:10Z
46654,4560,threads,ext_threads_00002114,Added 5G Business Consultation to the high-priority service assurance path. Thank you PulsePoint 5G for closing the gap,2026-05-22T16:12:11Z,3583,305,740,188442,0.317,,,rising,,2026-05-27T11:26:10Z
46655,5025,tiktok,ext_tiktok_00002115,Device-support channels are seeing increased activation demand after a handset launch,2026-05-11T20:42:16Z,5172,1093,719,57619,0.729,,,rising,,2026-05-27T11:26:10Z
46656,4984,instagram,ext_instagram_00002116,Network operations is flagging Edge Compute Reservation from EnterpriseEdge Services as a capacity bottleneck this week,2026-05-25T03:05:48Z,21200,10081,1154,807482,0.234,,,viral,,2026-05-27T11:26:10Z
46657,4918,threads,ext_threads_00002117,Coverage update: Fraud Resolution Case capacity at ClearMind Customer Care is getting tight after a spike in service orders,2026-05-23T19:53:18Z,3188,1300,912,148846,0.201,,,rising,,2026-05-27T11:26:10Z
46658,4757,tiktok,ext_tiktok_00002118,Subscriber experience note - RoamFlow Mobility Roaming Cost Coaching is the service everyone is trying to schedule right now,2026-05-18T13:58:03Z,725,66,19,17453,0.754,,,normal,,2026-05-27T11:26:10Z
46659,4812,youtube,ext_youtube_00002119,Outage follow-up: demand for Connected Device Monitoring Onboarding is up and MetroSupply Devices needs more field slots,2026-05-27T05:57:18Z,387,92,7,12533,0.468,,,normal,,2026-05-27T11:26:10Z
46660,4619,youtube,ext_youtube_00002120,Subscribers are asking for clearer instructions after fiber installation and faster follow-up windows,2026-05-27T11:11:42Z,961,92,9,19315,0.788,,,normal,,2026-05-27T11:26:10Z
46661,4899,instagram,ext_instagram_00002121,Outage follow-up is the top request in our subscriber forum this week,2026-04-27T20:15:05Z,30357,9564,7079,306343,0.029,,,viral,,2026-05-27T11:26:10Z
46662,4928,threads,ext_threads_00002122,Small businesses need earlier visibility into field technician appointment availability,2026-05-21T01:49:42Z,164,23,47,4715,0.794,,,normal,,2026-05-27T11:26:10Z
46663,4708,twitter,ext_twitter_00002123,Billing and usage signals are surfacing new need for SIM Replacement Starter Kit from MetroSupply Devices,2026-05-26T22:56:45Z,573,45,10,7058,0.943,,,normal,,2026-05-27T11:26:10Z
46664,4676,instagram,ext_instagram_00002124,Coverage gaps are delaying service assurance for several subscriber groups,2026-05-27T01:08:40Z,7374,1716,337,29710,0.143,,,rising,,2026-05-27T11:26:10Z
46665,4705,threads,ext_threads_00002125,Day 30 with the Smart Home Connectivity Assessment workflow and the field team says HomeConnect Fixed Wireless reduced manual follow-up,2026-05-09T12:56:43Z,915,90,24,19230,0.65,,,normal,,2026-05-27T11:26:10Z
46666,4585,threads,ext_threads_00002126,Recommended ClearMind Customer Care Customer Retention Intake to an account manager today because churn risk is the issue,2026-05-25T09:17:28Z,768,72,2,3286,0.423,,,normal,,2026-05-27T11:26:10Z
46667,4800,tiktok,ext_tiktok_00002127,"Thought Small Business Fiber SLA demand would level off, but FiberPath Broadband is still seeing urgent requests",2026-05-01T03:25:01Z,242,7,37,15081,0.207,,,normal,,2026-05-27T11:26:10Z
46668,5049,tiktok,ext_tiktok_00002128,Morning capacity review featuring Gigabit Fiber Install. FiberPath Broadband needs pre-positioned technician capacity,2026-05-10T07:23:57Z,663,64,28,10017,0.723,,,normal,,2026-05-27T11:26:10Z
46669,4995,tiktok,ext_tiktok_00002129,Roaming bill questions are creating new handoffs to billing and retention teams,2026-05-17T16:41:19Z,620,82,33,11452,-0.228,,,normal,,2026-05-27T11:26:10Z
46670,4963,threads,ext_threads_00002130,Subscribers are asking about Customer Retention Intake through ClearMind Customer Care; upgrade and activation demand is rising,2026-05-10T00:34:51Z,471673,61292,49842,13396430,0.63,,,mega_viral,,2026-05-27T11:26:10Z
46671,4552,tiktok,ext_tiktok_00002131,Outage follow-up is the top request in our subscriber forum this week,2026-05-10T03:02:25Z,190,72,23,4436,0.293,,,normal,,2026-05-27T11:26:10Z
46672,4721,instagram,ext_instagram_00002132,Coverage update: Fixed Wireless Home Internet capacity at HomeConnect Fixed Wireless is getting tight after a spike in service orders,2026-05-24T18:12:29Z,819,38,13,5255,0.21,,,normal,,2026-05-27T11:26:10Z
46673,4948,threads,ext_threads_00002133,Subscriber experience note - FiberPath Broadband Gigabit Fiber Install is the service everyone is trying to schedule right now,2026-05-27T00:17:00Z,8653,473,604,169042,0.513,,,rising,,2026-05-27T11:26:10Z
46674,5014,instagram,ext_instagram_00002134,Outage follow-up: demand for Family Data Share Plan is up and WellNest Family Plans needs more field slots,2026-05-15T08:51:51Z,325,82,8,10365,0.708,,,normal,,2026-05-27T11:26:10Z
46675,4678,twitter,ext_twitter_00002135,Device-support channels are seeing increased activation demand after a handset launch,2026-05-23T15:21:10Z,459,54,20,8709,0.055,,,normal,,2026-05-27T11:26:10Z
46676,4867,youtube,ext_youtube_00002136,Families keep asking for better Wi-Fi performance before evening streaming starts,2026-05-25T23:14:58Z,47813,8104,3831,991165,0.698,,,viral,,2026-05-27T11:26:10Z
46677,4800,tiktok,ext_tiktok_00002137,NOC huddle: prioritize RoamFlow Mobility Roaming Cost Coaching installs before the weekend streaming surge,2026-05-27T02:45:56Z,195,82,21,14451,0.868,,,normal,,2026-05-27T11:26:10Z
46678,4588,twitter,ext_twitter_00002138,Billing and usage signals are surfacing new need for Outage Follow-Up Call from ClearMind Customer Care,2026-05-27T06:51:09Z,386250,50327,26131,16356170,0.55,,,mega_viral,,2026-05-27T11:26:10Z
46679,5022,youtube,ext_youtube_00002139,"If your subscribers need LTE Backup Gateway, check HomeConnect Fixed Wireless availability early; appointment slots are moving fast",2026-05-09T21:55:08Z,108,29,2,7343,0.356,,,normal,,2026-05-27T11:26:10Z
46680,4749,youtube,ext_youtube_00002140,Subscribers are asking for clearer instructions after fiber installation and faster follow-up windows,2026-05-07T10:14:13Z,43493,8398,2845,210218,0.586,,,viral,,2026-05-27T11:26:10Z
46681,4730,threads,ext_threads_00002141,Outage follow-up is the top request in our subscriber forum this week,2026-05-26T14:15:09Z,617,23,2,13996,0.749,,,normal,,2026-05-27T11:26:10Z
46682,4857,youtube,ext_youtube_00002142,Small businesses need earlier visibility into field technician appointment availability,2026-05-25T02:30:18Z,7024,1054,135,107446,0.763,,,rising,,2026-05-27T11:26:10Z
46683,4662,tiktok,ext_tiktok_00002143,Morning capacity review featuring Gigabit Fiber Install. FiberPath Broadband needs pre-positioned technician capacity,2026-05-12T17:01:11Z,539,53,26,3635,0.815,,,normal,,2026-05-27T11:26:10Z
46684,4643,twitter,ext_twitter_00002144,Added Outage Follow-Up Call to the high-priority service assurance path. Thank you ClearMind Customer Care for closing the gap,2026-05-06T03:41:43Z,2454,1091,991,134017,0.822,,,rising,,2026-05-27T11:26:10Z
46685,4544,youtube,ext_youtube_00002145,Subscribers are asking about Family Connectivity Support Session through SilverLine Connected Life; upgrade and activation demand is rising,2026-05-02T15:11:55Z,8654,1557,705,91040,0.313,,,rising,,2026-05-27T11:26:10Z
46686,4810,tiktok,ext_tiktok_00002146,Families keep asking for better Wi-Fi performance before evening streaming starts,2026-05-26T19:53:52Z,902,66,45,17396,-0.1,,,normal,,2026-05-27T11:26:10Z
46687,4635,threads,ext_threads_00002147,Connected life teams need better outreach after recent storm-related service events,2026-05-18T05:56:28Z,4919,532,329,129814,0.42,,,rising,,2026-05-27T11:26:10Z
46688,4877,youtube,ext_youtube_00002148,Subscriber experience note - ClearMind Customer Care Outage Follow-Up Call is the service everyone is trying to schedule right now,2026-05-27T11:15:55Z,736,2,21,10931,0.633,,,normal,,2026-05-27T11:26:10Z
46689,4689,youtube,ext_youtube_00002149,Roaming bill questions are creating new handoffs to billing and retention teams,2026-05-26T23:20:39Z,162521,14699,46057,2488258,0.306,,,mega_viral,,2026-05-27T11:26:10Z
46690,4855,tiktok,ext_tiktok_00002150,"Two-week review of PulsePoint 5G 5G Business Consultation: strong subscriber response, but capacity planning matters",2026-05-27T10:14:47Z,967,11,13,10935,0.668,,,normal,,2026-05-27T11:26:10Z
46691,5004,instagram,ext_instagram_00002151,Families keep asking where to find Customer Retention Intake. ClearMind Customer Care is showing up in every upgrade thread,2026-05-22T12:54:52Z,66,45,32,7485,0.257,,,normal,,2026-05-27T11:26:10Z
46692,4685,threads,ext_threads_00002152,Small businesses need earlier visibility into field technician appointment availability,2026-05-26T19:47:38Z,451,70,31,6797,0.111,,,normal,,2026-05-27T11:26:10Z
46693,4551,instagram,ext_instagram_00002153,Billing and usage signals are surfacing new need for Field Technician Evaluation from OrbitMotion IoT,2026-05-18T03:21:18Z,6339,1312,322,113973,0.209,,,rising,,2026-05-27T11:26:10Z
46694,4595,threads,ext_threads_00002154,"If your subscribers need Enterprise Account Navigation, check EnterpriseEdge Services availability early; appointment slots are moving fast",2026-05-11T10:35:12Z,217,74,23,9209,0.372,,,normal,,2026-05-27T11:26:10Z
46695,4669,youtube,ext_youtube_00002155,Day 30 with the Fleet Telematics SIM Pack workflow and the field team says OrbitMotion IoT reduced manual follow-up,2026-05-25T22:00:22Z,909,60,18,16459,0.263,,,normal,,2026-05-27T11:26:10Z
46696,4989,instagram,ext_instagram_00002156,Recommended OrbitMotion IoT IoT Sensor Gateway Kit to an account manager today because churn risk is the issue,2026-05-26T06:38:06Z,790,6,35,7089,0.484,,,normal,,2026-05-27T11:26:10Z
46697,4992,youtube,ext_youtube_00002157,"Thought LTE Backup Gateway demand would level off, but HomeConnect Fixed Wireless is still seeing urgent requests",2026-05-27T09:53:09Z,186,55,46,9632,0.253,,,normal,,2026-05-27T11:26:10Z
46698,4881,twitter,ext_twitter_00002158,Morning capacity review featuring 5G Mobile Hotspot Kit. MetroSupply Devices needs pre-positioned technician capacity,2026-05-24T13:32:10Z,5115,292,406,57791,0.518,,,rising,,2026-05-27T11:26:10Z
46699,4725,threads,ext_threads_00002159,Roaming bill questions are creating new handoffs to billing and retention teams,2026-05-01T22:36:41Z,861,2,28,279,0.717,,,normal,,2026-05-27T11:26:10Z
46700,4812,youtube,ext_youtube_00002160,Subscribers are asking for clearer instructions after fiber installation and faster follow-up windows,2026-05-20T02:05:04Z,574,67,25,12750,0.716,,,normal,,2026-05-27T11:26:10Z
46701,4746,instagram,ext_instagram_00002161,Network operations is flagging Student Mobile Plan from WellNest Family Plans as a capacity bottleneck this week,2026-05-10T16:10:44Z,932,71,2,1304,0.824,,,normal,,2026-05-27T11:26:10Z
46702,4777,tiktok,ext_tiktok_00002162,Coverage update: LTE Backup Gateway capacity at HomeConnect Fixed Wireless is getting tight after a spike in service orders,2026-05-08T11:54:20Z,30028,8391,7506,701582,0.22,,,viral,,2026-05-27T11:26:10Z
46703,4693,twitter,ext_twitter_00002163,Network monitoring alerts are helping the team catch congestion before call volume spikes,2026-05-27T11:24:28Z,346,48,1,1555,-0.1,,,normal,,2026-05-27T11:26:10Z
46704,4671,instagram,ext_instagram_00002164,Outage follow-up: demand for 5G Business Consultation is up and PulsePoint 5G needs more field slots,2026-05-16T11:31:14Z,275,23,49,5985,0.429,,,normal,,2026-05-27T11:26:10Z
46705,4916,twitter,ext_twitter_00002165,"Two-week review of SilverLine Connected Life Family Connectivity Support Session: strong subscriber response, but capacity planning matters",2026-05-27T07:28:06Z,817,97,30,1808,0.327,,,normal,,2026-05-27T11:26:10Z
46706,4554,youtube,ext_youtube_00002166,Families keep asking where to find Fixed Wireless Home Internet. HomeConnect Fixed Wireless is showing up in every upgrade thread,2026-05-14T17:48:50Z,607,52,17,16078,0.222,,,normal,,2026-05-27T11:26:10Z
46707,4664,youtube,ext_youtube_00002167,Connected life teams need better outreach after recent storm-related service events,2026-05-22T05:30:12Z,8828,1173,222,90103,0.805,,,rising,,2026-05-27T11:26:10Z
46708,4998,threads,ext_threads_00002168,Enterprise care teams are coordinating SLA-impact cases across regional service teams today,2026-05-03T00:28:58Z,3728,1994,210,32701,0.634,,,rising,,2026-05-27T11:26:10Z
46709,5018,threads,ext_threads_00002169,"If your subscribers need Network Congestion Plan Review, check WellNest Family Plans availability early; appointment slots are moving fast",2026-05-08T21:10:37Z,35052,9158,2451,869627,0.907,,,viral,,2026-05-27T11:26:10Z
46710,4590,threads,ext_threads_00002170,Day 30 with the Fraud Resolution Case workflow and the field team says ClearMind Customer Care reduced manual follow-up,2026-05-08T07:49:00Z,16,43,47,18435,0.919,,,normal,,2026-05-27T11:26:10Z
46711,4980,tiktok,ext_tiktok_00002171,Recommended OrbitMotion IoT IoT Sensor Gateway Kit to an account manager today because churn risk is the issue,2026-05-18T13:00:00Z,851,16,27,9407,0.677,,,normal,,2026-05-27T11:26:10Z
46712,4879,instagram,ext_instagram_00002172,"Thought LTE Backup Gateway demand would level off, but HomeConnect Fixed Wireless is still seeing urgent requests",2026-05-16T01:02:02Z,865,52,49,8305,0.542,,,normal,,2026-05-27T11:26:10Z
46713,4990,tiktok,ext_tiktok_00002173,Morning capacity review featuring Field Technician Evaluation. OrbitMotion IoT needs pre-positioned technician capacity,2026-05-23T02:35:56Z,44419,10375,2867,456456,0.295,,,viral,,2026-05-27T11:26:10Z
46714,5025,tiktok,ext_tiktok_00002174,Added Fixed Wireless Home Internet to the high-priority service assurance path. Thank you HomeConnect Fixed Wireless for closing the gap,2026-05-26T02:17:24Z,951,61,40,9838,0.599,,,normal,,2026-05-27T11:26:10Z
46715,5030,tiktok,ext_tiktok_00002175,Subscribers are asking about Fleet Telematics SIM Pack through OrbitMotion IoT; upgrade and activation demand is rising,2026-05-02T14:28:55Z,41068,11564,2590,470683,0.734,,,viral,,2026-05-27T11:26:10Z
46716,5023,threads,ext_threads_00002176,Network operations is flagging Roaming Cost Coaching from RoamFlow Mobility as a capacity bottleneck this week,2026-05-11T04:11:47Z,878,41,16,3831,0.432,,,normal,,2026-05-27T11:26:10Z
46717,4674,youtube,ext_youtube_00002177,Coverage update: Number Port-In Activation capacity at SignalBridge Mobile is getting tight after a spike in service orders,2026-05-17T16:35:13Z,953,33,21,9661,0.246,,,normal,,2026-05-27T11:26:10Z
46718,4897,youtube,ext_youtube_00002178,Subscriber experience note - PulsePoint 5G Device Upgrade Enrollment is the service everyone is trying to schedule right now,2026-05-19T15:10:10Z,863,80,44,6368,0.648,,,normal,,2026-05-27T11:26:10Z
46719,4907,youtube,ext_youtube_00002179,Outage follow-up: demand for Roaming Cost Coaching is up and RoamFlow Mobility needs more field slots,2026-05-26T23:21:14Z,116,82,0,5076,0.876,,,normal,,2026-05-27T11:26:10Z
46720,4574,youtube,ext_youtube_00002180,"Two-week review of PulsePoint 5G Device Upgrade Enrollment: strong subscriber response, but capacity planning matters",2026-05-18T20:48:07Z,2038,809,245,140682,0.91,,,rising,,2026-05-27T11:26:10Z
46721,4693,twitter,ext_twitter_00002181,Families keep asking where to find Churn Risk Save Offer. WaveFirst Mobile is showing up in every upgrade thread,2026-05-26T05:53:55Z,197,47,35,17646,0.716,,,normal,,2026-05-27T11:26:10Z
46722,4898,threads,ext_threads_00002182,NOC huddle: prioritize MetroSupply Devices SIM Replacement Starter Kit installs before the weekend streaming surge,2026-05-27T07:47:22Z,244,36,2,2250,0.826,,,normal,,2026-05-27T11:26:10Z
46723,4759,youtube,ext_youtube_00002183,Billing and usage signals are surfacing new need for Enterprise Account Navigation from EnterpriseEdge Services,2026-05-18T08:17:47Z,626,77,48,9436,0.319,,,normal,,2026-05-27T11:26:10Z
46724,4761,instagram,ext_instagram_00002184,"If your subscribers need IoT Sensor Gateway Kit, check OrbitMotion IoT availability early; appointment slots are moving fast",2026-05-15T22:22:35Z,8593,323,511,58131,0.544,,,rising,,2026-05-27T11:26:10Z
46725,4695,threads,ext_threads_00002185,Device-support channels are seeing increased activation demand after a handset launch,2026-05-05T23:14:12Z,273,79,8,14617,0.436,,,normal,,2026-05-27T11:26:10Z
46726,4827,youtube,ext_youtube_00002186,Families keep asking for better Wi-Fi performance before evening streaming starts,2026-05-26T04:02:36Z,368,65,13,1088,0.044,,,normal,,2026-05-27T11:26:10Z
46727,4894,instagram,ext_instagram_00002187,"Thought Fiber Repair Appointment demand would level off, but FiberPath Broadband is still seeing urgent requests",2026-05-26T02:26:51Z,9206,1988,544,136254,0.809,,,rising,,2026-05-27T11:26:10Z
46728,4842,youtube,ext_youtube_00002188,Enterprise care teams are coordinating SLA-impact cases across regional service teams today,2026-05-26T23:38:04Z,934,58,49,2624,0.834,,,normal,,2026-05-27T11:26:10Z
46729,4671,instagram,ext_instagram_00002189,Roaming bill questions are creating new handoffs to billing and retention teams,2026-04-30T15:45:53Z,8716,1296,558,38117,0.052,,,rising,,2026-05-27T11:26:10Z
46730,4816,twitter,ext_twitter_00002190,Subscribers are asking about IoT Sensor Gateway Kit through OrbitMotion IoT; upgrade and activation demand is rising,2026-05-16T14:49:08Z,11,11,19,7688,0.616,,,normal,,2026-05-27T11:26:10Z
46731,4627,tiktok,ext_tiktok_00002191,Network operations is flagging IoT Sensor Gateway Kit from OrbitMotion IoT as a capacity bottleneck this week,2026-05-26T06:46:03Z,326,75,34,13983,0.634,,,normal,,2026-05-27T11:26:10Z
46732,4723,twitter,ext_twitter_00002192,Coverage update: Premium International Roaming Pass capacity at SignalBridge Mobile is getting tight after a spike in service orders,2026-05-10T12:32:08Z,138,69,45,14751,0.371,,,normal,,2026-05-27T11:26:10Z
46733,4695,threads,ext_threads_00002193,Subscriber experience note - OrbitMotion IoT Fleet Telematics SIM Pack is the service everyone is trying to schedule right now,2026-05-07T16:05:43Z,3940,1446,232,41947,0.277,,,rising,,2026-05-27T11:26:10Z
46734,4622,tiktok,ext_tiktok_00002194,Outage follow-up: demand for 5G Unlimited Mobile Plan is up and SignalBridge Mobile needs more field slots,2026-05-26T05:53:05Z,37917,6906,4924,771358,0.751,,,viral,,2026-05-27T11:26:10Z
46735,4979,instagram,ext_instagram_00002195,"Two-week review of PulsePoint 5G Device Upgrade Enrollment: strong subscriber response, but capacity planning matters",2026-05-01T08:02:56Z,2032,586,840,39950,0.337,,,rising,,2026-05-27T11:26:10Z
46736,4846,twitter,ext_twitter_00002196,Families keep asking where to find Network Congestion Plan Review. WellNest Family Plans is showing up in every upgrade thread,2026-05-25T11:40:12Z,682,27,26,19552,0.843,,,normal,,2026-05-27T11:26:10Z
46737,4771,instagram,ext_instagram_00002197,Connected life teams need better outreach after recent storm-related service events,2026-05-14T23:01:16Z,917,10,36,19247,0.808,,,normal,,2026-05-27T11:26:10Z
46738,4941,twitter,ext_twitter_00002198,Enterprise care teams are coordinating SLA-impact cases across regional service teams today,2026-05-23T20:44:50Z,9030,567,611,97450,0.475,,,rising,,2026-05-27T11:26:10Z
46739,4924,instagram,ext_instagram_00002199,"If your subscribers need Churn Risk Save Offer, check WaveFirst Mobile availability early; appointment slots are moving fast",2026-05-27T11:18:27Z,4171,1167,671,196440,0.684,,,rising,,2026-05-27T11:26:10Z
46740,4555,threads,ext_threads_00002200,Subscribers are asking for clearer instructions after fiber installation and faster follow-up windows,2026-05-25T14:27:47Z,105,69,31,458,0.5,,,normal,,2026-05-27T11:26:10Z
46741,4761,instagram,ext_instagram_00002201,Recommended FiberPath Broadband Fiber Repair Appointment to an account manager today because churn risk is the issue,2026-05-11T13:57:15Z,871,10,39,3694,0.51,,,normal,,2026-05-27T11:26:10Z
46742,5012,youtube,ext_youtube_00002202,Small businesses need earlier visibility into field technician appointment availability,2026-05-27T11:25:50Z,469,40,46,970,0.245,,,normal,,2026-05-27T11:26:10Z
46743,4910,tiktok,ext_tiktok_00002203,Morning capacity review featuring Family Data Share Plan. WellNest Family Plans needs pre-positioned technician capacity,2026-05-26T03:07:53Z,5517,233,172,185606,0.742,,,rising,,2026-05-27T11:26:10Z
46744,4985,tiktok,ext_tiktok_00002204,Coverage gaps are delaying service assurance for several subscriber groups,2026-05-08T12:08:45Z,417,74,40,7513,-0.063,,,normal,,2026-05-27T11:26:10Z
46745,4894,instagram,ext_instagram_00002205,Device-support channels are seeing increased activation demand after a handset launch,2026-05-22T23:49:00Z,9037,377,407,134113,0.311,,,rising,,2026-05-27T11:26:10Z
46746,4573,twitter,ext_twitter_00002206,Families keep asking for better Wi-Fi performance before evening streaming starts,2026-05-20T10:31:00Z,774,24,1,1095,0.011,,,normal,,2026-05-27T11:26:10Z
46747,4588,twitter,ext_twitter_00002207,Coverage update: Fixed Wireless Home Internet capacity at HomeConnect Fixed Wireless is getting tight after a spike in service orders,2026-05-23T00:43:59Z,35005,6766,3890,361735,0.269,,,viral,,2026-05-27T11:26:10Z
46748,4764,youtube,ext_youtube_00002208,Subscriber experience note - RoamFlow Mobility Fiber Appointment Scheduling is the service everyone is trying to schedule right now,2026-05-15T19:55:41Z,41875,5635,1929,274565,0.524,,,viral,,2026-05-27T11:26:10Z
46749,4818,threads,ext_threads_00002209,Outage follow-up: demand for Device Upgrade Enrollment is up and PulsePoint 5G needs more field slots,2026-04-30T22:07:45Z,699,99,1,4140,0.471,,,normal,,2026-05-27T11:26:10Z
46750,4873,threads,ext_threads_00002210,"Two-week review of WellNest Family Plans Student Mobile Plan: strong subscriber response, but capacity planning matters",2026-05-15T19:17:10Z,15874,11418,1779,758599,0.698,,,viral,,2026-05-27T11:26:10Z
46751,4592,tiktok,ext_tiktok_00002211,Outage follow-up is the top request in our subscriber forum this week,2026-05-27T02:44:56Z,955,12,38,15386,0.426,,,normal,,2026-05-27T11:26:10Z
46752,4815,tiktok,ext_tiktok_00002212,NOC huddle: prioritize HomeConnect Fixed Wireless Fixed Wireless Home Internet installs before the weekend streaming surge,2026-05-10T10:29:47Z,99,13,8,584,0.773,,,normal,,2026-05-27T11:26:10Z
46753,4609,youtube,ext_youtube_00002213,Network monitoring alerts are helping the team catch congestion before call volume spikes,2026-05-20T11:35:46Z,20047,2021,7717,803084,0.029,,,viral,,2026-05-27T11:26:10Z
46754,4925,tiktok,ext_tiktok_00002214,"If your subscribers need Fiber Repair Appointment, check FiberPath Broadband availability early; appointment slots are moving fast",2026-05-10T12:21:35Z,35333,5481,4922,614556,0.266,,,viral,,2026-05-27T11:26:10Z
46755,4993,threads,ext_threads_00002215,Day 30 with the 5G Unlimited Mobile Plan workflow and the field team says SignalBridge Mobile reduced manual follow-up,2026-05-04T11:16:12Z,705,45,42,10355,0.763,,,normal,,2026-05-27T11:26:10Z
46756,4934,instagram,ext_instagram_00002216,Recommended WellNest Family Plans Student Mobile Plan to an account manager today because churn risk is the issue,2026-05-09T11:52:47Z,727,61,16,17653,0.822,,,normal,,2026-05-27T11:26:10Z
46757,4550,threads,ext_threads_00002217,"Thought Premium International Roaming Pass demand would level off, but SignalBridge Mobile is still seeing urgent requests",2026-05-16T11:48:20Z,5872,1637,450,195627,0.488,,,rising,,2026-05-27T11:26:10Z
46758,4924,instagram,ext_instagram_00002218,Enterprise care teams are coordinating SLA-impact cases across regional service teams today,2026-05-18T09:06:12Z,14359,11119,5023,905126,0.332,,,viral,,2026-05-27T11:26:10Z
46759,4956,twitter,ext_twitter_00002219,Added Roaming Cost Coaching to the high-priority service assurance path. Thank you RoamFlow Mobility for closing the gap,2026-05-08T02:29:10Z,6796,1359,108,158494,0.202,,,rising,,2026-05-27T11:26:10Z
46760,4915,tiktok,ext_tiktok_00002220,Subscribers are asking about Number Port-In Activation through SignalBridge Mobile; upgrade and activation demand is rising,2026-05-20T06:55:08Z,630,38,38,7265,0.465,,,normal,,2026-05-27T11:26:10Z
46761,4966,twitter,ext_twitter_00002221,Network operations is flagging Number Port-In Activation from SignalBridge Mobile as a capacity bottleneck this week,2026-05-20T09:24:22Z,630,90,29,7334,0.517,,,normal,,2026-05-27T11:26:10Z
46762,4849,instagram,ext_instagram_00002222,Small businesses need earlier visibility into field technician appointment availability,2026-05-26T22:41:23Z,399,76,1,4267,0.091,,,normal,,2026-05-27T11:26:10Z
46763,4794,instagram,ext_instagram_00002223,Subscriber experience note - WellNest Family Plans Family Data Share Plan is the service everyone is trying to schedule right now,2026-04-27T19:03:20Z,794,82,46,271,0.551,,,normal,,2026-05-27T11:26:10Z
46764,4931,twitter,ext_twitter_00002224,Outage follow-up: demand for Fiber Repair Appointment is up and FiberPath Broadband needs more field slots,2026-05-05T03:26:53Z,526,11,24,6968,0.629,,,normal,,2026-05-27T11:26:10Z
46765,4621,instagram,ext_instagram_00002225,Device-support channels are seeing increased activation demand after a handset launch,2026-05-17T15:10:24Z,835,59,16,11701,0.663,,,normal,,2026-05-27T11:26:10Z
46766,4820,tiktok,ext_tiktok_00002226,Families keep asking for better Wi-Fi performance before evening streaming starts,2026-05-19T10:27:32Z,2520,1348,242,123047,-0.256,,,rising,,2026-05-27T11:26:10Z
46767,5003,threads,ext_threads_00002227,Connected life teams need better outreach after recent storm-related service events,2026-05-13T19:55:36Z,989,34,16,5470,0.85,,,normal,,2026-05-27T11:26:10Z
46768,4974,instagram,ext_instagram_00002228,Billing and usage signals are surfacing new need for Edge Compute Reservation from EnterpriseEdge Services,2026-05-25T14:10:38Z,3882,1190,663,45238,0.553,,,rising,,2026-05-27T11:26:10Z
46769,4792,youtube,ext_youtube_00002229,"If your subscribers need Fixed Wireless Home Internet, check HomeConnect Fixed Wireless availability early; appointment slots are moving fast",2026-05-10T14:55:52Z,733,42,15,5934,0.625,,,normal,,2026-05-27T11:26:10Z
46770,4950,tiktok,ext_tiktok_00002230,Day 30 with the Senior Connected Life Plan workflow and the field team says SilverLine Connected Life reduced manual follow-up,2026-05-11T00:56:41Z,83,76,27,10363,0.839,,,normal,,2026-05-27T11:26:10Z
46771,4572,tiktok,ext_tiktok_00002231,Recommended WellNest Family Plans Student Mobile Plan to an account manager today because churn risk is the issue,2026-05-09T20:53:02Z,989,56,15,11898,0.277,,,normal,,2026-05-27T11:26:10Z
46772,4974,instagram,ext_instagram_00002232,"Thought Connected Device Monitoring Onboarding demand would level off, but MetroSupply Devices is still seeing urgent requests",2026-05-07T01:54:35Z,12,95,7,2780,0.942,,,normal,,2026-05-27T11:26:10Z
46773,4643,twitter,ext_twitter_00002233,Network monitoring alerts are helping the team catch congestion before call volume spikes,2026-05-19T08:26:17Z,610,25,17,11540,0.05,,,normal,,2026-05-27T11:26:10Z
46774,4630,threads,ext_threads_00002234,Added Customer Retention Intake to the high-priority service assurance path. Thank you ClearMind Customer Care for closing the gap,2026-05-24T04:32:03Z,892,97,33,18506,0.885,,,normal,,2026-05-27T11:26:10Z
46775,4757,tiktok,ext_tiktok_00002235,Subscribers are asking about Outage Follow-Up Call through ClearMind Customer Care; upgrade and activation demand is rising,2026-05-27T03:01:44Z,3956,983,522,161799,0.433,,,rising,,2026-05-27T11:26:10Z
46776,4761,instagram,ext_instagram_00002236,Network operations is flagging Premium International Roaming Pass from SignalBridge Mobile as a capacity bottleneck this week,2026-05-11T07:34:42Z,476,52,43,4511,0.486,,,normal,,2026-05-27T11:26:10Z
46777,4880,tiktok,ext_tiktok_00002237,Coverage update: SIM Replacement Starter Kit capacity at MetroSupply Devices is getting tight after a spike in service orders,2026-05-22T01:45:37Z,248,72,41,19238,0.32,,,normal,,2026-05-27T11:26:10Z
46778,4671,instagram,ext_instagram_00002238,Enterprise care teams are coordinating SLA-impact cases across regional service teams today,2026-05-20T20:09:08Z,867,95,29,8682,-0.237,,,normal,,2026-05-27T11:26:10Z
46779,4741,instagram,ext_instagram_00002239,Roaming bill questions are creating new handoffs to billing and retention teams,2026-05-26T15:34:04Z,827,47,23,4395,0.816,,,normal,,2026-05-27T11:26:10Z
46780,4706,instagram,ext_instagram_00002240,"Two-week review of RoamFlow Mobility Roaming Cost Coaching: strong subscriber response, but capacity planning matters",2026-05-27T06:00:47Z,544,74,1,15031,0.676,,,normal,,2026-05-27T11:26:10Z
46781,4593,twitter,ext_twitter_00002241,Families keep asking where to find SIM Replacement Starter Kit. MetroSupply Devices is showing up in every upgrade thread,2026-05-26T11:43:51Z,40,6,15,13773,0.801,,,normal,,2026-05-27T11:26:10Z
46782,5010,tiktok,ext_tiktok_00002242,NOC huddle: prioritize MetroSupply Devices Connected Device Monitoring Onboarding installs before the weekend streaming surge,2026-05-20T07:36:48Z,21771,8743,3792,419319,0.31,,,viral,,2026-05-27T11:26:10Z
46783,4542,tiktok,ext_tiktok_00002243,Billing and usage signals are surfacing new need for Fiber Repair Appointment from FiberPath Broadband,2026-04-28T16:52:43Z,434,93,22,12308,0.349,,,normal,,2026-05-27T11:26:10Z
46784,5011,twitter,ext_twitter_00002244,"If your subscribers need Fleet Telematics SIM Pack, check OrbitMotion IoT availability early; appointment slots are moving fast",2026-04-28T11:34:13Z,427,92,22,6144,0.32,,,normal,,2026-05-27T11:26:10Z
46785,4794,instagram,ext_instagram_00002245,Day 30 with the Field Technician Evaluation workflow and the field team says OrbitMotion IoT reduced manual follow-up,2026-05-14T18:13:26Z,7581,709,503,20700,0.265,,,rising,,2026-05-27T11:26:10Z
46786,4578,twitter,ext_twitter_00002246,Recommended RoamFlow Mobility Roaming Cost Coaching to an account manager today because churn risk is the issue,2026-05-27T06:22:50Z,2139,314,992,20724,0.875,,,rising,,2026-05-27T11:26:10Z
46787,5000,tiktok,ext_tiktok_00002247,"Thought Gigabit Fiber Install demand would level off, but FiberPath Broadband is still seeing urgent requests",2026-05-23T00:10:58Z,49567,14150,6565,720025,0.286,,,viral,,2026-05-27T11:26:10Z
46788,4955,tiktok,ext_tiktok_00002248,Enterprise care teams are coordinating SLA-impact cases across regional service teams today,2026-05-18T09:03:13Z,914,97,48,12639,-0.238,,,normal,,2026-05-27T11:26:10Z
46789,4915,tiktok,ext_tiktok_00002249,Added SIM Replacement Starter Kit to the high-priority service assurance path. Thank you MetroSupply Devices for closing the gap,2026-05-22T08:23:22Z,5976,962,556,62707,0.421,,,rising,,2026-05-27T11:26:10Z
46790,4630,threads,ext_threads_00002250,Subscribers are asking about 5G Unlimited Mobile Plan through SignalBridge Mobile; upgrade and activation demand is rising,2026-05-24T02:53:13Z,5162,1484,619,35615,0.919,,,rising,,2026-05-27T11:26:10Z
46791,4647,tiktok,ext_tiktok_00002251,Network operations is flagging Field Technician Evaluation from OrbitMotion IoT as a capacity bottleneck this week,2026-05-11T01:52:09Z,197,56,42,13464,0.267,,,normal,,2026-05-27T11:26:10Z
46792,4861,twitter,ext_twitter_00002252,Small businesses need earlier visibility into field technician appointment availability,2026-05-08T19:11:49Z,604,3,37,12960,0.404,,,normal,,2026-05-27T11:26:10Z
46793,4960,tiktok,ext_tiktok_00002253,Network monitoring alerts are helping the team catch congestion before call volume spikes,2026-05-26T19:55:47Z,3146,932,866,167325,0.02,,,rising,,2026-05-27T11:26:10Z
46794,4672,tiktok,ext_tiktok_00002254,Coverage gaps are delaying service assurance for several subscriber groups,2026-05-18T12:08:42Z,660,18,36,7506,0.091,,,normal,,2026-05-27T11:26:10Z
46795,4768,twitter,ext_twitter_00002255,"Two-week review of OrbitMotion IoT Field Technician Evaluation: strong subscriber response, but capacity planning matters",2026-05-02T18:19:18Z,27,91,26,17784,0.437,,,normal,,2026-05-27T11:26:10Z
46796,4554,youtube,ext_youtube_00002256,Families keep asking where to find Field Technician Evaluation. OrbitMotion IoT is showing up in every upgrade thread,2026-05-23T03:50:53Z,652,45,19,14018,0.693,,,normal,,2026-05-27T11:26:10Z
46797,4624,youtube,ext_youtube_00002257,NOC huddle: prioritize WellNest Family Plans Family Data Share Plan installs before the weekend streaming surge,2026-05-26T02:41:32Z,483,83,26,19102,0.429,,,normal,,2026-05-27T11:26:10Z
46798,4616,instagram,ext_instagram_00002258,Billing and usage signals are surfacing new need for 5G Unlimited Mobile Plan from SignalBridge Mobile,2026-05-13T21:48:23Z,997,13,9,6229,0.551,,,normal,,2026-05-27T11:26:10Z
46799,4956,twitter,ext_twitter_00002259,Roaming bill questions are creating new handoffs to billing and retention teams,2026-05-25T16:08:25Z,212064,59848,5171,2876183,-0.063,,,mega_viral,,2026-05-27T11:26:10Z
46800,4958,threads,ext_threads_00002260,Subscribers are asking for clearer instructions after fiber installation and faster follow-up windows,2026-05-11T01:20:51Z,559,14,17,2427,0.704,,,normal,,2026-05-27T11:26:10Z
46801,4689,youtube,ext_youtube_00002261,Recommended MetroSupply Devices 5G Mobile Hotspot Kit to an account manager today because churn risk is the issue,2026-05-26T12:28:08Z,9837,457,874,87367,0.615,,,rising,,2026-05-27T11:26:10Z
46802,4674,youtube,ext_youtube_00002262,"Thought 5G Unlimited Mobile Plan demand would level off, but SignalBridge Mobile is still seeing urgent requests",2026-05-10T02:59:34Z,411,49,47,17607,0.705,,,normal,,2026-05-27T11:26:10Z
46803,4870,tiktok,ext_tiktok_00002263,Morning capacity review featuring Small Business Fiber SLA. FiberPath Broadband needs pre-positioned technician capacity,2026-05-08T03:19:47Z,27983,6888,3495,719942,0.655,,,viral,,2026-05-27T11:26:10Z
46804,4734,youtube,ext_youtube_00002264,Added IoT Sensor Gateway Kit to the high-priority service assurance path. Thank you OrbitMotion IoT for closing the gap,2026-05-13T02:35:08Z,3328,1885,696,90188,0.913,,,rising,,2026-05-27T11:26:10Z
46805,4829,instagram,ext_instagram_00002265,Subscribers are asking about IoT Sensor Gateway Kit through OrbitMotion IoT; upgrade and activation demand is rising,2026-05-22T12:18:18Z,23749,11437,7474,378840,0.493,,,viral,,2026-05-27T11:26:10Z
46806,4654,youtube,ext_youtube_00002266,Network operations is flagging Field Technician Evaluation from OrbitMotion IoT as a capacity bottleneck this week,2026-05-16T10:21:04Z,842,5,18,11616,0.287,,,normal,,2026-05-27T11:26:10Z
46807,4574,youtube,ext_youtube_00002267,Coverage update: Field Technician Evaluation capacity at OrbitMotion IoT is getting tight after a spike in service orders,2026-05-23T13:37:16Z,5313,1001,648,81672,0.25,,,rising,,2026-05-27T11:26:10Z
46808,5013,threads,ext_threads_00002268,Enterprise care teams are coordinating SLA-impact cases across regional service teams today,2026-05-23T11:12:34Z,702,28,24,8651,0.376,,,normal,,2026-05-27T11:26:10Z
46809,4828,threads,ext_threads_00002269,Roaming bill questions are creating new handoffs to billing and retention teams,2026-05-05T09:51:15Z,875,9,23,3155,0.885,,,normal,,2026-05-27T11:26:10Z
46810,4767,tiktok,ext_tiktok_00002270,Subscribers are asking for clearer instructions after fiber installation and faster follow-up windows,2026-05-25T16:27:32Z,814,5,46,1933,-0.277,,,normal,,2026-05-27T11:26:10Z
46811,5028,threads,ext_threads_00002271,Outage follow-up is the top request in our subscriber forum this week,2026-05-27T09:38:40Z,548,68,11,8756,0.61,,,normal,,2026-05-27T11:26:10Z
46812,4671,instagram,ext_instagram_00002272,NOC huddle: prioritize OrbitMotion IoT Fleet Telematics SIM Pack installs before the weekend streaming surge,2026-05-26T08:58:34Z,724,65,37,7991,0.852,,,normal,,2026-05-27T11:26:10Z
46813,4683,twitter,ext_twitter_00002273,Billing and usage signals are surfacing new need for Edge Compute Reservation from EnterpriseEdge Services,2026-05-19T18:08:17Z,90865,47683,13519,1008326,0.43,,,mega_viral,,2026-05-27T11:26:10Z
46814,4800,tiktok,ext_tiktok_00002274,"If your subscribers need Fixed Wireless Home Internet, check HomeConnect Fixed Wireless availability early; appointment slots are moving fast",2026-05-26T04:25:05Z,298,73,27,4328,0.206,,,normal,,2026-05-27T11:26:10Z
46815,4544,youtube,ext_youtube_00002275,Day 30 with the 5G Unlimited Mobile Plan workflow and the field team says SignalBridge Mobile reduced manual follow-up,2026-05-13T06:47:42Z,818,26,25,3433,0.247,,,normal,,2026-05-27T11:26:10Z
46816,4600,threads,ext_threads_00002276,Recommended PulsePoint 5G Device Upgrade Enrollment to an account manager today because churn risk is the issue,2026-05-21T05:40:35Z,751,97,48,9110,0.384,,,normal,,2026-05-27T11:26:10Z
46817,4882,youtube,ext_youtube_00002277,"Thought Customer Retention Intake demand would level off, but ClearMind Customer Care is still seeing urgent requests",2026-05-27T08:35:55Z,9050,1974,226,74698,0.908,,,rising,,2026-05-27T11:26:10Z
46818,4674,youtube,ext_youtube_00002278,Morning capacity review featuring Fleet Telematics SIM Pack. OrbitMotion IoT needs pre-positioned technician capacity,2026-05-26T18:02:52Z,21863,12209,4744,618010,0.427,,,viral,,2026-05-27T11:26:10Z
46819,4769,youtube,ext_youtube_00002279,Roaming bill questions are creating new handoffs to billing and retention teams,2026-05-07T17:51:09Z,523,93,15,14883,-0.221,,,normal,,2026-05-27T11:26:10Z
46820,4812,youtube,ext_youtube_00002280,Subscribers are asking about Churn Risk Save Offer through WaveFirst Mobile; upgrade and activation demand is rising,2026-05-25T20:55:45Z,10500,10925,3092,610935,0.553,,,viral,,2026-05-27T11:26:10Z
46821,4778,twitter,ext_twitter_00002281,Outage follow-up is the top request in our subscriber forum this week,2026-05-25T05:37:37Z,2853,1329,668,148238,0.556,,,rising,,2026-05-27T11:26:10Z
46822,4901,twitter,ext_twitter_00002282,Coverage update: Fiber Repair Appointment capacity at FiberPath Broadband is getting tight after a spike in service orders,2026-05-16T05:40:47Z,13342,2536,1649,559922,0.91,,,viral,,2026-05-27T11:26:10Z
46823,5049,tiktok,ext_tiktok_00002283,Subscriber experience note - OrbitMotion IoT Fleet Telematics SIM Pack is the service everyone is trying to schedule right now,2026-05-24T15:32:39Z,136,33,20,13739,0.205,,,normal,,2026-05-27T11:26:10Z
46824,4726,instagram,ext_instagram_00002284,Coverage gaps are delaying service assurance for several subscriber groups,2026-05-27T11:18:36Z,697,79,45,11956,-0.239,,,normal,,2026-05-27T11:26:10Z
46825,4955,tiktok,ext_tiktok_00002285,"Two-week review of SignalBridge Mobile Number Port-In Activation: strong subscriber response, but capacity planning matters",2026-05-10T23:14:19Z,205,74,6,259,0.409,,,normal,,2026-05-27T11:26:10Z
46826,4589,youtube,ext_youtube_00002286,Families keep asking where to find Fleet Telematics SIM Pack. OrbitMotion IoT is showing up in every upgrade thread,2026-05-11T21:40:32Z,200,45,10,12359,0.763,,,normal,,2026-05-27T11:26:10Z
46827,4722,tiktok,ext_tiktok_00002287,NOC huddle: prioritize WaveFirst Mobile Churn Risk Save Offer installs before the weekend streaming surge,2026-05-26T21:46:29Z,556,78,34,19332,0.204,,,normal,,2026-05-27T11:26:10Z
46828,4692,tiktok,ext_tiktok_00002288,Billing and usage signals are surfacing new need for Fiber Appointment Scheduling from RoamFlow Mobility,2026-05-25T10:12:42Z,33101,13786,4198,969662,0.465,,,viral,,2026-05-27T11:26:10Z
46829,4726,instagram,ext_instagram_00002289,"If your subscribers need IoT Sensor Gateway Kit, check OrbitMotion IoT availability early; appointment slots are moving fast",2026-05-27T08:40:48Z,307,92,37,5061,0.891,,,normal,,2026-05-27T11:26:10Z
46830,4892,youtube,ext_youtube_00002290,Day 30 with the Gigabit Fiber Install workflow and the field team says FiberPath Broadband reduced manual follow-up,2026-05-17T05:11:31Z,884,57,22,12723,0.308,,,normal,,2026-05-27T11:26:10Z
46831,4997,youtube,ext_youtube_00002291,Recommended RoamFlow Mobility Roaming Cost Coaching to an account manager today because churn risk is the issue,2026-05-12T06:02:11Z,259,87,8,18818,0.644,,,normal,,2026-05-27T11:26:10Z
46832,4855,tiktok,ext_tiktok_00002292,Small businesses need earlier visibility into field technician appointment availability,2026-05-23T07:57:04Z,32,7,10,16640,-0.25,,,normal,,2026-05-27T11:26:10Z
46833,4895,tiktok,ext_tiktok_00002293,Morning capacity review featuring Roaming Cost Coaching. RoamFlow Mobility needs pre-positioned technician capacity,2026-05-09T06:25:25Z,155,91,27,5487,0.45,,,normal,,2026-05-27T11:26:10Z
46834,4664,youtube,ext_youtube_00002294,Added Customer Retention Intake to the high-priority service assurance path. Thank you ClearMind Customer Care for closing the gap,2026-05-27T00:03:02Z,174,89,31,13950,0.511,,,normal,,2026-05-27T11:26:10Z
46835,4728,twitter,ext_twitter_00002295,Subscribers are asking about Gigabit Fiber Install through FiberPath Broadband; upgrade and activation demand is rising,2026-05-12T02:03:40Z,23,96,15,2744,0.205,,,normal,,2026-05-27T11:26:10Z
46836,4755,threads,ext_threads_00002296,Network operations is flagging IoT Sensor Gateway Kit from OrbitMotion IoT as a capacity bottleneck this week,2026-05-22T15:43:59Z,505,59,4,17860,0.296,,,normal,,2026-05-27T11:26:10Z
46837,5023,threads,ext_threads_00002297,Connected life teams need better outreach after recent storm-related service events,2026-05-21T00:19:35Z,6768,573,601,172355,-0.082,,,rising,,2026-05-27T11:26:10Z
46838,4934,instagram,ext_instagram_00002298,Enterprise care teams are coordinating SLA-impact cases across regional service teams today,2026-05-19T07:30:37Z,905,56,24,15178,0.747,,,normal,,2026-05-27T11:26:10Z
46839,4626,instagram,ext_instagram_00002299,Roaming bill questions are creating new handoffs to billing and retention teams,2026-05-23T15:38:51Z,231,67,15,7929,-0.192,,,normal,,2026-05-27T11:26:10Z
46840,4794,instagram,ext_instagram_00002300,Subscribers are asking for clearer instructions after fiber installation and faster follow-up windows,2026-05-25T17:55:40Z,626,64,26,3465,0.011,,,normal,,2026-05-27T11:26:10Z
46841,4761,instagram,ext_instagram_00002301,Outage follow-up is the top request in our subscriber forum this week,2026-05-01T15:59:30Z,13,44,28,18834,0.399,,,normal,,2026-05-27T11:26:10Z
46842,4576,instagram,ext_instagram_00002302,Small businesses need earlier visibility into field technician appointment availability,2026-05-26T11:53:08Z,4050,1961,860,120353,0.316,,,rising,,2026-05-27T11:26:10Z
46843,4859,instagram,ext_instagram_00002303,Billing and usage signals are surfacing new need for Fraud Resolution Case from ClearMind Customer Care,2026-05-11T18:51:26Z,9362,1867,933,41247,0.409,,,rising,,2026-05-27T11:26:10Z
46844,5003,threads,ext_threads_00002304,"If your subscribers need Family Data Share Plan, check WellNest Family Plans availability early; appointment slots are moving fast",2026-05-13T07:01:00Z,44710,5731,1342,658264,0.896,,,viral,,2026-05-27T11:26:10Z
46845,4874,instagram,ext_instagram_00002305,Device-support channels are seeing increased activation demand after a handset launch,2026-05-13T04:02:57Z,5218,1745,399,81550,-0.268,,,rising,,2026-05-27T11:26:10Z
46846,4814,instagram,ext_instagram_00002306,Recommended EnterpriseEdge Services Edge Compute Reservation to an account manager today because churn risk is the issue,2026-05-23T10:26:30Z,612,85,17,5255,0.424,,,normal,,2026-05-27T11:26:10Z
46847,4928,threads,ext_threads_00002307,"Thought Device Upgrade Enrollment demand would level off, but PulsePoint 5G is still seeing urgent requests",2026-05-27T10:36:29Z,938,7,4,138,0.344,,,normal,,2026-05-27T11:26:10Z
46848,4694,youtube,ext_youtube_00002308,Morning capacity review featuring Churn Risk Save Offer. WaveFirst Mobile needs pre-positioned technician capacity,2026-05-06T10:36:45Z,223,84,41,10033,0.564,,,normal,,2026-05-27T11:26:10Z
46849,4731,instagram,ext_instagram_00002309,Added Number Port-In Activation to the high-priority service assurance path. Thank you SignalBridge Mobile for closing the gap,2026-05-09T12:09:05Z,46333,3350,4575,404595,0.572,,,viral,,2026-05-27T11:26:10Z
46850,5055,twitter,ext_twitter_00002310,Subscribers are asking about Fraud Resolution Case through ClearMind Customer Care; upgrade and activation demand is rising,2026-05-25T20:23:03Z,598,55,14,13683,0.494,,,normal,,2026-05-27T11:26:10Z
46851,4655,threads,ext_threads_00002311,Outage follow-up is the top request in our subscriber forum this week,2026-05-04T21:02:24Z,1180,442,416,90629,0.332,,,rising,,2026-05-27T11:26:10Z
46852,4907,youtube,ext_youtube_00002312,Small businesses need earlier visibility into field technician appointment availability,2026-05-16T22:56:07Z,2691,904,383,62517,-0.082,,,rising,,2026-05-27T11:26:10Z
46853,4884,instagram,ext_instagram_00002313,Network monitoring alerts are helping the team catch congestion before call volume spikes,2026-05-21T01:13:55Z,261,87,45,2694,0.06,,,normal,,2026-05-27T11:26:10Z
46854,5015,tiktok,ext_tiktok_00002314,Outage follow-up: demand for Fiber Repair Appointment is up and FiberPath Broadband needs more field slots,2026-05-23T16:35:51Z,581,39,6,11574,0.739,,,normal,,2026-05-27T11:26:10Z
46855,5026,twitter,ext_twitter_00002315,Device-support channels are seeing increased activation demand after a handset launch,2026-05-25T17:20:26Z,127,69,37,15858,-0.072,,,normal,,2026-05-27T11:26:10Z
46856,4696,instagram,ext_instagram_00002316,Families keep asking for better Wi-Fi performance before evening streaming starts,2026-05-27T09:27:55Z,603,66,25,11296,-0.058,,,normal,,2026-05-27T11:26:10Z
46857,4661,instagram,ext_instagram_00002317,NOC huddle: prioritize ClearMind Customer Care Customer Retention Intake installs before the weekend streaming surge,2026-05-22T02:27:18Z,392,87,49,3285,0.453,,,normal,,2026-05-27T11:26:10Z
46858,5055,twitter,ext_twitter_00002318,Billing and usage signals are surfacing new need for 5G Mobile Hotspot Kit from MetroSupply Devices,2026-05-16T20:17:19Z,228,41,10,16436,0.884,,,normal,,2026-05-27T11:26:10Z
46859,4878,threads,ext_threads_00002319,"If your subscribers need Family Data Share Plan, check WellNest Family Plans availability early; appointment slots are moving fast",2026-05-27T07:39:59Z,606,82,0,1393,0.262,,,normal,,2026-05-27T11:26:10Z
46860,4781,instagram,ext_instagram_00002320,Day 30 with the Field Technician Evaluation workflow and the field team says OrbitMotion IoT reduced manual follow-up,2026-05-10T10:12:21Z,910,67,44,13321,0.899,,,normal,,2026-05-27T11:26:10Z
46861,4990,tiktok,ext_tiktok_00002321,Recommended WellNest Family Plans Network Congestion Plan Review to an account manager today because churn risk is the issue,2026-05-24T03:27:43Z,9104,1532,161,59115,0.434,,,rising,,2026-05-27T11:26:10Z
46862,4730,threads,ext_threads_00002322,"Thought Gigabit Fiber Install demand would level off, but FiberPath Broadband is still seeing urgent requests",2026-05-23T17:34:34Z,110,85,1,12312,0.752,,,normal,,2026-05-27T11:26:10Z
46863,4704,youtube,ext_youtube_00002323,Morning capacity review featuring Student Mobile Plan. WellNest Family Plans needs pre-positioned technician capacity,2026-05-12T06:06:13Z,7956,1607,829,73219,0.223,,,rising,,2026-05-27T11:26:10Z
46864,5010,tiktok,ext_tiktok_00002324,Added IoT Sensor Gateway Kit to the high-priority service assurance path. Thank you OrbitMotion IoT for closing the gap,2026-05-24T16:38:33Z,810,9,25,19711,0.572,,,normal,,2026-05-27T11:26:10Z
46865,4809,instagram,ext_instagram_00002325,Subscribers are asking about Outage Follow-Up Call through ClearMind Customer Care; upgrade and activation demand is rising,2026-05-27T07:46:50Z,477,99,42,7853,0.548,,,normal,,2026-05-27T11:26:10Z
46866,4912,youtube,ext_youtube_00002326,Network operations is flagging Edge Compute Reservation from EnterpriseEdge Services as a capacity bottleneck this week,2026-05-27T10:18:52Z,304,92,37,14459,0.712,,,normal,,2026-05-27T11:26:10Z
46867,4956,twitter,ext_twitter_00002327,Coverage update: Connected Device Monitoring Onboarding capacity at MetroSupply Devices is getting tight after a spike in service orders,2026-05-10T13:07:35Z,523,1,35,5832,0.219,,,normal,,2026-05-27T11:26:10Z
46868,4646,instagram,ext_instagram_00002328,Enterprise care teams are coordinating SLA-impact cases across regional service teams today,2026-05-27T09:14:45Z,9886,1234,333,106194,-0.069,,,rising,,2026-05-27T11:26:10Z
46869,4826,twitter,ext_twitter_00002329,Outage follow-up: demand for Enterprise Account Navigation is up and EnterpriseEdge Services needs more field slots,2026-05-03T08:24:08Z,4524,642,108,177788,0.843,,,rising,,2026-05-27T11:26:10Z
46870,4765,threads,ext_threads_00002330,Subscribers are asking for clearer instructions after fiber installation and faster follow-up windows,2026-05-11T00:30:14Z,604,91,47,10644,0.81,,,normal,,2026-05-27T11:26:10Z
46871,4791,twitter,ext_twitter_00002331,Families keep asking where to find 5G Unlimited Mobile Plan. SignalBridge Mobile is showing up in every upgrade thread,2026-05-06T01:49:01Z,2995,1571,875,90291,0.215,,,rising,,2026-05-27T11:26:10Z
46872,4744,youtube,ext_youtube_00002332,NOC huddle: prioritize SignalBridge Mobile Premium International Roaming Pass installs before the weekend streaming surge,2026-05-15T17:07:14Z,2956,1893,153,93628,0.475,,,rising,,2026-05-27T11:26:10Z
46873,4701,instagram,ext_instagram_00002333,Billing and usage signals are surfacing new need for Home Wi-Fi Mesh Kit from PulsePoint 5G,2026-05-27T02:10:48Z,128,68,3,15373,0.445,,,normal,,2026-05-27T11:26:10Z
46874,4900,tiktok,ext_tiktok_00002334,"If your subscribers need New Line Activation, check WaveFirst Mobile availability early; appointment slots are moving fast",2026-04-30T17:42:48Z,89,48,17,3150,0.872,,,normal,,2026-05-27T11:26:10Z
46875,5021,twitter,ext_twitter_00002335,Device-support channels are seeing increased activation demand after a handset launch,2026-05-27T11:24:20Z,76,42,43,10699,-0.206,,,normal,,2026-05-27T11:26:10Z
46876,4904,instagram,ext_instagram_00002336,Recommended MetroSupply Devices 5G Mobile Hotspot Kit to an account manager today because churn risk is the issue,2026-05-17T13:39:58Z,689,29,0,11841,0.817,,,normal,,2026-05-27T11:26:10Z
46877,4759,youtube,ext_youtube_00002337,"Thought Home Wi-Fi Mesh Kit demand would level off, but PulsePoint 5G is still seeing urgent requests",2026-05-27T02:58:53Z,615,18,43,6178,0.624,,,normal,,2026-05-27T11:26:10Z
46878,4633,twitter,ext_twitter_00002338,Enterprise care teams are coordinating SLA-impact cases across regional service teams today,2026-05-18T12:08:31Z,660,41,44,737,0.801,,,normal,,2026-05-27T11:26:10Z
46879,4966,twitter,ext_twitter_00002339,Added Connected Device Monitoring Onboarding to the high-priority service assurance path. Thank you MetroSupply Devices for closing the gap,2026-05-27T10:07:39Z,653,8,30,5479,0.7,,,normal,,2026-05-27T11:26:10Z
46880,5009,instagram,ext_instagram_00002340,Subscribers are asking for clearer instructions after fiber installation and faster follow-up windows,2026-05-08T06:14:29Z,768,56,49,12645,0.151,,,normal,,2026-05-27T11:26:10Z
46881,5004,instagram,ext_instagram_00002341,Outage follow-up is the top request in our subscriber forum this week,2026-05-26T07:00:40Z,409,66,18,6253,-0.194,,,normal,,2026-05-27T11:26:10Z
46882,4625,threads,ext_threads_00002342,Coverage update: Fiber Appointment Scheduling capacity at RoamFlow Mobility is getting tight after a spike in service orders,2026-05-26T01:50:40Z,389,29,14,19075,0.912,,,normal,,2026-05-27T11:26:10Z
46883,4702,tiktok,ext_tiktok_00002343,Network monitoring alerts are helping the team catch congestion before call volume spikes,2026-05-22T00:43:41Z,9256,1114,833,61256,0.81,,,rising,,2026-05-27T11:26:10Z
46884,4611,instagram,ext_instagram_00002344,Outage follow-up: demand for Gigabit Fiber Install is up and FiberPath Broadband needs more field slots,2026-05-03T16:49:15Z,8852,1840,472,103958,0.429,,,rising,,2026-05-27T11:26:10Z
46885,4954,instagram,ext_instagram_00002345,"Two-week review of HomeConnect Fixed Wireless Fixed Wireless Home Internet: strong subscriber response, but capacity planning matters",2026-05-22T05:08:12Z,7188,603,967,64120,0.758,,,rising,,2026-05-27T11:26:10Z
46886,4672,tiktok,ext_tiktok_00002346,Families keep asking where to find Fixed Wireless Home Internet. HomeConnect Fixed Wireless is showing up in every upgrade thread,2026-05-12T14:30:05Z,15612,8252,1681,536989,0.37,,,viral,,2026-05-27T11:26:10Z
46887,4912,youtube,ext_youtube_00002347,Connected life teams need better outreach after recent storm-related service events,2026-05-22T01:22:41Z,17,69,16,2055,0.734,,,normal,,2026-05-27T11:26:10Z
46888,4986,twitter,ext_twitter_00002348,Billing and usage signals are surfacing new need for Fiber Appointment Scheduling from RoamFlow Mobility,2026-05-27T11:07:46Z,673,88,10,8850,0.587,,,normal,,2026-05-27T11:26:10Z
46889,4580,threads,ext_threads_00002349,"If your subscribers need Smart Home Connectivity Assessment, check HomeConnect Fixed Wireless availability early; appointment slots are moving fast",2026-05-26T13:31:40Z,22,42,40,10406,0.774,,,normal,,2026-05-27T11:26:10Z
46890,4712,tiktok,ext_tiktok_00002350,Day 30 with the 5G Mobile Hotspot Kit workflow and the field team says MetroSupply Devices reduced manual follow-up,2026-05-27T07:56:22Z,484,3,49,5642,0.815,,,normal,,2026-05-27T11:26:10Z
46891,5002,youtube,ext_youtube_00002351,Recommended OrbitMotion IoT IoT Sensor Gateway Kit to an account manager today because churn risk is the issue,2026-05-12T20:17:20Z,6707,765,891,140621,0.834,,,rising,,2026-05-27T11:26:10Z
46892,4950,tiktok,ext_tiktok_00002352,"Thought SIM Replacement Starter Kit demand would level off, but MetroSupply Devices is still seeing urgent requests",2026-05-21T02:27:31Z,384,92,4,7952,0.793,,,normal,,2026-05-27T11:26:10Z
46893,4874,instagram,ext_instagram_00002353,Morning capacity review featuring Customer Retention Intake. ClearMind Customer Care needs pre-positioned technician capacity,2026-05-08T20:25:45Z,437,78,26,6492,0.316,,,normal,,2026-05-27T11:26:10Z
46894,4905,tiktok,ext_tiktok_00002354,Added 5G Unlimited Mobile Plan to the high-priority service assurance path. Thank you SignalBridge Mobile for closing the gap,2026-05-01T00:27:13Z,231,1,47,6971,0.329,,,normal,,2026-05-27T11:26:10Z
46895,4704,youtube,ext_youtube_00002355,Subscribers are asking about New Line Activation through WaveFirst Mobile; upgrade and activation demand is rising,2026-05-05T18:42:28Z,94,92,24,9511,0.749,,,normal,,2026-05-27T11:26:10Z
46896,5041,youtube,ext_youtube_00002356,Network operations is flagging 5G Unlimited Mobile Plan from SignalBridge Mobile as a capacity bottleneck this week,2026-05-08T07:14:30Z,511,74,16,1255,0.67,,,normal,,2026-05-27T11:26:10Z
46897,4823,threads,ext_threads_00002357,Coverage update: Family Connectivity Support Session capacity at SilverLine Connected Life is getting tight after a spike in service orders,2026-05-07T05:45:15Z,368,13,10,1329,0.436,,,normal,,2026-05-27T11:26:10Z
46898,4780,threads,ext_threads_00002358,Enterprise care teams are coordinating SLA-impact cases across regional service teams today,2026-05-09T19:44:22Z,89,87,19,11650,0.483,,,normal,,2026-05-27T11:26:10Z
46899,4869,instagram,ext_instagram_00002359,Outage follow-up: demand for Fixed Wireless Home Internet is up and HomeConnect Fixed Wireless needs more field slots,2026-05-10T17:19:13Z,898,20,18,17957,0.781,,,normal,,2026-05-27T11:26:10Z
46900,4704,youtube,ext_youtube_00002360,"Two-week review of MetroSupply Devices 5G Mobile Hotspot Kit: strong subscriber response, but capacity planning matters",2026-05-24T11:46:06Z,476,14,41,17454,0.699,,,normal,,2026-05-27T11:26:10Z
46901,4688,twitter,ext_twitter_00002361,Families keep asking where to find Gigabit Fiber Install. FiberPath Broadband is showing up in every upgrade thread,2026-05-27T11:18:05Z,507,33,19,8056,0.604,,,normal,,2026-05-27T11:26:10Z
46902,4969,instagram,ext_instagram_00002362,NOC huddle: prioritize PulsePoint 5G 5G Business Consultation installs before the weekend streaming surge,2026-05-15T00:09:12Z,2252,1262,735,186421,0.73,,,rising,,2026-05-27T11:26:10Z
46903,4918,threads,ext_threads_00002363,Billing and usage signals are surfacing new need for Fixed Wireless Home Internet from HomeConnect Fixed Wireless,2026-05-15T05:07:13Z,3746,417,900,53301,0.499,,,rising,,2026-05-27T11:26:10Z
46904,4698,twitter,ext_twitter_00002364,"If your subscribers need Connected Device Monitoring Onboarding, check MetroSupply Devices availability early; appointment slots are moving fast",2026-05-04T04:51:31Z,332438,91430,20093,6747380,0.214,,,mega_viral,,2026-05-27T11:26:10Z
46905,4955,tiktok,ext_tiktok_00002365,Day 30 with the Senior Connected Life Plan workflow and the field team says SilverLine Connected Life reduced manual follow-up,2026-05-26T11:54:14Z,802,91,12,214,0.686,,,normal,,2026-05-27T11:26:10Z
46906,4904,instagram,ext_instagram_00002366,Families keep asking for better Wi-Fi performance before evening streaming starts,2026-05-02T02:28:29Z,4558,466,488,39801,0.537,,,rising,,2026-05-27T11:26:10Z
46907,4590,threads,ext_threads_00002367,Connected life teams need better outreach after recent storm-related service events,2026-05-07T02:11:33Z,877,42,36,13511,0.65,,,normal,,2026-05-27T11:26:10Z
46908,4890,tiktok,ext_tiktok_00002368,Morning capacity review featuring SIM Replacement Starter Kit. MetroSupply Devices needs pre-positioned technician capacity,2026-05-25T08:06:44Z,420,25,47,12326,0.866,,,normal,,2026-05-27T11:26:10Z
46909,4660,threads,ext_threads_00002369,Roaming bill questions are creating new handoffs to billing and retention teams,2026-05-07T09:35:47Z,472,71,31,8457,0.064,,,normal,,2026-05-27T11:26:10Z
46910,4763,twitter,ext_twitter_00002370,Subscribers are asking for clearer instructions after fiber installation and faster follow-up windows,2026-05-23T22:29:57Z,715,69,26,16135,0.461,,,normal,,2026-05-27T11:26:10Z
46911,5023,threads,ext_threads_00002371,Network operations is flagging Enterprise Account Navigation from EnterpriseEdge Services as a capacity bottleneck this week,2026-05-18T10:05:27Z,4553,718,245,194387,0.233,,,rising,,2026-05-27T11:26:10Z
46912,5017,youtube,ext_youtube_00002372,Coverage update: Gigabit Fiber Install capacity at FiberPath Broadband is getting tight after a spike in service orders,2026-05-27T09:07:55Z,710,79,24,4861,0.736,,,normal,,2026-05-27T11:26:10Z
46913,4947,youtube,ext_youtube_00002373,Network monitoring alerts are helping the team catch congestion before call volume spikes,2026-05-10T08:50:44Z,788,73,43,1116,-0.274,,,normal,,2026-05-27T11:26:10Z
46914,4628,twitter,ext_twitter_00002374,Outage follow-up: demand for Senior Connected Life Plan is up and SilverLine Connected Life needs more field slots,2026-05-24T06:59:08Z,4207,1684,131,31418,0.464,,,rising,,2026-05-27T11:26:10Z
46915,4726,instagram,ext_instagram_00002375,"Two-week review of PulsePoint 5G Home Wi-Fi Mesh Kit: strong subscriber response, but capacity planning matters",2026-05-27T09:09:56Z,5125,585,908,151492,0.511,,,rising,,2026-05-27T11:26:10Z
46916,4580,threads,ext_threads_00002376,Families keep asking for better Wi-Fi performance before evening streaming starts,2026-04-30T02:39:34Z,346,81,25,9559,0.568,,,normal,,2026-05-27T11:26:10Z
46917,4859,instagram,ext_instagram_00002377,Connected life teams need better outreach after recent storm-related service events,2026-05-26T20:28:01Z,9110,1887,868,50164,0.667,,,rising,,2026-05-27T11:26:10Z
46918,4871,twitter,ext_twitter_00002378,Billing and usage signals are surfacing new need for 5G Business Consultation from PulsePoint 5G,2026-05-15T10:55:27Z,820,6,21,2239,0.242,,,normal,,2026-05-27T11:26:10Z
46919,4628,twitter,ext_twitter_00002379,Roaming bill questions are creating new handoffs to billing and retention teams,2026-05-22T07:50:22Z,841,92,34,1583,0.752,,,normal,,2026-05-27T11:26:10Z
46920,4628,twitter,ext_twitter_00002380,Day 30 with the Home Wi-Fi Mesh Kit workflow and the field team says PulsePoint 5G reduced manual follow-up,2026-05-22T19:48:16Z,7100,692,422,110662,0.829,,,rising,,2026-05-27T11:26:10Z
46921,4573,twitter,ext_twitter_00002381,Outage follow-up is the top request in our subscriber forum this week,2026-05-26T19:12:49Z,394,13,7,4450,0.862,,,normal,,2026-05-27T11:26:10Z
46922,4662,tiktok,ext_tiktok_00002382,"Thought 5G Business Consultation demand would level off, but PulsePoint 5G is still seeing urgent requests",2026-05-09T14:11:05Z,30691,5139,4857,246085,0.647,,,viral,,2026-05-27T11:26:10Z
46923,4812,youtube,ext_youtube_00002383,Morning capacity review featuring Roaming Cost Coaching. RoamFlow Mobility needs pre-positioned technician capacity,2026-05-11T21:09:18Z,610,53,40,13436,0.885,,,normal,,2026-05-27T11:26:10Z
46924,4923,threads,ext_threads_00002384,Added Enterprise Account Navigation to the high-priority service assurance path. Thank you EnterpriseEdge Services for closing the gap,2026-05-01T21:23:33Z,774,8,6,11318,0.512,,,normal,,2026-05-27T11:26:10Z
46925,4760,threads,ext_threads_00002385,Device-support channels are seeing increased activation demand after a handset launch,2026-05-22T13:39:44Z,306,88,42,17224,-0.104,,,normal,,2026-05-27T11:26:10Z
46926,4814,instagram,ext_instagram_00002386,Network operations is flagging Fleet Telematics SIM Pack from OrbitMotion IoT as a capacity bottleneck this week,2026-05-10T11:20:17Z,543,42,12,13891,0.85,,,normal,,2026-05-27T11:26:10Z
46927,4561,instagram,ext_instagram_00002387,Coverage update: Senior Connected Life Plan capacity at SilverLine Connected Life is getting tight after a spike in service orders,2026-05-12T00:42:31Z,196,43,34,15590,0.937,,,normal,,2026-05-27T11:26:10Z
46928,5001,twitter,ext_twitter_00002388,Subscriber experience note - SilverLine Connected Life Senior Connected Life Plan is the service everyone is trying to schedule right now,2026-05-14T15:13:22Z,214,25,9,222,0.78,,,normal,,2026-05-27T11:26:10Z
46929,4994,instagram,ext_instagram_00002389,Outage follow-up: demand for 5G Unlimited Mobile Plan is up and SignalBridge Mobile needs more field slots,2026-05-20T21:54:14Z,4756,1510,215,163967,0.826,,,rising,,2026-05-27T11:26:10Z
46930,4566,instagram,ext_instagram_00002390,"Two-week review of PulsePoint 5G Home Wi-Fi Mesh Kit: strong subscriber response, but capacity planning matters",2026-05-25T09:10:16Z,892,29,36,11637,0.381,,,normal,,2026-05-27T11:26:10Z
46931,4700,threads,ext_threads_00002391,Families keep asking where to find Family Data Share Plan. WellNest Family Plans is showing up in every upgrade thread,2026-05-19T02:31:02Z,239,59,28,9431,0.392,,,normal,,2026-05-27T11:26:10Z
46932,4710,threads,ext_threads_00002392,Small businesses need earlier visibility into field technician appointment availability,2026-05-26T01:43:00Z,716,33,12,11363,0.099,,,normal,,2026-05-27T11:26:10Z
46933,4777,tiktok,ext_tiktok_00002393,Billing and usage signals are surfacing new need for Network Congestion Plan Review from WellNest Family Plans,2026-05-26T00:12:47Z,523,83,19,11124,0.82,,,normal,,2026-05-27T11:26:10Z
46934,4758,twitter,ext_twitter_00002394,"If your subscribers need New Line Activation, check WaveFirst Mobile availability early; appointment slots are moving fast",2026-05-01T09:43:03Z,6790,697,534,198429,0.906,,,rising,,2026-05-27T11:26:10Z
46935,4692,tiktok,ext_tiktok_00002395,Day 30 with the Device Upgrade Enrollment workflow and the field team says PulsePoint 5G reduced manual follow-up,2026-05-04T13:38:20Z,138,64,49,12482,0.206,,,normal,,2026-05-27T11:26:10Z
46936,4870,tiktok,ext_tiktok_00002396,Recommended WellNest Family Plans Network Congestion Plan Review to an account manager today because churn risk is the issue,2026-05-26T12:06:12Z,294,77,15,13066,0.383,,,normal,,2026-05-27T11:26:10Z
46937,5031,twitter,ext_twitter_00002397,Connected life teams need better outreach after recent storm-related service events,2026-05-12T09:35:48Z,644,48,18,10002,0.849,,,normal,,2026-05-27T11:26:10Z
46938,4891,twitter,ext_twitter_00002398,Morning capacity review featuring Connected Device Monitoring Onboarding. MetroSupply Devices needs pre-positioned technician capacity,2026-05-13T16:04:25Z,6132,1094,161,103513,0.739,,,rising,,2026-05-27T11:26:10Z
46939,4588,twitter,ext_twitter_00002399,Added New Line Activation to the high-priority service assurance path. Thank you WaveFirst Mobile for closing the gap,2026-04-27T19:42:54Z,120,30,25,14996,0.581,,,normal,,2026-05-27T11:26:10Z
46940,4876,twitter,ext_twitter_00002400,Subscribers are asking about Fleet Telematics SIM Pack through OrbitMotion IoT; upgrade and activation demand is rising,2026-04-28T20:46:01Z,37,11,13,3982,0.503,,,normal,,2026-05-27T11:26:10Z
46941,4993,threads,ext_threads_00002401,Network operations is flagging 5G Unlimited Mobile Plan from SignalBridge Mobile as a capacity bottleneck this week,2026-05-04T09:04:06Z,68,15,32,18422,0.769,,,normal,,2026-05-27T11:26:10Z
46942,4975,tiktok,ext_tiktok_00002402,Small businesses need earlier visibility into field technician appointment availability,2026-05-16T15:01:23Z,188,73,17,12611,-0.175,,,normal,,2026-05-27T11:26:10Z
46943,4818,threads,ext_threads_00002403,Subscriber experience note - OrbitMotion IoT IoT Sensor Gateway Kit is the service everyone is trying to schedule right now,2026-05-11T10:36:17Z,7428,1587,128,107869,0.273,,,rising,,2026-05-27T11:26:10Z
46944,5008,threads,ext_threads_00002404,Coverage gaps are delaying service assurance for several subscriber groups,2026-05-23T21:37:53Z,449485,35704,22559,14471015,0.812,,,mega_viral,,2026-05-27T11:26:10Z
46945,4825,tiktok,ext_tiktok_00002405,"Two-week review of PulsePoint 5G 5G Business Consultation: strong subscriber response, but capacity planning matters",2026-05-26T11:13:52Z,619,81,18,3907,0.336,,,normal,,2026-05-27T11:26:10Z
46946,4724,youtube,ext_youtube_00002406,Families keep asking where to find New Line Activation. WaveFirst Mobile is showing up in every upgrade thread,2026-05-27T03:35:48Z,767,14,29,2700,0.51,,,normal,,2026-05-27T11:26:10Z
46947,5060,twitter,ext_twitter_00002407,Connected life teams need better outreach after recent storm-related service events,2026-05-19T12:19:53Z,53,80,37,10706,0.43,,,normal,,2026-05-27T11:26:10Z
46948,5019,instagram,ext_instagram_00002408,Enterprise care teams are coordinating SLA-impact cases across regional service teams today,2026-05-08T03:15:19Z,197,18,5,15226,0.237,,,normal,,2026-05-27T11:26:10Z
46949,4919,instagram,ext_instagram_00002409,"If your subscribers need Number Port-In Activation, check SignalBridge Mobile availability early; appointment slots are moving fast",2026-05-20T10:21:14Z,996,72,0,19628,0.474,,,normal,,2026-05-27T11:26:10Z
46950,4656,instagram,ext_instagram_00002410,Day 30 with the Outage Follow-Up Call workflow and the field team says ClearMind Customer Care reduced manual follow-up,2026-05-04T13:22:40Z,772,99,12,9487,0.914,,,normal,,2026-05-27T11:26:10Z
46951,4854,instagram,ext_instagram_00002411,Recommended SignalBridge Mobile Premium International Roaming Pass to an account manager today because churn risk is the issue,2026-05-12T10:25:02Z,5060,1369,157,65445,0.679,,,rising,,2026-05-27T11:26:10Z
46952,4819,instagram,ext_instagram_00002412,"Thought Home Wi-Fi Mesh Kit demand would level off, but PulsePoint 5G is still seeing urgent requests",2026-05-14T12:57:54Z,33936,13006,6223,717900,0.634,,,viral,,2026-05-27T11:26:10Z
46953,4826,twitter,ext_twitter_00002413,Morning capacity review featuring New Line Activation. WaveFirst Mobile needs pre-positioned technician capacity,2026-05-04T02:28:11Z,697,35,12,17707,0.659,,,normal,,2026-05-27T11:26:10Z
46954,4595,threads,ext_threads_00002414,Added Fraud Resolution Case to the high-priority service assurance path. Thank you ClearMind Customer Care for closing the gap,2026-05-24T20:42:23Z,456,72,42,4797,0.4,,,normal,,2026-05-27T11:26:10Z
46955,4777,tiktok,ext_tiktok_00002415,Subscribers are asking about Churn Risk Save Offer through WaveFirst Mobile; upgrade and activation demand is rising,2026-05-21T07:43:22Z,842,25,9,9550,0.552,,,normal,,2026-05-27T11:26:10Z
46956,4888,threads,ext_threads_00002416,Network operations is flagging Field Technician Evaluation from OrbitMotion IoT as a capacity bottleneck this week,2026-05-26T13:09:20Z,847,87,42,14485,0.424,,,normal,,2026-05-27T11:26:10Z
46957,4984,instagram,ext_instagram_00002417,Connected life teams need better outreach after recent storm-related service events,2026-05-14T03:31:54Z,24375,12060,4678,371303,0.593,,,viral,,2026-05-27T11:26:10Z
46958,4573,twitter,ext_twitter_00002418,Subscriber experience note - MetroSupply Devices Connected Device Monitoring Onboarding is the service everyone is trying to schedule right now,2026-05-27T07:49:47Z,182,65,3,18405,0.323,,,normal,,2026-05-27T11:26:10Z
46959,4704,youtube,ext_youtube_00002419,Roaming bill questions are creating new handoffs to billing and retention teams,2026-05-19T11:21:42Z,602,83,31,15839,0.569,,,normal,,2026-05-27T11:26:10Z
46960,4974,instagram,ext_instagram_00002420,"Two-week review of ClearMind Customer Care Customer Retention Intake: strong subscriber response, but capacity planning matters",2026-05-26T03:12:27Z,295,74,25,10583,0.363,,,normal,,2026-05-27T11:26:10Z
46961,4746,instagram,ext_instagram_00002421,Outage follow-up is the top request in our subscriber forum this week,2026-05-23T13:50:40Z,609,91,40,9171,-0.139,,,normal,,2026-05-27T11:26:10Z
46962,4999,instagram,ext_instagram_00002422,NOC huddle: prioritize SilverLine Connected Life Family Connectivity Support Session installs before the weekend streaming surge,2026-05-20T09:37:19Z,4265,1218,469,199679,0.401,,,rising,,2026-05-27T11:26:10Z
46963,4954,instagram,ext_instagram_00002423,Billing and usage signals are surfacing new need for Family Data Share Plan from WellNest Family Plans,2026-05-16T19:02:57Z,261,61,12,13427,0.381,,,normal,,2026-05-27T11:26:10Z
46964,5041,youtube,ext_youtube_00002424,"If your subscribers need Roaming Cost Coaching, check RoamFlow Mobility availability early; appointment slots are moving fast",2026-05-26T15:26:56Z,4748,1595,437,62642,0.85,,,rising,,2026-05-27T11:26:10Z
46965,4674,youtube,ext_youtube_00002425,Day 30 with the 5G Unlimited Mobile Plan workflow and the field team says SignalBridge Mobile reduced manual follow-up,2026-05-24T21:28:33Z,6343,1391,883,162115,0.628,,,rising,,2026-05-27T11:26:10Z
46966,5049,tiktok,ext_tiktok_00002426,Recommended FiberPath Broadband Small Business Fiber SLA to an account manager today because churn risk is the issue,2026-05-17T21:53:57Z,18257,7844,2944,302400,0.896,,,viral,,2026-05-27T11:26:10Z
46967,4796,twitter,ext_twitter_00002427,"Thought Number Port-In Activation demand would level off, but SignalBridge Mobile is still seeing urgent requests",2026-05-06T23:56:30Z,546,24,46,19548,0.544,,,normal,,2026-05-27T11:26:10Z
46968,4678,twitter,ext_twitter_00002428,Morning capacity review featuring Small Business Fiber SLA. FiberPath Broadband needs pre-positioned technician capacity,2026-05-22T06:39:39Z,835,38,22,10867,0.532,,,normal,,2026-05-27T11:26:10Z
46969,4543,twitter,ext_twitter_00002429,Added Small Business Fiber SLA to the high-priority service assurance path. Thank you FiberPath Broadband for closing the gap,2026-05-24T07:42:26Z,8475,272,280,173287,0.737,,,rising,,2026-05-27T11:26:10Z
46970,4717,tiktok,ext_tiktok_00002430,Subscribers are asking for clearer instructions after fiber installation and faster follow-up windows,2026-05-21T06:41:50Z,335,58,22,15060,-0.071,,,normal,,2026-05-27T11:26:10Z
46971,4688,twitter,ext_twitter_00002431,Network operations is flagging 5G Business Consultation from PulsePoint 5G as a capacity bottleneck this week,2026-05-26T00:54:02Z,1003,1996,852,146984,0.633,,,rising,,2026-05-27T11:26:10Z
46972,4765,threads,ext_threads_00002432,Coverage update: Family Data Share Plan capacity at WellNest Family Plans is getting tight after a spike in service orders,2026-05-26T16:31:09Z,450,14,24,9831,0.684,,,normal,,2026-05-27T11:26:10Z
46973,4613,twitter,ext_twitter_00002433,Subscriber experience note - PulsePoint 5G Device Upgrade Enrollment is the service everyone is trying to schedule right now,2026-05-26T04:52:30Z,5746,1049,662,54378,0.548,,,rising,,2026-05-27T11:26:10Z
46974,4667,tiktok,ext_tiktok_00002434,Coverage gaps are delaying service assurance for several subscriber groups,2026-05-18T17:57:16Z,7790,332,684,71200,-0.048,,,rising,,2026-05-27T11:26:10Z
46975,4591,instagram,ext_instagram_00002435,"Two-week review of RoamFlow Mobility Fiber Appointment Scheduling: strong subscriber response, but capacity planning matters",2026-05-19T10:30:58Z,255,36,40,271,0.212,,,normal,,2026-05-27T11:26:10Z
46976,4598,twitter,ext_twitter_00002436,Families keep asking for better Wi-Fi performance before evening streaming starts,2026-05-01T16:20:50Z,633,68,0,4582,0.495,,,normal,,2026-05-27T11:26:10Z
46977,4828,threads,ext_threads_00002437,NOC huddle: prioritize MetroSupply Devices 5G Mobile Hotspot Kit installs before the weekend streaming surge,2026-05-02T16:43:44Z,607,34,23,15304,0.336,,,normal,,2026-05-27T11:26:10Z
46978,4967,youtube,ext_youtube_00002438,Enterprise care teams are coordinating SLA-impact cases across regional service teams today,2026-05-10T10:36:13Z,582,87,16,16100,0.823,,,normal,,2026-05-27T11:26:10Z
46979,4544,youtube,ext_youtube_00002439,"If your subscribers need 5G Mobile Hotspot Kit, check MetroSupply Devices availability early; appointment slots are moving fast",2026-05-27T08:40:34Z,3596,1072,457,165139,0.303,,,rising,,2026-05-27T11:26:10Z
46980,4767,tiktok,ext_tiktok_00002440,Day 30 with the 5G Mobile Hotspot Kit workflow and the field team says MetroSupply Devices reduced manual follow-up,2026-05-04T11:20:33Z,1548,1862,728,132687,0.564,,,rising,,2026-05-27T11:26:10Z
46981,4762,tiktok,ext_tiktok_00002441,Recommended HomeConnect Fixed Wireless Smart Home Connectivity Assessment to an account manager today because churn risk is the issue,2026-05-15T22:19:10Z,5095,1837,109,46882,0.444,,,rising,,2026-05-27T11:26:10Z
46982,4814,instagram,ext_instagram_00002442,Small businesses need earlier visibility into field technician appointment availability,2026-05-23T16:20:43Z,719,64,40,17346,0.861,,,normal,,2026-05-27T11:26:10Z
46983,4552,tiktok,ext_tiktok_00002443,Network monitoring alerts are helping the team catch congestion before call volume spikes,2026-05-27T08:12:14Z,800,84,34,2507,0.138,,,normal,,2026-05-27T11:26:10Z
46984,4729,youtube,ext_youtube_00002444,Added Gigabit Fiber Install to the high-priority service assurance path. Thank you FiberPath Broadband for closing the gap,2026-05-19T13:59:26Z,3820,1460,843,65614,0.509,,,rising,,2026-05-27T11:26:10Z
46985,4774,youtube,ext_youtube_00002445,Device-support channels are seeing increased activation demand after a handset launch,2026-05-04T08:36:09Z,2102,1895,438,185969,0.364,,,rising,,2026-05-27T11:26:10Z
46986,4847,youtube,ext_youtube_00002446,Network operations is flagging Connected Device Monitoring Onboarding from MetroSupply Devices as a capacity bottleneck this week,2026-05-11T23:46:02Z,444,46,34,19839,0.477,,,normal,,2026-05-27T11:26:10Z
46987,4712,tiktok,ext_tiktok_00002447,Coverage update: Churn Risk Save Offer capacity at WaveFirst Mobile is getting tight after a spike in service orders,2026-05-05T07:36:33Z,6708,401,399,188180,0.917,,,rising,,2026-05-27T11:26:10Z
46988,4782,tiktok,ext_tiktok_00002448,Enterprise care teams are coordinating SLA-impact cases across regional service teams today,2026-05-05T19:47:34Z,217,29,24,9865,-0.052,,,normal,,2026-05-27T11:26:10Z
46989,4910,tiktok,ext_tiktok_00002449,Roaming bill questions are creating new handoffs to billing and retention teams,2026-05-12T00:57:43Z,97,68,34,1461,-0.074,,,normal,,2026-05-27T11:26:10Z
46990,5008,threads,ext_threads_00002450,"Two-week review of RoamFlow Mobility Roaming Cost Coaching: strong subscriber response, but capacity planning matters",2026-05-18T09:59:06Z,529,73,13,265,0.475,,,normal,,2026-05-27T11:26:10Z
46991,4885,tiktok,ext_tiktok_00002451,Families keep asking where to find Connected Device Monitoring Onboarding. MetroSupply Devices is showing up in every upgrade thread,2026-05-01T03:19:05Z,376,81,49,6064,0.766,,,normal,,2026-05-27T11:26:10Z
46992,4700,threads,ext_threads_00002452,Small businesses need earlier visibility into field technician appointment availability,2026-05-09T04:17:33Z,9199,748,214,198290,-0.039,,,rising,,2026-05-27T11:26:10Z
46993,4823,threads,ext_threads_00002453,Billing and usage signals are surfacing new need for Family Data Share Plan from WellNest Family Plans,2026-05-25T05:09:43Z,894,5,30,13453,0.53,,,normal,,2026-05-27T11:26:10Z
46994,4596,instagram,ext_instagram_00002454,Coverage gaps are delaying service assurance for several subscriber groups,2026-05-13T19:36:36Z,2042,1781,912,158756,-0.037,,,rising,,2026-05-27T11:26:10Z
46995,4647,tiktok,ext_tiktok_00002455,Day 30 with the 5G Mobile Hotspot Kit workflow and the field team says MetroSupply Devices reduced manual follow-up,2026-05-24T01:53:36Z,36767,8831,6329,629804,0.434,,,viral,,2026-05-27T11:26:10Z
46996,5047,threads,ext_threads_00002456,Recommended HomeConnect Fixed Wireless LTE Backup Gateway to an account manager today because churn risk is the issue,2026-05-16T00:55:53Z,790,16,12,2916,0.757,,,normal,,2026-05-27T11:26:10Z
46997,4683,twitter,ext_twitter_00002457,"Thought Network Congestion Plan Review demand would level off, but WellNest Family Plans is still seeing urgent requests",2026-05-25T14:37:12Z,223262,68702,43192,6672005,0.924,,,mega_viral,,2026-05-27T11:26:10Z
46998,4664,youtube,ext_youtube_00002458,Morning capacity review featuring Fraud Resolution Case. ClearMind Customer Care needs pre-positioned technician capacity,2026-05-10T05:45:29Z,553,34,24,3587,0.728,,,normal,,2026-05-27T11:26:10Z
46999,4643,twitter,ext_twitter_00002459,Added Family Data Share Plan to the high-priority service assurance path. Thank you WellNest Family Plans for closing the gap,2026-05-27T11:21:14Z,5978,1836,228,186487,0.727,,,rising,,2026-05-27T11:26:10Z
47000,4844,instagram,ext_instagram_00002460,Subscribers are asking about 5G Unlimited Mobile Plan through SignalBridge Mobile; upgrade and activation demand is rising,2026-05-17T04:04:39Z,512,25,44,16519,0.314,,,normal,,2026-05-27T11:26:10Z
47001,4762,tiktok,ext_tiktok_00002461,Outage follow-up is the top request in our subscriber forum this week,2026-05-19T03:17:05Z,8964,628,333,156722,0.014,,,rising,,2026-05-27T11:26:10Z
47002,4950,tiktok,ext_tiktok_00002462,Coverage update: SIM Replacement Starter Kit capacity at MetroSupply Devices is getting tight after a spike in service orders,2026-05-20T01:23:15Z,3211,1517,402,83717,0.669,,,rising,,2026-05-27T11:26:10Z
47003,4729,youtube,ext_youtube_00002463,Subscriber experience note - ClearMind Customer Care Customer Retention Intake is the service everyone is trying to schedule right now,2026-05-07T14:25:53Z,303,36,14,7558,0.556,,,normal,,2026-05-27T11:26:10Z
47004,4906,twitter,ext_twitter_00002464,Outage follow-up: demand for Network Congestion Plan Review is up and WellNest Family Plans needs more field slots,2026-05-20T08:04:26Z,7560,330,727,94623,0.47,,,rising,,2026-05-27T11:26:10Z
47005,4692,tiktok,ext_tiktok_00002465,"Two-week review of OrbitMotion IoT Fleet Telematics SIM Pack: strong subscriber response, but capacity planning matters",2026-05-08T03:52:20Z,968,77,25,3823,0.478,,,normal,,2026-05-27T11:26:10Z
47006,4558,twitter,ext_twitter_00002466,Families keep asking for better Wi-Fi performance before evening streaming starts,2026-05-01T21:38:05Z,765,53,19,5543,-0.048,,,normal,,2026-05-27T11:26:10Z
47007,4552,tiktok,ext_tiktok_00002467,NOC huddle: prioritize OrbitMotion IoT Fleet Telematics SIM Pack installs before the weekend streaming surge,2026-05-18T16:59:02Z,476,38,11,9062,0.252,,,normal,,2026-05-27T11:26:10Z
47008,4646,instagram,ext_instagram_00002468,Billing and usage signals are surfacing new need for Fiber Appointment Scheduling from RoamFlow Mobility,2026-04-29T23:59:44Z,5740,1526,219,62278,0.85,,,rising,,2026-05-27T11:26:10Z
47009,4729,youtube,ext_youtube_00002469,"If your subscribers need SIM Replacement Starter Kit, check MetroSupply Devices availability early; appointment slots are moving fast",2026-05-13T06:05:46Z,2783,1556,181,125866,0.58,,,rising,,2026-05-27T11:26:10Z
47010,4928,threads,ext_threads_00002470,Subscribers are asking for clearer instructions after fiber installation and faster follow-up windows,2026-05-14T15:24:02Z,760,45,48,19739,0.699,,,normal,,2026-05-27T11:26:10Z
47011,5005,tiktok,ext_tiktok_00002471,Recommended MetroSupply Devices Connected Device Monitoring Onboarding to an account manager today because churn risk is the issue,2026-05-15T02:32:39Z,834,68,34,19942,0.486,,,normal,,2026-05-27T11:26:10Z
47012,4976,twitter,ext_twitter_00002472,Small businesses need earlier visibility into field technician appointment availability,2026-05-27T11:19:31Z,564,53,1,2750,0.865,,,normal,,2026-05-27T11:26:10Z
47013,4825,tiktok,ext_tiktok_00002473,Morning capacity review featuring Premium International Roaming Pass. SignalBridge Mobile needs pre-positioned technician capacity,2026-05-22T09:14:43Z,40,90,2,3622,0.629,,,normal,,2026-05-27T11:26:10Z
47014,4763,twitter,ext_twitter_00002474,Added Churn Risk Save Offer to the high-priority service assurance path. Thank you WaveFirst Mobile for closing the gap,2026-05-15T21:55:00Z,663,89,7,9988,0.642,,,normal,,2026-05-27T11:26:11Z
47015,4665,threads,ext_threads_00002475,Subscribers are asking about Network Congestion Plan Review through WellNest Family Plans; upgrade and activation demand is rising,2026-05-03T16:00:00Z,197,69,20,11767,0.537,,,normal,,2026-05-27T11:26:11Z
47016,4682,tiktok,ext_tiktok_00002476,Network operations is flagging Smart Home Connectivity Assessment from HomeConnect Fixed Wireless as a capacity bottleneck this week,2026-05-03T14:32:05Z,49950,10251,1397,223852,0.768,,,viral,,2026-05-27T11:26:11Z
47017,4927,youtube,ext_youtube_00002477,Coverage update: Roaming Cost Coaching capacity at RoamFlow Mobility is getting tight after a spike in service orders,2026-05-22T22:05:58Z,793,33,16,18305,0.293,,,normal,,2026-05-27T11:26:11Z
47018,4721,instagram,ext_instagram_00002478,Subscriber experience note - SignalBridge Mobile 5G Unlimited Mobile Plan is the service everyone is trying to schedule right now,2026-05-27T06:20:02Z,7075,777,626,78680,0.515,,,rising,,2026-05-27T11:26:11Z
47019,4857,youtube,ext_youtube_00002479,Outage follow-up: demand for Network Congestion Plan Review is up and WellNest Family Plans needs more field slots,2026-04-30T09:58:16Z,487,79,31,5331,0.47,,,normal,,2026-05-27T11:26:11Z
47020,4843,threads,ext_threads_00002480,Subscribers are asking for clearer instructions after fiber installation and faster follow-up windows,2026-05-27T09:52:32Z,562,53,13,8850,0.518,,,normal,,2026-05-27T11:26:11Z
47021,4858,threads,ext_threads_00002481,Outage follow-up is the top request in our subscriber forum this week,2026-05-09T03:59:40Z,1692,1135,923,176937,0.496,,,rising,,2026-05-27T11:26:11Z
47022,4922,youtube,ext_youtube_00002482,Small businesses need earlier visibility into field technician appointment availability,2026-05-15T19:04:55Z,468,17,4,19183,0.468,,,normal,,2026-05-27T11:26:11Z
47023,4897,youtube,ext_youtube_00002483,Billing and usage signals are surfacing new need for New Line Activation from WaveFirst Mobile,2026-05-02T00:26:59Z,289,0,2,16395,0.527,,,normal,,2026-05-27T11:26:11Z
47024,5043,instagram,ext_instagram_00002484,"If your subscribers need Network Congestion Plan Review, check WellNest Family Plans availability early; appointment slots are moving fast",2026-05-06T01:31:25Z,4079,861,859,76443,0.8,,,rising,,2026-05-27T11:26:11Z
47025,4704,youtube,ext_youtube_00002485,Day 30 with the Enterprise Account Navigation workflow and the field team says EnterpriseEdge Services reduced manual follow-up,2026-05-16T11:02:37Z,19029,6540,3220,345805,0.414,,,viral,,2026-05-27T11:26:11Z
47026,4591,instagram,ext_instagram_00002486,Families keep asking for better Wi-Fi performance before evening streaming starts,2026-05-09T09:13:39Z,978,95,11,3496,-0.147,,,normal,,2026-05-27T11:26:11Z
47027,4795,tiktok,ext_tiktok_00002487,Connected life teams need better outreach after recent storm-related service events,2026-05-09T11:41:43Z,741,29,19,12025,-0.122,,,normal,,2026-05-27T11:26:11Z
47028,4615,threads,ext_threads_00002488,Morning capacity review featuring Device Upgrade Enrollment. PulsePoint 5G needs pre-positioned technician capacity,2026-05-26T00:00:28Z,681,24,40,14350,0.742,,,normal,,2026-05-27T11:26:11Z
47029,5017,youtube,ext_youtube_00002489,Added Premium International Roaming Pass to the high-priority service assurance path. Thank you SignalBridge Mobile for closing the gap,2026-05-25T22:42:51Z,5992,863,827,32975,0.425,,,rising,,2026-05-27T11:26:11Z
47030,4916,twitter,ext_twitter_00002490,Subscribers are asking about Fleet Telematics SIM Pack through OrbitMotion IoT; upgrade and activation demand is rising,2026-05-26T04:10:45Z,3241,1347,997,112683,0.22,,,rising,,2026-05-27T11:26:11Z
47031,4873,threads,ext_threads_00002491,Network operations is flagging Enterprise Account Navigation from EnterpriseEdge Services as a capacity bottleneck this week,2026-05-23T17:10:33Z,368,72,47,8797,0.859,,,normal,,2026-05-27T11:26:11Z
47032,5004,instagram,ext_instagram_00002492,Small businesses need earlier visibility into field technician appointment availability,2026-05-19T09:23:05Z,530,80,36,4101,0.813,,,normal,,2026-05-27T11:26:11Z
47033,4891,twitter,ext_twitter_00002493,Subscriber experience note - FiberPath Broadband Fiber Repair Appointment is the service everyone is trying to schedule right now,2026-05-24T05:04:18Z,8804,1871,760,161341,0.748,,,rising,,2026-05-27T11:26:11Z
47034,4616,instagram,ext_instagram_00002494,Outage follow-up: demand for Home Wi-Fi Mesh Kit is up and PulsePoint 5G needs more field slots,2026-05-08T23:45:22Z,139,85,31,12937,0.336,,,normal,,2026-05-27T11:26:11Z
47035,4927,youtube,ext_youtube_00002495,"Two-week review of SignalBridge Mobile Premium International Roaming Pass: strong subscriber response, but capacity planning matters",2026-05-02T09:09:38Z,328,93,32,1389,0.309,,,normal,,2026-05-27T11:26:11Z
47036,4602,tiktok,ext_tiktok_00002496,Families keep asking where to find Device Upgrade Enrollment. PulsePoint 5G is showing up in every upgrade thread,2026-05-21T16:30:58Z,5712,618,872,85365,0.723,,,rising,,2026-05-27T11:26:11Z
47037,4869,instagram,ext_instagram_00002497,NOC huddle: prioritize WellNest Family Plans Student Mobile Plan installs before the weekend streaming surge,2026-05-26T19:05:06Z,228,62,49,15109,0.38,,,normal,,2026-05-27T11:26:11Z
47038,4965,tiktok,ext_tiktok_00002498,Billing and usage signals are surfacing new need for Outage Follow-Up Call from ClearMind Customer Care,2026-05-25T04:33:11Z,463,98,34,15162,0.722,,,normal,,2026-05-27T11:26:11Z
47039,4572,tiktok,ext_tiktok_00002499,Roaming bill questions are creating new handoffs to billing and retention teams,2026-05-26T11:17:28Z,326,48,26,3193,0.876,,,normal,,2026-05-27T11:26:11Z
47040,5016,twitter,ext_twitter_00002500,Day 30 with the 5G Unlimited Mobile Plan workflow and the field team says SignalBridge Mobile reduced manual follow-up,2026-05-24T18:13:16Z,42088,5730,3843,754824,0.808,,,viral,,2026-05-27T11:26:11Z
47041,4581,instagram,ext_instagram_00002501,Outage follow-up is the top request in our subscriber forum this week,2026-04-27T20:34:54Z,6981,851,279,120470,0.319,,,rising,,2026-05-27T11:26:11Z
47042,4560,threads,ext_threads_00002502,Small businesses need earlier visibility into field technician appointment availability,2026-05-25T08:10:50Z,3985,1958,923,24697,0.645,,,rising,,2026-05-27T11:26:11Z
47043,5025,tiktok,ext_tiktok_00002503,Network monitoring alerts are helping the team catch congestion before call volume spikes,2026-05-25T11:04:19Z,9825,1136,491,196312,-0.262,,,rising,,2026-05-27T11:26:11Z
47044,5014,instagram,ext_instagram_00002504,Added Fixed Wireless Home Internet to the high-priority service assurance path. Thank you HomeConnect Fixed Wireless for closing the gap,2026-05-19T05:06:19Z,47022,13741,4782,691205,0.798,,,viral,,2026-05-27T11:26:11Z
47045,4999,instagram,ext_instagram_00002505,Device-support channels are seeing increased activation demand after a handset launch,2026-05-14T03:14:32Z,155,12,6,19477,0.828,,,normal,,2026-05-27T11:26:11Z
47046,4809,instagram,ext_instagram_00002506,Network operations is flagging Number Port-In Activation from SignalBridge Mobile as a capacity bottleneck this week,2026-05-08T10:17:14Z,9708,661,498,49650,0.791,,,rising,,2026-05-27T11:26:11Z
47047,5015,tiktok,ext_tiktok_00002507,Coverage update: 5G Business Consultation capacity at PulsePoint 5G is getting tight after a spike in service orders,2026-05-27T10:50:34Z,1968,384,835,23894,0.387,,,rising,,2026-05-27T11:26:11Z
47048,4972,youtube,ext_youtube_00002508,Enterprise care teams are coordinating SLA-impact cases across regional service teams today,2026-05-24T01:39:48Z,812,17,5,12368,0.652,,,normal,,2026-05-27T11:26:11Z
47049,4811,twitter,ext_twitter_00002509,Roaming bill questions are creating new handoffs to billing and retention teams,2026-05-27T02:15:50Z,555,46,12,7039,0.855,,,normal,,2026-05-27T11:26:11Z
47050,4847,youtube,ext_youtube_00002510,"Two-week review of WaveFirst Mobile New Line Activation: strong subscriber response, but capacity planning matters",2026-05-25T23:50:16Z,6998,1299,636,61805,0.234,,,rising,,2026-05-27T11:26:11Z
47051,4862,youtube,ext_youtube_00002511,Families keep asking where to find Customer Retention Intake. ClearMind Customer Care is showing up in every upgrade thread,2026-05-14T14:17:55Z,887,70,12,3394,0.358,,,normal,,2026-05-27T11:26:11Z
47052,4701,instagram,ext_instagram_00002512,NOC huddle: prioritize RoamFlow Mobility Fiber Appointment Scheduling installs before the weekend streaming surge,2026-05-04T22:07:00Z,46602,2329,6770,683275,0.798,,,viral,,2026-05-27T11:26:11Z
47053,4606,instagram,ext_instagram_00002513,Billing and usage signals are surfacing new need for 5G Mobile Hotspot Kit from MetroSupply Devices,2026-04-27T17:46:59Z,33,92,18,15473,0.741,,,normal,,2026-05-27T11:26:11Z
47054,4931,twitter,ext_twitter_00002514,"If your subscribers need Smart Home Connectivity Assessment, check HomeConnect Fixed Wireless availability early; appointment slots are moving fast",2026-05-26T17:37:47Z,598,45,25,3784,0.252,,,normal,,2026-05-27T11:26:11Z
47055,4757,tiktok,ext_tiktok_00002515,Day 30 with the Fiber Repair Appointment workflow and the field team says FiberPath Broadband reduced manual follow-up,2026-05-20T04:51:13Z,1318,1617,726,180151,0.211,,,rising,,2026-05-27T11:26:11Z
47056,4692,tiktok,ext_tiktok_00002516,Recommended PulsePoint 5G Device Upgrade Enrollment to an account manager today because churn risk is the issue,2026-05-11T12:36:56Z,16496,5044,6825,816862,0.329,,,viral,,2026-05-27T11:26:11Z
47057,4857,youtube,ext_youtube_00002517,"Thought LTE Backup Gateway demand would level off, but HomeConnect Fixed Wireless is still seeing urgent requests",2026-05-27T09:04:43Z,786,42,45,10997,0.906,,,normal,,2026-05-27T11:26:11Z
47058,4709,youtube,ext_youtube_00002518,Morning capacity review featuring Outage Follow-Up Call. ClearMind Customer Care needs pre-positioned technician capacity,2026-05-26T22:01:29Z,406,94,45,8225,0.832,,,normal,,2026-05-27T11:26:11Z
47059,4682,tiktok,ext_tiktok_00002519,Roaming bill questions are creating new handoffs to billing and retention teams,2026-05-21T00:16:07Z,28377,5498,1509,610522,-0.235,,,viral,,2026-05-27T11:26:11Z
47060,4991,twitter,ext_twitter_00002520,Subscribers are asking about IoT Sensor Gateway Kit through OrbitMotion IoT; upgrade and activation demand is rising,2026-05-15T16:13:04Z,160,63,32,7176,0.896,,,normal,,2026-05-27T11:26:11Z
47061,5026,twitter,ext_twitter_00002521,Network operations is flagging Field Technician Evaluation from OrbitMotion IoT as a capacity bottleneck this week,2026-05-21T21:49:07Z,154,95,45,12192,0.592,,,normal,,2026-05-27T11:26:11Z
47062,4963,threads,ext_threads_00002522,Coverage update: Device Upgrade Enrollment capacity at PulsePoint 5G is getting tight after a spike in service orders,2026-05-24T19:27:32Z,147,23,12,18461,0.454,,,normal,,2026-05-27T11:26:11Z
47063,5017,youtube,ext_youtube_00002523,Subscriber experience note - HomeConnect Fixed Wireless Fixed Wireless Home Internet is the service everyone is trying to schedule right now,2026-05-24T01:40:19Z,830,41,23,18491,0.877,,,normal,,2026-05-27T11:26:11Z
47064,4870,tiktok,ext_tiktok_00002524,Outage follow-up: demand for 5G Business Consultation is up and PulsePoint 5G needs more field slots,2026-05-26T09:44:06Z,28028,10457,7776,753394,0.936,,,viral,,2026-05-27T11:26:11Z
47065,4698,twitter,ext_twitter_00002525,Device-support channels are seeing increased activation demand after a handset launch,2026-05-19T05:11:59Z,46883,8192,4305,543608,0.531,,,viral,,2026-05-27T11:26:11Z
47066,4859,instagram,ext_instagram_00002526,Families keep asking where to find 5G Mobile Hotspot Kit. MetroSupply Devices is showing up in every upgrade thread,2026-05-23T12:39:32Z,9321,1184,971,168171,0.679,,,rising,,2026-05-27T11:26:11Z
47067,5023,threads,ext_threads_00002527,Connected life teams need better outreach after recent storm-related service events,2026-05-07T11:18:31Z,234,65,48,802,-0.292,,,normal,,2026-05-27T11:26:11Z
47068,4969,instagram,ext_instagram_00002528,Billing and usage signals are surfacing new need for Fleet Telematics SIM Pack from OrbitMotion IoT,2026-05-27T10:09:14Z,450,88,4,16748,0.299,,,normal,,2026-05-27T11:26:11Z
47069,5006,twitter,ext_twitter_00002529,"If your subscribers need Edge Compute Reservation, check EnterpriseEdge Services availability early; appointment slots are moving fast",2026-05-19T23:57:32Z,385,43,42,8550,0.629,,,normal,,2026-05-27T11:26:11Z
47070,4903,threads,ext_threads_00002530,Day 30 with the Home Wi-Fi Mesh Kit workflow and the field team says PulsePoint 5G reduced manual follow-up,2026-05-25T08:07:36Z,15137,5409,1511,687804,0.334,,,viral,,2026-05-27T11:26:11Z
47071,4866,twitter,ext_twitter_00002531,Recommended RoamFlow Mobility Fiber Appointment Scheduling to an account manager today because churn risk is the issue,2026-05-21T16:36:17Z,639,67,41,2871,0.332,,,normal,,2026-05-27T11:26:11Z
47072,4889,instagram,ext_instagram_00002532,Small businesses need earlier visibility into field technician appointment availability,2026-05-25T01:57:46Z,914,57,2,13534,0.351,,,normal,,2026-05-27T11:26:11Z
47073,4791,twitter,ext_twitter_00002533,Morning capacity review featuring LTE Backup Gateway. HomeConnect Fixed Wireless needs pre-positioned technician capacity,2026-05-08T14:04:13Z,658,10,19,11138,0.248,,,normal,,2026-05-27T11:26:11Z
47074,4850,tiktok,ext_tiktok_00002534,Added Fixed Wireless Home Internet to the high-priority service assurance path. Thank you HomeConnect Fixed Wireless for closing the gap,2026-05-19T11:25:33Z,464,21,49,255,0.464,,,normal,,2026-05-27T11:26:11Z
47075,5058,instagram,ext_instagram_00002535,Device-support channels are seeing increased activation demand after a handset launch,2026-05-24T12:13:48Z,1585,216,361,50399,0.322,,,rising,,2026-05-27T11:26:11Z
47076,4658,twitter,ext_twitter_00002536,Network operations is flagging Family Data Share Plan from WellNest Family Plans as a capacity bottleneck this week,2026-05-17T17:11:10Z,254700,36672,44236,9604860,0.819,,,mega_viral,,2026-05-27T11:26:11Z
47077,4992,youtube,ext_youtube_00002537,Coverage update: Connected Device Monitoring Onboarding capacity at MetroSupply Devices is getting tight after a spike in service orders,2026-05-04T11:48:35Z,6459,1351,238,163767,0.706,,,rising,,2026-05-27T11:26:11Z
47078,4780,threads,ext_threads_00002538,Subscriber experience note - PulsePoint 5G Home Wi-Fi Mesh Kit is the service everyone is trying to schedule right now,2026-05-13T16:35:33Z,787,37,47,3248,0.869,,,normal,,2026-05-27T11:26:11Z
47079,5044,tiktok,ext_tiktok_00002539,Outage follow-up: demand for Fiber Appointment Scheduling is up and RoamFlow Mobility needs more field slots,2026-05-15T11:15:24Z,7817,1939,278,57396,0.419,,,rising,,2026-05-27T11:26:11Z
47080,4825,tiktok,ext_tiktok_00002540,Subscribers are asking for clearer instructions after fiber installation and faster follow-up windows,2026-05-09T22:20:14Z,48793,11870,6327,991267,0.107,,,viral,,2026-05-27T11:26:11Z
47081,4691,instagram,ext_instagram_00002541,Families keep asking where to find 5G Unlimited Mobile Plan. SignalBridge Mobile is showing up in every upgrade thread,2026-05-03T19:02:55Z,627,87,35,1456,0.921,,,normal,,2026-05-27T11:26:11Z
47082,4735,threads,ext_threads_00002542,NOC huddle: prioritize RoamFlow Mobility Roaming Cost Coaching installs before the weekend streaming surge,2026-05-05T03:40:50Z,622,8,26,3111,0.628,,,normal,,2026-05-27T11:26:11Z
47083,4722,tiktok,ext_tiktok_00002543,Billing and usage signals are surfacing new need for Smart Home Connectivity Assessment from HomeConnect Fixed Wireless,2026-05-16T15:07:27Z,695,29,30,15333,0.614,,,normal,,2026-05-27T11:26:11Z
47084,4796,twitter,ext_twitter_00002544,Coverage gaps are delaying service assurance for several subscriber groups,2026-05-18T03:46:25Z,550,48,33,13089,0.322,,,normal,,2026-05-27T11:26:11Z
47085,5003,threads,ext_threads_00002545,Day 30 with the SIM Replacement Starter Kit workflow and the field team says MetroSupply Devices reduced manual follow-up,2026-05-26T17:06:48Z,782,87,46,2754,0.911,,,normal,,2026-05-27T11:26:11Z
47086,5041,youtube,ext_youtube_00002546,Families keep asking for better Wi-Fi performance before evening streaming starts,2026-05-08T18:24:22Z,483,51,44,8629,0.507,,,normal,,2026-05-27T11:26:11Z
47087,4869,instagram,ext_instagram_00002547,"Thought Family Connectivity Support Session demand would level off, but SilverLine Connected Life is still seeing urgent requests",2026-05-27T10:29:59Z,527,20,35,702,0.51,,,normal,,2026-05-27T11:26:11Z
47088,4560,threads,ext_threads_00002548,Morning capacity review featuring Connected Device Monitoring Onboarding. MetroSupply Devices needs pre-positioned technician capacity,2026-05-27T07:27:19Z,617,75,41,14717,0.253,,,normal,,2026-05-27T11:26:11Z
47089,4733,twitter,ext_twitter_00002549,Roaming bill questions are creating new handoffs to billing and retention teams,2026-05-27T06:01:45Z,78,43,37,19111,0.114,,,normal,,2026-05-27T11:26:11Z
47090,4611,instagram,ext_instagram_00002550,Subscribers are asking about Number Port-In Activation through SignalBridge Mobile; upgrade and activation demand is rising,2026-05-06T11:40:31Z,926,5,41,13803,0.646,,,normal,,2026-05-27T11:26:11Z
47091,4886,twitter,ext_twitter_00002551,Network operations is flagging Fiber Appointment Scheduling from RoamFlow Mobility as a capacity bottleneck this week,2026-05-24T18:29:36Z,7308,1481,112,73059,0.231,,,rising,,2026-05-27T11:26:11Z
47092,4594,youtube,ext_youtube_00002552,Small businesses need earlier visibility into field technician appointment availability,2026-05-06T13:06:44Z,415,27,14,17988,0.707,,,normal,,2026-05-27T11:26:11Z
47093,4887,youtube,ext_youtube_00002553,Subscriber experience note - MetroSupply Devices 5G Mobile Hotspot Kit is the service everyone is trying to schedule right now,2026-05-12T16:13:27Z,824,17,47,12482,0.605,,,normal,,2026-05-27T11:26:11Z
47094,4980,tiktok,ext_tiktok_00002554,Outage follow-up: demand for IoT Sensor Gateway Kit is up and OrbitMotion IoT needs more field slots,2026-05-12T18:24:27Z,995,0,43,5923,0.27,,,normal,,2026-05-27T11:26:11Z
47095,4713,twitter,ext_twitter_00002555,"Two-week review of FiberPath Broadband Gigabit Fiber Install: strong subscriber response, but capacity planning matters",2026-05-14T21:03:16Z,131,95,21,16716,0.201,,,normal,,2026-05-27T11:26:11Z
47096,4692,tiktok,ext_tiktok_00002556,Families keep asking where to find 5G Business Consultation. PulsePoint 5G is showing up in every upgrade thread,2026-05-03T05:53:20Z,652,48,31,13660,0.853,,,normal,,2026-05-27T11:26:11Z
47097,4820,tiktok,ext_tiktok_00002557,NOC huddle: prioritize MetroSupply Devices 5G Mobile Hotspot Kit installs before the weekend streaming surge,2026-05-02T07:44:41Z,696,5,18,16852,0.834,,,normal,,2026-05-27T11:26:11Z
47098,4964,instagram,ext_instagram_00002558,Billing and usage signals are surfacing new need for Roaming Cost Coaching from RoamFlow Mobility,2026-05-17T04:03:55Z,3279,936,208,96569,0.368,,,rising,,2026-05-27T11:26:11Z
47099,4558,twitter,ext_twitter_00002559,Roaming bill questions are creating new handoffs to billing and retention teams,2026-05-04T06:18:35Z,4044,867,557,25478,0.382,,,rising,,2026-05-27T11:26:11Z
47100,4689,youtube,ext_youtube_00002560,Day 30 with the Student Mobile Plan workflow and the field team says WellNest Family Plans reduced manual follow-up,2026-05-26T11:51:01Z,7386,1340,452,70824,0.401,,,rising,,2026-05-27T11:26:11Z
47101,4594,youtube,ext_youtube_00002561,Recommended PulsePoint 5G Device Upgrade Enrollment to an account manager today because churn risk is the issue,2026-05-26T22:01:21Z,5986,1825,550,152178,0.824,,,rising,,2026-05-27T11:26:11Z
47102,4755,threads,ext_threads_00002562,"Thought Number Port-In Activation demand would level off, but SignalBridge Mobile is still seeing urgent requests",2026-05-19T19:46:08Z,735,10,44,2359,0.816,,,normal,,2026-05-27T11:26:11Z
47103,4870,tiktok,ext_tiktok_00002563,Morning capacity review featuring Student Mobile Plan. WellNest Family Plans needs pre-positioned technician capacity,2026-05-05T02:07:42Z,654,0,22,956,0.518,,,normal,,2026-05-27T11:26:11Z
47104,4867,youtube,ext_youtube_00002564,Added Home Wi-Fi Mesh Kit to the high-priority service assurance path. Thank you PulsePoint 5G for closing the gap,2026-05-24T16:54:20Z,602,92,37,820,0.38,,,normal,,2026-05-27T11:26:11Z
47105,4848,threads,ext_threads_00002565,Subscribers are asking about New Line Activation through WaveFirst Mobile; upgrade and activation demand is rising,2026-05-01T06:29:15Z,1570,1799,882,199312,0.707,,,rising,,2026-05-27T11:26:11Z
47106,4968,threads,ext_threads_00002566,Families keep asking for better Wi-Fi performance before evening streaming starts,2026-05-27T07:08:56Z,268,90,23,11377,0.898,,,normal,,2026-05-27T11:26:11Z
47107,4972,youtube,ext_youtube_00002567,Connected life teams need better outreach after recent storm-related service events,2026-05-10T10:58:21Z,300,67,43,17069,-0.048,,,normal,,2026-05-27T11:26:11Z
47108,4779,youtube,ext_youtube_00002568,Subscriber experience note - SignalBridge Mobile 5G Unlimited Mobile Plan is the service everyone is trying to schedule right now,2026-05-06T11:24:27Z,773,64,27,2269,0.39,,,normal,,2026-05-27T11:26:11Z
47109,4571,instagram,ext_instagram_00002569,Roaming bill questions are creating new handoffs to billing and retention teams,2026-05-25T08:14:24Z,595,46,42,16826,0.508,,,normal,,2026-05-27T11:26:11Z
47110,4724,youtube,ext_youtube_00002570,"Two-week review of SilverLine Connected Life Senior Connected Life Plan: strong subscriber response, but capacity planning matters",2026-05-14T17:28:43Z,295,97,49,18287,0.701,,,normal,,2026-05-27T11:26:11Z
47111,4627,tiktok,ext_tiktok_00002571,Families keep asking where to find Connected Device Monitoring Onboarding. MetroSupply Devices is showing up in every upgrade thread,2026-04-28T07:43:17Z,3742,442,934,70517,0.274,,,rising,,2026-05-27T11:26:11Z
47112,4831,twitter,ext_twitter_00002572,NOC huddle: prioritize EnterpriseEdge Services Enterprise Account Navigation installs before the weekend streaming surge,2026-05-01T03:57:37Z,9449,473,401,145981,0.801,,,rising,,2026-05-27T11:26:11Z
47113,4720,threads,ext_threads_00002573,Billing and usage signals are surfacing new need for Field Technician Evaluation from OrbitMotion IoT,2026-05-17T12:12:19Z,436,99,25,12096,0.827,,,normal,,2026-05-27T11:26:11Z
47114,4544,youtube,ext_youtube_00002574,Coverage gaps are delaying service assurance for several subscriber groups,2026-05-27T04:32:06Z,718,24,36,3493,-0.084,,,normal,,2026-05-27T11:26:11Z
47115,4555,threads,ext_threads_00002575,Day 30 with the Fleet Telematics SIM Pack workflow and the field team says OrbitMotion IoT reduced manual follow-up,2026-05-14T10:43:42Z,49612,12179,4857,848371,0.623,,,viral,,2026-05-27T11:26:11Z
47116,5059,tiktok,ext_tiktok_00002576,Recommended OrbitMotion IoT Fleet Telematics SIM Pack to an account manager today because churn risk is the issue,2026-05-26T23:56:20Z,235125,61774,46849,10991814,0.914,,,mega_viral,,2026-05-27T11:26:11Z
47117,4957,youtube,ext_youtube_00002577,"Thought Fraud Resolution Case demand would level off, but ClearMind Customer Care is still seeing urgent requests",2026-05-26T08:10:40Z,429,53,46,18156,0.368,,,normal,,2026-05-27T11:26:11Z
47118,4708,twitter,ext_twitter_00002578,Morning capacity review featuring Fixed Wireless Home Internet. HomeConnect Fixed Wireless needs pre-positioned technician capacity,2026-05-16T13:15:38Z,7373,372,590,134877,0.629,,,rising,,2026-05-27T11:26:11Z
47119,4970,tiktok,ext_tiktok_00002579,Added Fiber Repair Appointment to the high-priority service assurance path. Thank you FiberPath Broadband for closing the gap,2026-05-01T13:50:47Z,627,94,9,15156,0.463,,,normal,,2026-05-27T11:26:11Z
47120,5030,tiktok,ext_tiktok_00002580,Subscribers are asking about Fleet Telematics SIM Pack through OrbitMotion IoT; upgrade and activation demand is rising,2026-05-15T13:38:28Z,1206,1846,218,138490,0.737,,,rising,,2026-05-27T11:26:11Z
47121,5003,threads,ext_threads_00002581,Network operations is flagging New Line Activation from WaveFirst Mobile as a capacity bottleneck this week,2026-05-05T05:05:48Z,7166,726,857,160253,0.907,,,rising,,2026-05-27T11:26:11Z
47122,4651,instagram,ext_instagram_00002582,Coverage update: Fraud Resolution Case capacity at ClearMind Customer Care is getting tight after a spike in service orders,2026-05-24T16:31:16Z,431,75,39,13550,0.555,,,normal,,2026-05-27T11:26:11Z
47123,4930,tiktok,ext_tiktok_00002583,Subscriber experience note - SignalBridge Mobile Number Port-In Activation is the service everyone is trying to schedule right now,2026-05-25T14:04:30Z,6391,611,475,107603,0.823,,,rising,,2026-05-27T11:26:11Z
47124,4909,instagram,ext_instagram_00002584,Outage follow-up: demand for Churn Risk Save Offer is up and WaveFirst Mobile needs more field slots,2026-05-11T08:22:11Z,6546,1335,750,81219,0.897,,,rising,,2026-05-27T11:26:11Z
47125,4605,threads,ext_threads_00002585,Device-support channels are seeing increased activation demand after a handset launch,2026-05-15T16:26:47Z,915,77,27,3023,0.58,,,normal,,2026-05-27T11:26:11Z
47126,4776,instagram,ext_instagram_00002586,Families keep asking for better Wi-Fi performance before evening streaming starts,2026-05-19T06:43:11Z,23036,6106,4265,257808,0.563,,,viral,,2026-05-27T11:26:11Z
47127,4573,twitter,ext_twitter_00002587,NOC huddle: prioritize OrbitMotion IoT Field Technician Evaluation installs before the weekend streaming surge,2026-05-23T02:10:12Z,390679,19136,18778,1632313,0.453,,,mega_viral,,2026-05-27T11:26:11Z
47128,5010,tiktok,ext_tiktok_00002588,Billing and usage signals are surfacing new need for Home Wi-Fi Mesh Kit from PulsePoint 5G,2026-05-25T10:30:43Z,2072,669,607,131238,0.412,,,rising,,2026-05-27T11:26:11Z
47129,4680,threads,ext_threads_00002589,"If your subscribers need Student Mobile Plan, check WellNest Family Plans availability early; appointment slots are moving fast",2026-05-07T08:47:34Z,528,87,39,1135,0.333,,,normal,,2026-05-27T11:26:11Z
47130,4723,twitter,ext_twitter_00002590,Day 30 with the 5G Unlimited Mobile Plan workflow and the field team says SignalBridge Mobile reduced manual follow-up,2026-05-21T23:29:24Z,5574,1034,978,69109,0.816,,,rising,,2026-05-27T11:26:11Z
47131,4671,instagram,ext_instagram_00002591,Recommended RoamFlow Mobility Roaming Cost Coaching to an account manager today because churn risk is the issue,2026-05-16T16:48:46Z,333,26,34,16181,0.902,,,normal,,2026-05-27T11:26:11Z
47132,4661,instagram,ext_instagram_00002592,Small businesses need earlier visibility into field technician appointment availability,2026-05-23T01:20:13Z,9063,1491,231,142846,0.089,,,rising,,2026-05-27T11:26:11Z
47133,5002,youtube,ext_youtube_00002593,Network monitoring alerts are helping the team catch congestion before call volume spikes,2026-05-04T18:28:57Z,9120,736,502,68353,0.24,,,rising,,2026-05-27T11:26:11Z
47134,4714,youtube,ext_youtube_00002594,Added Enterprise Account Navigation to the high-priority service assurance path. Thank you EnterpriseEdge Services for closing the gap,2026-05-08T19:25:04Z,64,89,23,472,0.844,,,normal,,2026-05-27T11:26:11Z
47135,4616,instagram,ext_instagram_00002595,Subscribers are asking about Edge Compute Reservation through EnterpriseEdge Services; upgrade and activation demand is rising,2026-05-24T17:02:47Z,8177,1981,963,86480,0.492,,,rising,,2026-05-27T11:26:11Z
47136,4620,threads,ext_threads_00002596,Families keep asking for better Wi-Fi performance before evening streaming starts,2026-05-27T10:46:50Z,81,83,21,9487,-0.056,,,normal,,2026-05-27T11:26:11Z
47137,4987,youtube,ext_youtube_00002597,Coverage update: Gigabit Fiber Install capacity at FiberPath Broadband is getting tight after a spike in service orders,2026-05-25T15:08:02Z,2493,1039,695,172728,0.761,,,rising,,2026-05-27T11:26:11Z
47138,4958,threads,ext_threads_00002598,Enterprise care teams are coordinating SLA-impact cases across regional service teams today,2026-05-16T16:01:27Z,912,91,42,17295,0.615,,,normal,,2026-05-27T11:26:11Z
47139,4879,instagram,ext_instagram_00002599,Outage follow-up: demand for Fixed Wireless Home Internet is up and HomeConnect Fixed Wireless needs more field slots,2026-05-03T19:51:54Z,219,0,6,8304,0.421,,,normal,,2026-05-27T11:26:11Z
47140,4678,twitter,ext_twitter_00002600,"Two-week review of SignalBridge Mobile Premium International Roaming Pass: strong subscriber response, but capacity planning matters",2026-05-02T05:46:39Z,558,23,2,399,0.525,,,normal,,2026-05-27T11:26:11Z
47141,4629,youtube,ext_youtube_00002601,Families keep asking where to find Family Data Share Plan. WellNest Family Plans is showing up in every upgrade thread,2026-05-26T13:58:33Z,771,40,5,1847,0.485,,,normal,,2026-05-27T11:26:11Z
47142,4890,tiktok,ext_tiktok_00002602,Small businesses need earlier visibility into field technician appointment availability,2026-05-21T06:57:31Z,127,20,32,7870,0.751,,,normal,,2026-05-27T11:26:11Z
47143,5019,instagram,ext_instagram_00002603,Network monitoring alerts are helping the team catch congestion before call volume spikes,2026-05-26T21:43:46Z,105577,66910,46250,3289829,0.222,,,mega_viral,,2026-05-27T11:26:11Z
47144,4926,twitter,ext_twitter_00002604,Coverage gaps are delaying service assurance for several subscriber groups,2026-05-04T22:27:00Z,607,41,22,17417,-0.01,,,normal,,2026-05-27T11:26:11Z
47145,4930,tiktok,ext_tiktok_00002605,Day 30 with the Family Data Share Plan workflow and the field team says WellNest Family Plans reduced manual follow-up,2026-05-22T00:01:24Z,25674,10754,4199,312939,0.476,,,viral,,2026-05-27T11:26:11Z
47146,4682,tiktok,ext_tiktok_00002606,Recommended WellNest Family Plans Network Congestion Plan Review to an account manager today because churn risk is the issue,2026-05-19T20:42:17Z,609,30,19,3667,0.771,,,normal,,2026-05-27T11:26:11Z
47147,4633,twitter,ext_twitter_00002607,"Thought 5G Unlimited Mobile Plan demand would level off, but SignalBridge Mobile is still seeing urgent requests",2026-05-11T11:08:15Z,973,13,31,903,0.507,,,normal,,2026-05-27T11:26:11Z
47148,4966,twitter,ext_twitter_00002608,Morning capacity review featuring Fleet Telematics SIM Pack. OrbitMotion IoT needs pre-positioned technician capacity,2026-04-30T12:26:13Z,901,66,18,13000,0.492,,,normal,,2026-05-27T11:26:11Z
47149,4651,instagram,ext_instagram_00002609,Roaming bill questions are creating new handoffs to billing and retention teams,2026-05-10T23:05:25Z,221,60,27,15388,0.597,,,normal,,2026-05-27T11:26:11Z
47150,4947,youtube,ext_youtube_00002610,Subscribers are asking about Customer Retention Intake through ClearMind Customer Care; upgrade and activation demand is rising,2026-05-24T06:44:47Z,164,69,25,7448,0.664,,,normal,,2026-05-27T11:26:11Z
47151,4651,instagram,ext_instagram_00002611,Network operations is flagging Fleet Telematics SIM Pack from OrbitMotion IoT as a capacity bottleneck this week,2026-05-10T09:10:33Z,310,33,16,5071,0.694,,,normal,,2026-05-27T11:26:11Z
47152,4585,threads,ext_threads_00002612,Coverage update: Device Upgrade Enrollment capacity at PulsePoint 5G is getting tight after a spike in service orders,2026-05-22T00:21:36Z,649,10,21,5485,0.893,,,normal,,2026-05-27T11:26:11Z
47153,4701,instagram,ext_instagram_00002613,Subscriber experience note - WellNest Family Plans Student Mobile Plan is the service everyone is trying to schedule right now,2026-04-29T07:54:37Z,140,7,48,18033,0.468,,,normal,,2026-05-27T11:26:11Z
47154,5019,instagram,ext_instagram_00002614,Outage follow-up: demand for 5G Unlimited Mobile Plan is up and SignalBridge Mobile needs more field slots,2026-05-17T06:52:36Z,885,88,49,12033,0.831,,,normal,,2026-05-27T11:26:11Z
47155,4801,twitter,ext_twitter_00002615,Device-support channels are seeing increased activation demand after a handset launch,2026-05-26T08:17:12Z,8204,1842,964,118241,-0.101,,,rising,,2026-05-27T11:26:11Z
47156,4595,threads,ext_threads_00002616,Families keep asking where to find Senior Connected Life Plan. SilverLine Connected Life is showing up in every upgrade thread,2026-05-14T17:47:25Z,300,49,48,19340,0.483,,,normal,,2026-05-27T11:26:11Z
47157,4543,twitter,ext_twitter_00002617,Connected life teams need better outreach after recent storm-related service events,2026-05-25T15:17:56Z,5599,1410,406,68378,0.587,,,rising,,2026-05-27T11:26:11Z
47158,4781,instagram,ext_instagram_00002618,Billing and usage signals are surfacing new need for SIM Replacement Starter Kit from MetroSupply Devices,2026-05-26T04:47:20Z,140450,68785,39645,10594689,0.719,,,mega_viral,,2026-05-27T11:26:11Z
47159,4697,tiktok,ext_tiktok_00002619,"If your subscribers need Premium International Roaming Pass, check SignalBridge Mobile availability early; appointment slots are moving fast",2026-05-07T07:02:06Z,476,8,45,14606,0.293,,,normal,,2026-05-27T11:26:11Z
47160,4599,youtube,ext_youtube_00002620,Subscribers are asking for clearer instructions after fiber installation and faster follow-up windows,2026-05-04T18:56:26Z,31888,7417,5828,664263,0.335,,,viral,,2026-05-27T11:26:11Z
47161,4805,tiktok,ext_tiktok_00002621,Recommended SignalBridge Mobile 5G Unlimited Mobile Plan to an account manager today because churn risk is the issue,2026-05-05T03:54:55Z,282,84,17,11331,0.886,,,normal,,2026-05-27T11:26:11Z
47162,4830,tiktok,ext_tiktok_00002622,"Thought SIM Replacement Starter Kit demand would level off, but MetroSupply Devices is still seeing urgent requests",2026-05-20T20:29:01Z,82,46,32,1680,0.542,,,normal,,2026-05-27T11:26:11Z
47163,5049,tiktok,ext_tiktok_00002623,Morning capacity review featuring Home Wi-Fi Mesh Kit. PulsePoint 5G needs pre-positioned technician capacity,2026-05-24T23:31:10Z,689,19,28,4986,0.401,,,normal,,2026-05-27T11:26:11Z
47164,4931,twitter,ext_twitter_00002624,Coverage gaps are delaying service assurance for several subscriber groups,2026-05-24T11:13:45Z,357,11,26,19673,-0.171,,,normal,,2026-05-27T11:26:11Z
47165,4904,instagram,ext_instagram_00002625,Subscribers are asking about Fiber Appointment Scheduling through RoamFlow Mobility; upgrade and activation demand is rising,2026-05-18T16:10:23Z,8609,1766,828,126935,0.881,,,rising,,2026-05-27T11:26:11Z
47166,4798,threads,ext_threads_00002626,Network operations is flagging 5G Unlimited Mobile Plan from SignalBridge Mobile as a capacity bottleneck this week,2026-05-22T15:04:30Z,496,73,9,18808,0.645,,,normal,,2026-05-27T11:26:11Z
47167,4700,threads,ext_threads_00002627,Coverage update: Churn Risk Save Offer capacity at WaveFirst Mobile is getting tight after a spike in service orders,2026-05-01T15:41:41Z,696,48,20,14861,0.476,,,normal,,2026-05-27T11:26:11Z
47168,4708,twitter,ext_twitter_00002628,Enterprise care teams are coordinating SLA-impact cases across regional service teams today,2026-05-27T10:56:48Z,766,88,6,1287,0.406,,,normal,,2026-05-27T11:26:11Z
47169,4715,threads,ext_threads_00002629,Outage follow-up: demand for Small Business Fiber SLA is up and FiberPath Broadband needs more field slots,2026-05-27T08:29:14Z,759,44,30,17592,0.71,,,normal,,2026-05-27T11:26:11Z
47170,4979,instagram,ext_instagram_00002630,Subscribers are asking for clearer instructions after fiber installation and faster follow-up windows,2026-05-19T12:10:49Z,304,49,11,18582,0.349,,,normal,,2026-05-27T11:26:11Z
47171,4834,instagram,ext_instagram_00002631,Families keep asking where to find Outage Follow-Up Call. ClearMind Customer Care is showing up in every upgrade thread,2026-04-30T16:45:40Z,750,50,45,5357,0.85,,,normal,,2026-05-27T11:26:11Z
47172,4598,twitter,ext_twitter_00002632,NOC huddle: prioritize HomeConnect Fixed Wireless LTE Backup Gateway installs before the weekend streaming surge,2026-05-19T05:56:20Z,816,47,30,14579,0.593,,,normal,,2026-05-27T11:26:11Z
47173,4932,youtube,ext_youtube_00002633,Billing and usage signals are surfacing new need for Gigabit Fiber Install from FiberPath Broadband,2026-05-14T14:00:35Z,876,28,36,10323,0.456,,,normal,,2026-05-27T11:26:11Z
47174,5058,instagram,ext_instagram_00002634,"If your subscribers need Fiber Repair Appointment, check FiberPath Broadband availability early; appointment slots are moving fast",2026-05-10T07:53:05Z,902,16,3,17961,0.782,,,normal,,2026-05-27T11:26:11Z
47175,4852,youtube,ext_youtube_00002635,Device-support channels are seeing increased activation demand after a handset launch,2026-05-21T23:23:37Z,228,32,10,11928,0.201,,,normal,,2026-05-27T11:26:11Z
47176,4972,youtube,ext_youtube_00002636,Recommended OrbitMotion IoT IoT Sensor Gateway Kit to an account manager today because churn risk is the issue,2026-05-14T06:13:15Z,2435,1744,393,150158,0.675,,,rising,,2026-05-27T11:26:11Z
47177,4888,threads,ext_threads_00002637,Connected life teams need better outreach after recent storm-related service events,2026-05-16T01:23:59Z,7420,627,760,146648,0.5,,,rising,,2026-05-27T11:26:11Z
47178,4688,twitter,ext_twitter_00002638,Morning capacity review featuring Fiber Repair Appointment. FiberPath Broadband needs pre-positioned technician capacity,2026-05-10T07:59:34Z,908,48,9,18746,0.319,,,normal,,2026-05-27T11:26:11Z
47179,5002,youtube,ext_youtube_00002639,Added Device Upgrade Enrollment to the high-priority service assurance path. Thank you PulsePoint 5G for closing the gap,2026-05-26T06:56:54Z,759,98,27,14082,0.211,,,normal,,2026-05-27T11:26:11Z
47180,4651,instagram,ext_instagram_00002640,Subscribers are asking for clearer instructions after fiber installation and faster follow-up windows,2026-05-18T21:14:26Z,9637,720,883,81728,0.528,,,rising,,2026-05-27T11:26:11Z
47181,5029,instagram,ext_instagram_00002641,Network operations is flagging Network Congestion Plan Review from WellNest Family Plans as a capacity bottleneck this week,2026-05-17T17:20:56Z,652,4,18,17041,0.444,,,normal,,2026-05-27T11:26:11Z
47182,4672,tiktok,ext_tiktok_00002642,Coverage update: Churn Risk Save Offer capacity at WaveFirst Mobile is getting tight after a spike in service orders,2026-05-27T03:34:20Z,936,70,17,5811,0.865,,,normal,,2026-05-27T11:26:11Z
47183,4607,tiktok,ext_tiktok_00002643,Subscriber experience note - HomeConnect Fixed Wireless LTE Backup Gateway is the service everyone is trying to schedule right now,2026-05-05T21:42:13Z,622,93,11,17956,0.937,,,normal,,2026-05-27T11:26:11Z
47184,4662,tiktok,ext_tiktok_00002644,Outage follow-up: demand for Family Data Share Plan is up and WellNest Family Plans needs more field slots,2026-05-27T11:13:57Z,852,89,12,11238,0.393,,,normal,,2026-05-27T11:26:11Z
47185,4751,instagram,ext_instagram_00002645,"Two-week review of WellNest Family Plans Family Data Share Plan: strong subscriber response, but capacity planning matters",2026-05-27T10:31:00Z,1862,492,986,48221,0.862,,,rising,,2026-05-27T11:26:11Z
47186,4575,threads,ext_threads_00002646,Families keep asking for better Wi-Fi performance before evening streaming starts,2026-05-27T05:31:42Z,579,27,3,18623,0.6,,,normal,,2026-05-27T11:26:11Z
47187,4684,youtube,ext_youtube_00002647,NOC huddle: prioritize WellNest Family Plans Student Mobile Plan installs before the weekend streaming surge,2026-05-12T04:35:26Z,442,98,35,1989,0.802,,,normal,,2026-05-27T11:26:11Z
47188,4711,instagram,ext_instagram_00002648,Billing and usage signals are surfacing new need for Small Business Fiber SLA from FiberPath Broadband,2026-05-21T00:25:43Z,3076,438,397,47569,0.794,,,rising,,2026-05-27T11:26:11Z
47189,4707,tiktok,ext_tiktok_00002649,Roaming bill questions are creating new handoffs to billing and retention teams,2026-05-22T01:24:28Z,608,53,7,7856,0.573,,,normal,,2026-05-27T11:26:11Z
47190,4883,threads,ext_threads_00002650,Day 30 with the Gigabit Fiber Install workflow and the field team says FiberPath Broadband reduced manual follow-up,2026-05-18T12:13:14Z,778,23,22,1124,0.229,,,normal,,2026-05-27T11:26:11Z
47191,4980,tiktok,ext_tiktok_00002651,Recommended WellNest Family Plans Network Congestion Plan Review to an account manager today because churn risk is the issue,2026-05-27T08:33:40Z,315,21,26,5545,0.607,,,normal,,2026-05-27T11:26:11Z
47192,5002,youtube,ext_youtube_00002652,Small businesses need earlier visibility into field technician appointment availability,2026-05-06T13:02:50Z,406,75,16,10715,0.172,,,normal,,2026-05-27T11:26:11Z
47193,4697,tiktok,ext_tiktok_00002653,Morning capacity review featuring Student Mobile Plan. WellNest Family Plans needs pre-positioned technician capacity,2026-05-13T10:47:04Z,746,95,46,7286,0.21,,,normal,,2026-05-27T11:26:11Z
47194,4554,youtube,ext_youtube_00002654,Added Fixed Wireless Home Internet to the high-priority service assurance path. Thank you HomeConnect Fixed Wireless for closing the gap,2026-05-18T21:40:27Z,28478,8443,4109,942923,0.228,,,viral,,2026-05-27T11:26:11Z
47195,4650,threads,ext_threads_00002655,Subscribers are asking about Premium International Roaming Pass through SignalBridge Mobile; upgrade and activation demand is rising,2026-05-06T20:46:28Z,3455,423,707,187476,0.509,,,rising,,2026-05-27T11:26:11Z
47196,4834,instagram,ext_instagram_00002656,Families keep asking for better Wi-Fi performance before evening streaming starts,2026-05-27T11:21:17Z,187,36,34,4553,0.252,,,normal,,2026-05-27T11:26:11Z
47197,4985,tiktok,ext_tiktok_00002657,Coverage update: Edge Compute Reservation capacity at EnterpriseEdge Services is getting tight after a spike in service orders,2026-05-27T09:13:09Z,586,48,27,4768,0.764,,,normal,,2026-05-27T11:26:11Z
47198,4801,twitter,ext_twitter_00002658,Subscriber experience note - OrbitMotion IoT Fleet Telematics SIM Pack is the service everyone is trying to schedule right now,2026-05-22T06:54:29Z,202,10,13,12310,0.831,,,normal,,2026-05-27T11:26:11Z
47199,4866,twitter,ext_twitter_00002659,Roaming bill questions are creating new handoffs to billing and retention teams,2026-05-21T05:18:28Z,752,25,14,11511,0.726,,,normal,,2026-05-27T11:26:11Z
47200,4824,instagram,ext_instagram_00002660,"Two-week review of PulsePoint 5G Home Wi-Fi Mesh Kit: strong subscriber response, but capacity planning matters",2026-05-01T08:05:02Z,505,8,37,4673,0.545,,,normal,,2026-05-27T11:26:11Z
47201,4772,tiktok,ext_tiktok_00002661,Families keep asking where to find Fraud Resolution Case. ClearMind Customer Care is showing up in every upgrade thread,2026-05-20T09:47:49Z,15606,2071,3136,379846,0.887,,,viral,,2026-05-27T11:26:11Z
47202,4625,threads,ext_threads_00002662,NOC huddle: prioritize OrbitMotion IoT Fleet Telematics SIM Pack installs before the weekend streaming surge,2026-05-06T09:34:15Z,8614,1475,811,66026,0.693,,,rising,,2026-05-27T11:26:11Z
47203,4604,youtube,ext_youtube_00002663,Billing and usage signals are surfacing new need for Customer Retention Intake from ClearMind Customer Care,2026-05-25T07:04:19Z,222,11,42,14700,0.809,,,normal,,2026-05-27T11:26:11Z
47204,4555,threads,ext_threads_00002664,"If your subscribers need SIM Replacement Starter Kit, check MetroSupply Devices availability early; appointment slots are moving fast",2026-05-08T00:26:03Z,18,50,13,5531,0.644,,,normal,,2026-05-27T11:26:11Z
47205,4868,threads,ext_threads_00002665,Day 30 with the Smart Home Connectivity Assessment workflow and the field team says HomeConnect Fixed Wireless reduced manual follow-up,2026-05-17T09:41:21Z,314,19,44,18937,0.207,,,normal,,2026-05-27T11:26:11Z
47206,4794,instagram,ext_instagram_00002666,Recommended SignalBridge Mobile 5G Unlimited Mobile Plan to an account manager today because churn risk is the issue,2026-05-14T05:09:52Z,239,49,22,19824,0.423,,,normal,,2026-05-27T11:26:11Z
47207,4792,youtube,ext_youtube_00002667,"Thought Premium International Roaming Pass demand would level off, but SignalBridge Mobile is still seeing urgent requests",2026-05-26T19:41:13Z,778,78,21,11703,0.819,,,normal,,2026-05-27T11:26:11Z
47208,4864,instagram,ext_instagram_00002668,Enterprise care teams are coordinating SLA-impact cases across regional service teams today,2026-05-26T08:32:36Z,153,98,15,15253,0.253,,,normal,,2026-05-27T11:26:11Z
47209,4941,twitter,ext_twitter_00002669,Roaming bill questions are creating new handoffs to billing and retention teams,2026-05-09T20:31:51Z,616,29,10,14686,0.595,,,normal,,2026-05-27T11:26:11Z
47210,5043,instagram,ext_instagram_00002670,Subscribers are asking about Roaming Cost Coaching through RoamFlow Mobility; upgrade and activation demand is rising,2026-05-08T23:07:37Z,190,77,36,16641,0.761,,,normal,,2026-05-27T11:26:11Z
47211,4829,instagram,ext_instagram_00002671,Network operations is flagging Churn Risk Save Offer from WaveFirst Mobile as a capacity bottleneck this week,2026-05-01T04:41:54Z,615,79,39,2218,0.259,,,normal,,2026-05-27T11:26:11Z
47212,4542,tiktok,ext_tiktok_00002672,Coverage update: Small Business Fiber SLA capacity at FiberPath Broadband is getting tight after a spike in service orders,2026-05-14T22:38:00Z,708,80,35,19824,0.733,,,normal,,2026-05-27T11:26:11Z
47213,4675,threads,ext_threads_00002673,Subscriber experience note - WaveFirst Mobile New Line Activation is the service everyone is trying to schedule right now,2026-05-21T01:22:51Z,9769,1433,879,73286,0.901,,,rising,,2026-05-27T11:26:11Z
47214,4622,tiktok,ext_tiktok_00002674,Coverage gaps are delaying service assurance for several subscriber groups,2026-05-24T02:58:59Z,1884,633,755,177388,0.838,,,rising,,2026-05-27T11:26:11Z
47215,4592,tiktok,ext_tiktok_00002675,"Two-week review of EnterpriseEdge Services Edge Compute Reservation: strong subscriber response, but capacity planning matters",2026-05-15T06:09:38Z,675,14,39,14947,0.404,,,normal,,2026-05-27T11:26:11Z
47216,4575,threads,ext_threads_00002676,Families keep asking where to find Home Wi-Fi Mesh Kit. PulsePoint 5G is showing up in every upgrade thread,2026-05-24T01:09:47Z,670,14,3,13367,0.205,,,normal,,2026-05-27T11:26:11Z
47217,4633,twitter,ext_twitter_00002677,Connected life teams need better outreach after recent storm-related service events,2026-05-26T18:53:05Z,848,62,9,1380,0.04,,,normal,,2026-05-27T11:26:11Z
47218,4842,youtube,ext_youtube_00002678,Billing and usage signals are surfacing new need for Smart Home Connectivity Assessment from HomeConnect Fixed Wireless,2026-05-16T19:31:20Z,491,8,15,3494,0.931,,,normal,,2026-05-27T11:26:11Z
47219,4765,threads,ext_threads_00002679,Roaming bill questions are creating new handoffs to billing and retention teams,2026-05-27T11:16:29Z,2185,1843,171,62258,0.632,,,rising,,2026-05-27T11:26:11Z
47220,4867,youtube,ext_youtube_00002680,Subscribers are asking for clearer instructions after fiber installation and faster follow-up windows,2026-05-27T03:39:26Z,5430,1863,967,48901,0.003,,,rising,,2026-05-27T11:26:11Z
47221,5006,twitter,ext_twitter_00002681,Recommended SignalBridge Mobile 5G Unlimited Mobile Plan to an account manager today because churn risk is the issue,2026-05-02T15:44:14Z,6415,1545,601,78508,0.885,,,rising,,2026-05-27T11:26:11Z
47222,4752,tiktok,ext_tiktok_00002682,Small businesses need earlier visibility into field technician appointment availability,2026-05-03T19:55:16Z,8356,702,388,154163,-0.08,,,rising,,2026-05-27T11:26:11Z
47223,4620,threads,ext_threads_00002683,Morning capacity review featuring 5G Mobile Hotspot Kit. MetroSupply Devices needs pre-positioned technician capacity,2026-05-15T01:26:29Z,4937,1135,731,172002,0.854,,,rising,,2026-05-27T11:26:11Z
47224,4869,instagram,ext_instagram_00002684,Coverage gaps are delaying service assurance for several subscriber groups,2026-05-10T01:57:32Z,704,41,22,17823,-0.041,,,normal,,2026-05-27T11:26:11Z
47225,4660,threads,ext_threads_00002685,Subscribers are asking about LTE Backup Gateway through HomeConnect Fixed Wireless; upgrade and activation demand is rising,2026-05-22T07:48:49Z,965,37,40,11919,0.835,,,normal,,2026-05-27T11:26:11Z
47226,4588,twitter,ext_twitter_00002686,Network operations is flagging LTE Backup Gateway from HomeConnect Fixed Wireless as a capacity bottleneck this week,2026-05-24T08:23:25Z,549,67,47,19636,0.638,,,normal,,2026-05-27T11:26:11Z
47227,4632,tiktok,ext_tiktok_00002687,Connected life teams need better outreach after recent storm-related service events,2026-05-24T02:48:24Z,2422,1008,402,161914,0.186,,,rising,,2026-05-27T11:26:11Z
47228,4886,twitter,ext_twitter_00002688,Enterprise care teams are coordinating SLA-impact cases across regional service teams today,2026-05-20T07:34:09Z,389,68,2,3330,-0.259,,,normal,,2026-05-27T11:26:11Z
47229,4683,twitter,ext_twitter_00002689,Roaming bill questions are creating new handoffs to billing and retention teams,2026-05-19T19:11:33Z,592,24,3,1046,0.106,,,normal,,2026-05-27T11:26:11Z
47230,4573,twitter,ext_twitter_00002690,"Two-week review of FiberPath Broadband Gigabit Fiber Install: strong subscriber response, but capacity planning matters",2026-05-24T11:13:13Z,298,87,32,15165,0.326,,,normal,,2026-05-27T11:26:11Z
47231,4625,threads,ext_threads_00002691,Families keep asking where to find Edge Compute Reservation. EnterpriseEdge Services is showing up in every upgrade thread,2026-05-22T05:32:13Z,816,29,45,19208,0.415,,,normal,,2026-05-27T11:26:11Z
47232,4708,twitter,ext_twitter_00002692,Small businesses need earlier visibility into field technician appointment availability,2026-05-26T21:55:20Z,704,25,10,16599,0.542,,,normal,,2026-05-27T11:26:11Z
47233,4548,twitter,ext_twitter_00002693,Network monitoring alerts are helping the team catch congestion before call volume spikes,2026-05-12T20:38:12Z,471,7,37,18514,0.278,,,normal,,2026-05-27T11:26:11Z
47234,4807,youtube,ext_youtube_00002694,"If your subscribers need 5G Mobile Hotspot Kit, check MetroSupply Devices availability early; appointment slots are moving fast",2026-04-30T13:43:30Z,799,19,14,9703,0.946,,,normal,,2026-05-27T11:26:11Z
47235,4770,threads,ext_threads_00002695,Day 30 with the Fiber Repair Appointment workflow and the field team says FiberPath Broadband reduced manual follow-up,2026-05-24T23:20:13Z,6454,1485,713,182125,0.882,,,rising,,2026-05-27T11:26:11Z
47236,4990,tiktok,ext_tiktok_00002696,Recommended FiberPath Broadband Small Business Fiber SLA to an account manager today because churn risk is the issue,2026-05-26T11:58:41Z,183,96,36,14070,0.535,,,normal,,2026-05-27T11:26:11Z
47237,4667,tiktok,ext_tiktok_00002697,Connected life teams need better outreach after recent storm-related service events,2026-05-22T09:35:18Z,217,20,44,10509,-0.297,,,normal,,2026-05-27T11:26:11Z
47238,4979,instagram,ext_instagram_00002698,Enterprise care teams are coordinating SLA-impact cases across regional service teams today,2026-05-26T02:32:53Z,876,58,29,6471,0.513,,,normal,,2026-05-27T11:26:11Z
47239,4960,tiktok,ext_tiktok_00002699,Added Smart Home Connectivity Assessment to the high-priority service assurance path. Thank you HomeConnect Fixed Wireless for closing the gap,2026-05-23T17:43:29Z,57,2,41,6419,0.36,,,normal,,2026-05-27T11:26:11Z
47240,4864,instagram,ext_instagram_00002700,Subscribers are asking about 5G Business Consultation through PulsePoint 5G; upgrade and activation demand is rising,2026-05-27T11:18:05Z,200,2,10,6659,0.437,,,normal,,2026-05-27T11:26:11Z
47241,4714,youtube,ext_youtube_00002701,Network operations is flagging Senior Connected Life Plan from SilverLine Connected Life as a capacity bottleneck this week,2026-05-27T08:30:59Z,9491,1669,891,136909,0.585,,,rising,,2026-05-27T11:26:11Z
47242,4941,twitter,ext_twitter_00002702,Coverage update: Connected Device Monitoring Onboarding capacity at MetroSupply Devices is getting tight after a spike in service orders,2026-05-12T03:29:44Z,827,41,45,741,0.265,,,normal,,2026-05-27T11:26:11Z
47243,4768,twitter,ext_twitter_00002703,Subscriber experience note - SilverLine Connected Life Senior Connected Life Plan is the service everyone is trying to schedule right now,2026-05-22T15:05:18Z,26861,8131,7291,813667,0.293,,,viral,,2026-05-27T11:26:11Z
47244,4743,twitter,ext_twitter_00002704,Outage follow-up: demand for Field Technician Evaluation is up and OrbitMotion IoT needs more field slots,2026-05-18T06:09:26Z,324,12,9,18466,0.775,,,normal,,2026-05-27T11:26:11Z
47245,4744,youtube,ext_youtube_00002705,Device-support channels are seeing increased activation demand after a handset launch,2026-05-06T06:33:48Z,8324,1714,558,99711,0.074,,,rising,,2026-05-27T11:26:11Z
47246,4554,youtube,ext_youtube_00002706,Families keep asking for better Wi-Fi performance before evening streaming starts,2026-04-29T15:49:30Z,22075,11979,7676,785542,0.515,,,viral,,2026-05-27T11:26:11Z
47247,5019,instagram,ext_instagram_00002707,NOC huddle: prioritize FiberPath Broadband Fiber Repair Appointment installs before the weekend streaming surge,2026-05-27T09:50:08Z,426,46,31,9112,0.31,,,normal,,2026-05-27T11:26:11Z
47248,4991,twitter,ext_twitter_00002708,Enterprise care teams are coordinating SLA-impact cases across regional service teams today,2026-05-22T01:06:21Z,572,27,0,993,0.206,,,normal,,2026-05-27T11:26:11Z
47249,4743,twitter,ext_twitter_00002709,"If your subscribers need 5G Unlimited Mobile Plan, check SignalBridge Mobile availability early; appointment slots are moving fast",2026-05-12T04:37:11Z,208191,91750,14552,3034238,0.314,,,mega_viral,,2026-05-27T11:26:11Z
47250,4556,instagram,ext_instagram_00002710,Subscribers are asking for clearer instructions after fiber installation and faster follow-up windows,2026-05-10T15:51:12Z,425,82,27,12420,-0.176,,,normal,,2026-05-27T11:26:11Z
47251,4768,twitter,ext_twitter_00002711,Recommended OrbitMotion IoT Fleet Telematics SIM Pack to an account manager today because churn risk is the issue,2026-04-28T15:36:53Z,181,55,25,6828,0.348,,,normal,,2026-05-27T11:26:11Z
47252,4904,instagram,ext_instagram_00002712,"Thought Family Connectivity Support Session demand would level off, but SilverLine Connected Life is still seeing urgent requests",2026-05-16T18:35:54Z,250,26,24,18847,0.919,,,normal,,2026-05-27T11:26:11Z
47253,4690,threads,ext_threads_00002713,Network monitoring alerts are helping the team catch congestion before call volume spikes,2026-05-05T07:13:20Z,6420,1975,387,55600,0.462,,,rising,,2026-05-27T11:26:11Z
47254,4629,youtube,ext_youtube_00002714,Added Smart Home Connectivity Assessment to the high-priority service assurance path. Thank you HomeConnect Fixed Wireless for closing the gap,2026-05-14T16:11:58Z,929,10,7,13227,0.901,,,normal,,2026-05-27T11:26:11Z
47255,4944,instagram,ext_instagram_00002715,Subscribers are asking about Network Congestion Plan Review through WellNest Family Plans; upgrade and activation demand is rising,2026-05-17T19:46:35Z,5901,1909,262,90882,0.426,,,rising,,2026-05-27T11:26:11Z
47256,4728,twitter,ext_twitter_00002716,Families keep asking for better Wi-Fi performance before evening streaming starts,2026-05-15T15:04:55Z,33764,3916,2266,719713,-0.112,,,viral,,2026-05-27T11:26:11Z
47257,4586,instagram,ext_instagram_00002717,Connected life teams need better outreach after recent storm-related service events,2026-05-21T03:40:22Z,708,53,1,8572,0.056,,,normal,,2026-05-27T11:26:11Z
47258,4688,twitter,ext_twitter_00002718,Enterprise care teams are coordinating SLA-impact cases across regional service teams today,2026-05-24T09:57:15Z,994,22,12,11453,0.335,,,normal,,2026-05-27T11:26:11Z
47259,4673,twitter,ext_twitter_00002719,Outage follow-up: demand for Customer Retention Intake is up and ClearMind Customer Care needs more field slots,2026-05-17T19:55:23Z,915,53,36,7331,0.637,,,normal,,2026-05-27T11:26:11Z
47260,4715,threads,ext_threads_00002720,Subscribers are asking for clearer instructions after fiber installation and faster follow-up windows,2026-04-29T11:39:43Z,481,87,2,10409,0.068,,,normal,,2026-05-27T11:26:11Z
47261,4854,instagram,ext_instagram_00002721,Families keep asking where to find Fleet Telematics SIM Pack. OrbitMotion IoT is showing up in every upgrade thread,2026-05-26T17:47:36Z,550,90,44,9940,0.52,,,normal,,2026-05-27T11:26:11Z
47262,4993,threads,ext_threads_00002722,Small businesses need earlier visibility into field technician appointment availability,2026-05-26T16:17:51Z,314,75,49,8975,-0.055,,,normal,,2026-05-27T11:26:11Z
47263,4823,threads,ext_threads_00002723,Billing and usage signals are surfacing new need for Edge Compute Reservation from EnterpriseEdge Services,2026-05-27T11:01:45Z,437,99,18,14053,0.407,,,normal,,2026-05-27T11:26:11Z
47264,4718,twitter,ext_twitter_00002724,"If your subscribers need Device Upgrade Enrollment, check PulsePoint 5G availability early; appointment slots are moving fast",2026-05-20T01:02:05Z,16148,14352,3562,486815,0.612,,,viral,,2026-05-27T11:26:11Z
47265,4824,instagram,ext_instagram_00002725,Device-support channels are seeing increased activation demand after a handset launch,2026-05-09T02:12:24Z,337,24,14,11501,-0.252,,,normal,,2026-05-27T11:26:11Z
47266,4703,twitter,ext_twitter_00002726,Recommended ClearMind Customer Care Fraud Resolution Case to an account manager today because churn risk is the issue,2026-05-21T18:24:45Z,120,6,44,3425,0.487,,,normal,,2026-05-27T11:26:11Z
47267,4847,youtube,ext_youtube_00002727,Connected life teams need better outreach after recent storm-related service events,2026-05-06T14:51:32Z,4944,300,262,187146,-0.237,,,rising,,2026-05-27T11:26:11Z
47268,4867,youtube,ext_youtube_00002728,Morning capacity review featuring Home Wi-Fi Mesh Kit. PulsePoint 5G needs pre-positioned technician capacity,2026-05-01T10:25:24Z,631,68,3,18064,0.213,,,normal,,2026-05-27T11:26:11Z
47269,4978,threads,ext_threads_00002729,Added Fiber Appointment Scheduling to the high-priority service assurance path. Thank you RoamFlow Mobility for closing the gap,2026-05-01T19:20:54Z,173,44,5,3476,0.793,,,normal,,2026-05-27T11:26:11Z
47270,4832,youtube,ext_youtube_00002730,Subscribers are asking about SIM Replacement Starter Kit through MetroSupply Devices; upgrade and activation demand is rising,2026-05-23T01:30:35Z,454,66,30,4217,0.687,,,normal,,2026-05-27T11:26:11Z
47271,5043,instagram,ext_instagram_00002731,Outage follow-up is the top request in our subscriber forum this week,2026-05-16T20:15:23Z,26409,11070,3161,936222,0.857,,,viral,,2026-05-27T11:26:11Z
47272,4947,youtube,ext_youtube_00002732,Coverage update: Churn Risk Save Offer capacity at WaveFirst Mobile is getting tight after a spike in service orders,2026-05-25T02:17:18Z,78674,39555,45308,19247845,0.377,,,mega_viral,,2026-05-27T11:26:11Z
47273,4710,threads,ext_threads_00002733,Subscriber experience note - ClearMind Customer Care Customer Retention Intake is the service everyone is trying to schedule right now,2026-05-06T13:47:09Z,41,84,49,6376,0.347,,,normal,,2026-05-27T11:26:11Z
47274,4954,instagram,ext_instagram_00002734,Outage follow-up: demand for Fixed Wireless Home Internet is up and HomeConnect Fixed Wireless needs more field slots,2026-05-20T12:26:58Z,609,47,34,249,0.336,,,normal,,2026-05-27T11:26:11Z
47275,4595,threads,ext_threads_00002735,Device-support channels are seeing increased activation demand after a handset launch,2026-05-08T19:20:31Z,637,50,45,6512,0.217,,,normal,,2026-05-27T11:26:11Z
47276,4877,youtube,ext_youtube_00002736,Families keep asking for better Wi-Fi performance before evening streaming starts,2026-05-14T09:28:51Z,2879,596,506,42297,0.687,,,rising,,2026-05-27T11:26:11Z
47277,4733,twitter,ext_twitter_00002737,NOC huddle: prioritize SignalBridge Mobile Number Port-In Activation installs before the weekend streaming surge,2026-05-18T19:11:25Z,872,87,20,12326,0.727,,,normal,,2026-05-27T11:26:11Z
47278,4960,tiktok,ext_tiktok_00002738,Billing and usage signals are surfacing new need for Family Data Share Plan from WellNest Family Plans,2026-05-25T16:47:53Z,510,74,4,13114,0.793,,,normal,,2026-05-27T11:26:11Z
47279,5031,twitter,ext_twitter_00002739,"If your subscribers need Family Connectivity Support Session, check SilverLine Connected Life availability early; appointment slots are moving fast",2026-05-27T04:31:32Z,269,99,27,3787,0.691,,,normal,,2026-05-27T11:26:11Z
47280,4643,twitter,ext_twitter_00002740,Day 30 with the Senior Connected Life Plan workflow and the field team says SilverLine Connected Life reduced manual follow-up,2026-05-22T11:30:20Z,486,96,1,6316,0.435,,,normal,,2026-05-27T11:26:11Z
47281,4576,instagram,ext_instagram_00002741,Recommended MetroSupply Devices 5G Mobile Hotspot Kit to an account manager today because churn risk is the issue,2026-05-26T16:55:46Z,313,93,16,3542,0.855,,,normal,,2026-05-27T11:26:11Z
47282,4985,tiktok,ext_tiktok_00002742,"Thought 5G Mobile Hotspot Kit demand would level off, but MetroSupply Devices is still seeing urgent requests",2026-05-23T03:10:54Z,717,85,19,3444,0.288,,,normal,,2026-05-27T11:26:11Z
47283,4972,youtube,ext_youtube_00002743,Morning capacity review featuring Fixed Wireless Home Internet. HomeConnect Fixed Wireless needs pre-positioned technician capacity,2026-04-29T06:46:41Z,631,79,10,10872,0.269,,,normal,,2026-05-27T11:26:11Z
47284,4866,twitter,ext_twitter_00002744,Coverage gaps are delaying service assurance for several subscriber groups,2026-04-30T12:44:04Z,108,70,29,6011,-0.174,,,normal,,2026-05-27T11:26:11Z
47285,4950,tiktok,ext_tiktok_00002745,Subscribers are asking about Device Upgrade Enrollment through PulsePoint 5G; upgrade and activation demand is rising,2026-05-27T06:44:28Z,5886,521,625,101801,0.446,,,rising,,2026-05-27T11:26:11Z
47286,4748,twitter,ext_twitter_00002746,Network operations is flagging LTE Backup Gateway from HomeConnect Fixed Wireless as a capacity bottleneck this week,2026-05-17T06:59:14Z,19,59,39,6048,0.397,,,normal,,2026-05-27T11:26:11Z
47287,4774,youtube,ext_youtube_00002747,Connected life teams need better outreach after recent storm-related service events,2026-05-19T10:34:28Z,218,10,45,9818,0.848,,,normal,,2026-05-27T11:26:11Z
47288,4713,twitter,ext_twitter_00002748,Enterprise care teams are coordinating SLA-impact cases across regional service teams today,2026-05-24T04:25:31Z,15134,4846,3345,320150,0.592,,,viral,,2026-05-27T11:26:11Z
47289,4927,youtube,ext_youtube_00002749,Roaming bill questions are creating new handoffs to billing and retention teams,2026-05-22T22:36:17Z,1384,305,667,95753,0.824,,,rising,,2026-05-27T11:26:11Z
47290,5020,tiktok,ext_tiktok_00002750,"Two-week review of EnterpriseEdge Services Enterprise Account Navigation: strong subscriber response, but capacity planning matters",2026-05-27T11:05:20Z,833,52,28,12401,0.342,,,normal,,2026-05-27T11:26:11Z
47291,4681,instagram,ext_instagram_00002751,Families keep asking where to find 5G Unlimited Mobile Plan. SignalBridge Mobile is showing up in every upgrade thread,2026-05-27T09:28:51Z,763,12,36,3882,0.556,,,normal,,2026-05-27T11:26:11Z
47292,5054,tiktok,ext_tiktok_00002752,Small businesses need earlier visibility into field technician appointment availability,2026-05-17T10:12:27Z,688,78,9,8540,0.166,,,normal,,2026-05-27T11:26:11Z
47293,4897,youtube,ext_youtube_00002753,Billing and usage signals are surfacing new need for Gigabit Fiber Install from FiberPath Broadband,2026-05-23T18:00:48Z,797,20,10,627,0.382,,,normal,,2026-05-27T11:26:11Z
47294,4555,threads,ext_threads_00002754,"If your subscribers need Family Data Share Plan, check WellNest Family Plans availability early; appointment slots are moving fast",2026-05-16T00:01:02Z,3732,1223,868,159701,0.946,,,rising,,2026-05-27T11:26:11Z
47295,4613,twitter,ext_twitter_00002755,Device-support channels are seeing increased activation demand after a handset launch,2026-05-16T23:57:45Z,212,47,47,4499,-0.162,,,normal,,2026-05-27T11:26:11Z
47296,4978,threads,ext_threads_00002756,Recommended PulsePoint 5G Device Upgrade Enrollment to an account manager today because churn risk is the issue,2026-05-25T07:43:31Z,8221,1932,594,118056,0.48,,,rising,,2026-05-27T11:26:11Z
47297,5008,threads,ext_threads_00002757,Connected life teams need better outreach after recent storm-related service events,2026-05-27T01:34:38Z,605,4,21,5349,0.411,,,normal,,2026-05-27T11:26:11Z
47298,4701,instagram,ext_instagram_00002758,Enterprise care teams are coordinating SLA-impact cases across regional service teams today,2026-05-08T09:04:58Z,714,34,32,11062,0.191,,,normal,,2026-05-27T11:26:11Z
47299,5024,instagram,ext_instagram_00002759,Added Family Data Share Plan to the high-priority service assurance path. Thank you WellNest Family Plans for closing the gap,2026-05-21T09:16:04Z,9779,329,227,117033,0.583,,,rising,,2026-05-27T11:26:11Z
47300,4874,instagram,ext_instagram_00002760,Subscribers are asking about LTE Backup Gateway through HomeConnect Fixed Wireless; upgrade and activation demand is rising,2026-05-18T02:19:05Z,999,57,29,17662,0.511,,,normal,,2026-05-27T11:26:11Z
47301,4680,threads,ext_threads_00002761,Outage follow-up is the top request in our subscriber forum this week,2026-05-25T05:29:34Z,877,54,42,8137,0.024,,,normal,,2026-05-27T11:26:11Z
47302,4746,instagram,ext_instagram_00002762,Small businesses need earlier visibility into field technician appointment availability,2026-05-05T08:04:19Z,312,74,15,5046,0.422,,,normal,,2026-05-27T11:26:11Z
47303,4710,threads,ext_threads_00002763,Subscriber experience note - MetroSupply Devices 5G Mobile Hotspot Kit is the service everyone is trying to schedule right now,2026-05-27T06:06:58Z,29,4,43,12342,0.216,,,normal,,2026-05-27T11:26:11Z
47304,4563,twitter,ext_twitter_00002764,Outage follow-up: demand for Connected Device Monitoring Onboarding is up and MetroSupply Devices needs more field slots,2026-05-18T10:50:59Z,34399,5389,3370,276902,0.8,,,viral,,2026-05-27T11:26:11Z
47305,4586,instagram,ext_instagram_00002765,Device-support channels are seeing increased activation demand after a handset launch,2026-05-25T12:58:00Z,640,13,35,11773,0.215,,,normal,,2026-05-27T11:26:11Z
47306,4913,threads,ext_threads_00002766,Families keep asking for better Wi-Fi performance before evening streaming starts,2026-04-29T05:49:58Z,667,80,7,1765,0.003,,,normal,,2026-05-27T11:26:11Z
47307,4665,threads,ext_threads_00002767,NOC huddle: prioritize OrbitMotion IoT Fleet Telematics SIM Pack installs before the weekend streaming surge,2026-05-25T13:39:36Z,829,85,39,15972,0.413,,,normal,,2026-05-27T11:26:11Z
47308,4594,youtube,ext_youtube_00002768,Billing and usage signals are surfacing new need for Fixed Wireless Home Internet from HomeConnect Fixed Wireless,2026-05-25T20:07:05Z,175,42,28,12763,0.323,,,normal,,2026-05-27T11:26:11Z
47309,5024,instagram,ext_instagram_00002769,"If your subscribers need 5G Business Consultation, check PulsePoint 5G availability early; appointment slots are moving fast",2026-05-02T13:44:49Z,724,21,19,14502,0.248,,,normal,,2026-05-27T11:26:11Z
47310,4563,twitter,ext_twitter_00002770,Day 30 with the SIM Replacement Starter Kit workflow and the field team says MetroSupply Devices reduced manual follow-up,2026-05-27T07:55:43Z,275,2,46,17482,0.364,,,normal,,2026-05-27T11:26:11Z
47311,4717,tiktok,ext_tiktok_00002771,Recommended HomeConnect Fixed Wireless LTE Backup Gateway to an account manager today because churn risk is the issue,2026-04-28T15:28:55Z,3427,575,800,185501,0.421,,,rising,,2026-05-27T11:26:11Z
47312,4716,instagram,ext_instagram_00002772,Small businesses need earlier visibility into field technician appointment availability,2026-05-05T16:53:12Z,358,38,22,8115,0.326,,,normal,,2026-05-27T11:26:11Z
47313,4706,instagram,ext_instagram_00002773,Network monitoring alerts are helping the team catch congestion before call volume spikes,2026-05-08T17:17:12Z,1137,1277,779,118414,-0.132,,,rising,,2026-05-27T11:26:11Z
47314,4888,threads,ext_threads_00002774,Added Number Port-In Activation to the high-priority service assurance path. Thank you SignalBridge Mobile for closing the gap,2026-05-26T20:59:32Z,6215,1661,169,199029,0.78,,,rising,,2026-05-27T11:26:11Z
47315,4862,youtube,ext_youtube_00002775,Device-support channels are seeing increased activation demand after a handset launch,2026-05-07T19:01:50Z,20984,6123,7482,873954,-0.121,,,viral,,2026-05-27T11:26:11Z
47316,5042,threads,ext_threads_00002776,Network operations is flagging 5G Unlimited Mobile Plan from SignalBridge Mobile as a capacity bottleneck this week,2026-05-25T15:19:17Z,754,84,26,14883,0.612,,,normal,,2026-05-27T11:26:11Z
47317,4617,tiktok,ext_tiktok_00002777,Connected life teams need better outreach after recent storm-related service events,2026-05-22T23:48:17Z,311,78,18,9719,0.795,,,normal,,2026-05-27T11:26:11Z
47318,4591,instagram,ext_instagram_00002778,Subscriber experience note - SilverLine Connected Life Family Connectivity Support Session is the service everyone is trying to schedule right now,2026-05-18T07:12:05Z,28,71,8,14564,0.372,,,normal,,2026-05-27T11:26:11Z
47319,4617,tiktok,ext_tiktok_00002779,Outage follow-up: demand for 5G Mobile Hotspot Kit is up and MetroSupply Devices needs more field slots,2026-05-22T10:54:08Z,269,89,13,1299,0.828,,,normal,,2026-05-27T11:26:11Z
47320,4551,instagram,ext_instagram_00002780,"Two-week review of SilverLine Connected Life Family Connectivity Support Session: strong subscriber response, but capacity planning matters",2026-05-15T16:05:00Z,758,55,30,13560,0.781,,,normal,,2026-05-27T11:26:11Z
47321,4759,youtube,ext_youtube_00002781,Families keep asking where to find 5G Unlimited Mobile Plan. SignalBridge Mobile is showing up in every upgrade thread,2026-05-20T17:05:31Z,503,90,34,12428,0.741,,,normal,,2026-05-27T11:26:11Z
47322,4694,youtube,ext_youtube_00002782,Small businesses need earlier visibility into field technician appointment availability,2026-05-27T04:54:46Z,27,26,2,1922,0.879,,,normal,,2026-05-27T11:26:11Z
47323,4564,youtube,ext_youtube_00002783,Network monitoring alerts are helping the team catch congestion before call volume spikes,2026-05-27T09:06:04Z,8900,231,921,111340,-0.207,,,rising,,2026-05-27T11:26:11Z
47324,4888,threads,ext_threads_00002784,Coverage gaps are delaying service assurance for several subscriber groups,2026-05-24T10:01:35Z,843,46,22,2132,-0.003,,,normal,,2026-05-27T11:26:11Z
47325,4712,tiktok,ext_tiktok_00002785,Device-support channels are seeing increased activation demand after a handset launch,2026-05-22T04:00:43Z,226,42,44,15627,0.221,,,normal,,2026-05-27T11:26:11Z
47326,4658,twitter,ext_twitter_00002786,Families keep asking for better Wi-Fi performance before evening streaming starts,2026-05-14T14:29:52Z,740,19,24,9480,0.487,,,normal,,2026-05-27T11:26:11Z
47327,4804,instagram,ext_instagram_00002787,Connected life teams need better outreach after recent storm-related service events,2026-05-13T13:55:49Z,934,22,10,3547,0.597,,,normal,,2026-05-27T11:26:11Z
47328,4747,tiktok,ext_tiktok_00002788,Morning capacity review featuring Number Port-In Activation. SignalBridge Mobile needs pre-positioned technician capacity,2026-05-27T11:00:58Z,937,41,40,18329,0.749,,,normal,,2026-05-27T11:26:11Z
47329,4861,twitter,ext_twitter_00002789,Added Smart Home Connectivity Assessment to the high-priority service assurance path. Thank you HomeConnect Fixed Wireless for closing the gap,2026-05-03T19:14:47Z,722,93,29,11803,0.603,,,normal,,2026-05-27T11:26:11Z
47330,5004,instagram,ext_instagram_00002790,Subscribers are asking about Premium International Roaming Pass through SignalBridge Mobile; upgrade and activation demand is rising,2026-05-27T07:33:04Z,137,0,11,8556,0.924,,,normal,,2026-05-27T11:26:11Z
47331,4780,threads,ext_threads_00002791,Network operations is flagging 5G Business Consultation from PulsePoint 5G as a capacity bottleneck this week,2026-05-19T05:27:07Z,4017,1898,299,67496,0.689,,,rising,,2026-05-27T11:26:11Z
47332,4796,twitter,ext_twitter_00002792,Coverage update: Device Upgrade Enrollment capacity at PulsePoint 5G is getting tight after a spike in service orders,2026-05-21T22:51:38Z,61,59,15,885,0.416,,,normal,,2026-05-27T11:26:11Z
47333,4844,instagram,ext_instagram_00002793,Subscriber experience note - WellNest Family Plans Network Congestion Plan Review is the service everyone is trying to schedule right now,2026-05-26T21:39:48Z,83,1,35,18288,0.384,,,normal,,2026-05-27T11:26:11Z
47334,4721,instagram,ext_instagram_00002794,Outage follow-up: demand for 5G Business Consultation is up and PulsePoint 5G needs more field slots,2026-05-24T19:34:14Z,801,60,9,8139,0.91,,,normal,,2026-05-27T11:26:11Z
47335,4700,threads,ext_threads_00002795,"Two-week review of HomeConnect Fixed Wireless LTE Backup Gateway: strong subscriber response, but capacity planning matters",2026-05-26T13:14:19Z,818,16,21,15741,0.694,,,normal,,2026-05-27T11:26:11Z
47336,4560,threads,ext_threads_00002796,Families keep asking where to find Churn Risk Save Offer. WaveFirst Mobile is showing up in every upgrade thread,2026-05-26T15:28:04Z,15233,9079,1361,333271,0.335,,,viral,,2026-05-27T11:26:11Z
47337,4724,youtube,ext_youtube_00002797,NOC huddle: prioritize WaveFirst Mobile New Line Activation installs before the weekend streaming surge,2026-05-25T02:19:56Z,785,43,40,5547,0.805,,,normal,,2026-05-27T11:26:11Z
47338,4874,instagram,ext_instagram_00002798,Enterprise care teams are coordinating SLA-impact cases across regional service teams today,2026-05-25T22:19:28Z,599,39,44,5664,0.748,,,normal,,2026-05-27T11:26:11Z
47339,4598,twitter,ext_twitter_00002799,"If your subscribers need Family Data Share Plan, check WellNest Family Plans availability early; appointment slots are moving fast",2026-05-25T02:30:42Z,816,28,44,18339,0.718,,,normal,,2026-05-27T11:26:11Z
47340,5019,instagram,ext_instagram_00002800,Day 30 with the Network Congestion Plan Review workflow and the field team says WellNest Family Plans reduced manual follow-up,2026-05-16T09:29:22Z,200,14,41,7481,0.513,,,normal,,2026-05-27T11:26:11Z
47341,5044,tiktok,ext_tiktok_00002801,Recommended SignalBridge Mobile 5G Unlimited Mobile Plan to an account manager today because churn risk is the issue,2026-05-27T03:31:31Z,961,68,28,1790,0.872,,,normal,,2026-05-27T11:26:11Z
47342,4591,instagram,ext_instagram_00002802,Small businesses need earlier visibility into field technician appointment availability,2026-05-21T12:08:47Z,341,38,42,12642,0.623,,,normal,,2026-05-27T11:26:11Z
47343,4918,threads,ext_threads_00002803,Network monitoring alerts are helping the team catch congestion before call volume spikes,2026-05-26T01:04:08Z,614,13,48,1940,-0.104,,,normal,,2026-05-27T11:26:11Z
47344,4756,instagram,ext_instagram_00002804,Added Home Wi-Fi Mesh Kit to the high-priority service assurance path. Thank you PulsePoint 5G for closing the gap,2026-05-27T10:37:26Z,994,86,0,4296,0.353,,,normal,,2026-05-27T11:26:11Z
47345,4915,tiktok,ext_tiktok_00002805,Device-support channels are seeing increased activation demand after a handset launch,2026-05-18T06:15:01Z,6258,1659,673,148867,0.816,,,rising,,2026-05-27T11:26:11Z
47346,4933,threads,ext_threads_00002806,Network operations is flagging 5G Business Consultation from PulsePoint 5G as a capacity bottleneck this week,2026-05-20T02:26:33Z,568,1,38,17708,0.373,,,normal,,2026-05-27T11:26:11Z
47347,4893,threads,ext_threads_00002807,Connected life teams need better outreach after recent storm-related service events,2026-05-18T09:50:31Z,421,9,40,16873,-0.294,,,normal,,2026-05-27T11:26:11Z
47348,4768,twitter,ext_twitter_00002808,Subscriber experience note - ClearMind Customer Care Fraud Resolution Case is the service everyone is trying to schedule right now,2026-05-22T07:17:27Z,8951,1945,749,187361,0.288,,,rising,,2026-05-27T11:26:11Z
47349,5047,threads,ext_threads_00002809,Roaming bill questions are creating new handoffs to billing and retention teams,2026-05-27T09:41:21Z,2822,1486,566,52987,-0.281,,,rising,,2026-05-27T11:26:11Z
47350,4693,twitter,ext_twitter_00002810,Subscribers are asking for clearer instructions after fiber installation and faster follow-up windows,2026-05-27T02:26:29Z,23886,11277,5758,296984,0.276,,,viral,,2026-05-27T11:26:11Z
47351,4563,twitter,ext_twitter_00002811,Families keep asking where to find Connected Device Monitoring Onboarding. MetroSupply Devices is showing up in every upgrade thread,2026-05-24T04:47:54Z,992,38,24,16206,0.448,,,normal,,2026-05-27T11:26:11Z
47352,4901,twitter,ext_twitter_00002812,Small businesses need earlier visibility into field technician appointment availability,2026-05-15T15:43:47Z,240,35,23,3393,0.46,,,normal,,2026-05-27T11:26:11Z
47353,4751,instagram,ext_instagram_00002813,Billing and usage signals are surfacing new need for Outage Follow-Up Call from ClearMind Customer Care,2026-05-19T07:13:11Z,110,92,44,430,0.563,,,normal,,2026-05-27T11:26:11Z
47354,4980,tiktok,ext_tiktok_00002814,"If your subscribers need Senior Connected Life Plan, check SilverLine Connected Life availability early; appointment slots are moving fast",2026-05-21T17:54:48Z,5740,1739,395,176715,0.427,,,rising,,2026-05-27T11:26:11Z
47355,4793,threads,ext_threads_00002815,Day 30 with the SIM Replacement Starter Kit workflow and the field team says MetroSupply Devices reduced manual follow-up,2026-05-18T20:50:52Z,586,74,10,5506,0.651,,,normal,,2026-05-27T11:26:11Z
47356,4886,twitter,ext_twitter_00002816,Recommended PulsePoint 5G 5G Business Consultation to an account manager today because churn risk is the issue,2026-05-17T00:46:49Z,4349,1437,486,112777,0.741,,,rising,,2026-05-27T11:26:11Z
47357,4558,twitter,ext_twitter_00002817,"Thought Fraud Resolution Case demand would level off, but ClearMind Customer Care is still seeing urgent requests",2026-05-26T21:19:10Z,7711,707,648,157389,0.413,,,rising,,2026-05-27T11:26:11Z
47358,4862,youtube,ext_youtube_00002818,Enterprise care teams are coordinating SLA-impact cases across regional service teams today,2026-05-08T04:47:45Z,22,94,31,5423,0.54,,,normal,,2026-05-27T11:26:11Z
47359,4707,tiktok,ext_tiktok_00002819,Roaming bill questions are creating new handoffs to billing and retention teams,2026-05-22T02:57:49Z,21,68,37,10476,-0.075,,,normal,,2026-05-27T11:26:11Z
47360,4826,twitter,ext_twitter_00002820,Subscribers are asking for clearer instructions after fiber installation and faster follow-up windows,2026-05-07T15:20:06Z,232,37,18,3712,0.826,,,normal,,2026-05-27T11:26:11Z
47361,4575,threads,ext_threads_00002821,Network operations is flagging IoT Sensor Gateway Kit from OrbitMotion IoT as a capacity bottleneck this week,2026-05-09T04:58:56Z,189,86,15,18571,0.712,,,normal,,2026-05-27T11:26:11Z
47362,4619,youtube,ext_youtube_00002822,Coverage update: Gigabit Fiber Install capacity at FiberPath Broadband is getting tight after a spike in service orders,2026-05-21T17:35:51Z,31292,10766,5444,423964,0.455,,,viral,,2026-05-27T11:26:11Z
47363,4909,instagram,ext_instagram_00002823,Network monitoring alerts are helping the team catch congestion before call volume spikes,2026-05-26T20:19:06Z,9980,1257,353,156921,0.245,,,rising,,2026-05-27T11:26:11Z
47364,4667,tiktok,ext_tiktok_00002824,Outage follow-up: demand for Family Connectivity Support Session is up and SilverLine Connected Life needs more field slots,2026-05-26T21:38:24Z,39248,4149,6133,678953,0.79,,,viral,,2026-05-27T11:26:11Z
47365,4545,threads,ext_threads_00002825,Device-support channels are seeing increased activation demand after a handset launch,2026-05-26T01:28:42Z,766,79,27,18074,0.649,,,normal,,2026-05-27T11:26:11Z
47366,4545,threads,ext_threads_00002826,Families keep asking where to find Fiber Repair Appointment. FiberPath Broadband is showing up in every upgrade thread,2026-05-17T02:00:55Z,3755,1742,488,120212,0.822,,,rising,,2026-05-27T11:26:11Z
47367,4818,threads,ext_threads_00002827,NOC huddle: prioritize ClearMind Customer Care Customer Retention Intake installs before the weekend streaming surge,2026-05-27T06:51:28Z,394,71,25,19034,0.306,,,normal,,2026-05-27T11:26:11Z
47368,4926,twitter,ext_twitter_00002828,Billing and usage signals are surfacing new need for SIM Replacement Starter Kit from MetroSupply Devices,2026-05-18T19:33:22Z,308728,32984,46931,5473404,0.443,,,mega_viral,,2026-05-27T11:26:11Z
47369,4570,threads,ext_threads_00002829,"If your subscribers need Fiber Appointment Scheduling, check RoamFlow Mobility availability early; appointment slots are moving fast",2026-05-14T21:51:22Z,906,43,14,17803,0.363,,,normal,,2026-05-27T11:26:11Z
47370,4657,tiktok,ext_tiktok_00002830,Subscribers are asking for clearer instructions after fiber installation and faster follow-up windows,2026-04-30T19:08:17Z,329,88,4,16237,0.745,,,normal,,2026-05-27T11:26:11Z
47371,4817,youtube,ext_youtube_00002831,Outage follow-up is the top request in our subscriber forum this week,2026-05-22T15:51:37Z,641,87,19,19615,0.407,,,normal,,2026-05-27T11:26:11Z
47372,4770,threads,ext_threads_00002832,Small businesses need earlier visibility into field technician appointment availability,2026-05-17T00:29:34Z,75,6,6,4817,0.257,,,normal,,2026-05-27T11:26:11Z
47373,5056,youtube,ext_youtube_00002833,Network monitoring alerts are helping the team catch congestion before call volume spikes,2026-05-27T11:21:14Z,385,18,33,9683,0.729,,,normal,,2026-05-27T11:26:11Z
47374,4758,twitter,ext_twitter_00002834,Added Family Connectivity Support Session to the high-priority service assurance path. Thank you SilverLine Connected Life for closing the gap,2026-05-27T07:12:40Z,1899,1249,150,122341,0.884,,,rising,,2026-05-27T11:26:11Z
47375,4724,youtube,ext_youtube_00002835,Device-support channels are seeing increased activation demand after a handset launch,2026-05-25T18:54:31Z,300,27,6,11864,0.114,,,normal,,2026-05-27T11:26:11Z
47376,4917,youtube,ext_youtube_00002836,Network operations is flagging Family Connectivity Support Session from SilverLine Connected Life as a capacity bottleneck this week,2026-05-27T11:25:24Z,460,40,17,8993,0.397,,,normal,,2026-05-27T11:26:11Z
47377,4996,twitter,ext_twitter_00002837,Coverage update: Number Port-In Activation capacity at SignalBridge Mobile is getting tight after a spike in service orders,2026-05-06T04:05:32Z,627,7,1,18863,0.81,,,normal,,2026-05-27T11:26:11Z
47378,4723,twitter,ext_twitter_00002838,Subscriber experience note - RoamFlow Mobility Fiber Appointment Scheduling is the service everyone is trying to schedule right now,2026-05-10T05:06:28Z,300,59,45,14455,0.387,,,normal,,2026-05-27T11:26:11Z
47379,4935,tiktok,ext_tiktok_00002839,Outage follow-up: demand for Field Technician Evaluation is up and OrbitMotion IoT needs more field slots,2026-05-01T20:02:35Z,359,79,7,16440,0.256,,,normal,,2026-05-27T11:26:11Z
47380,4649,youtube,ext_youtube_00002840,Subscribers are asking for clearer instructions after fiber installation and faster follow-up windows,2026-05-25T06:40:36Z,1614,1152,865,63319,0.429,,,rising,,2026-05-27T11:26:11Z
47381,4856,twitter,ext_twitter_00002841,Families keep asking where to find Fraud Resolution Case. ClearMind Customer Care is showing up in every upgrade thread,2026-05-19T05:32:18Z,9223,1213,214,171060,0.373,,,rising,,2026-05-27T11:26:11Z
47382,4795,tiktok,ext_tiktok_00002842,Small businesses need earlier visibility into field technician appointment availability,2026-05-26T07:32:44Z,5377,1453,149,54910,0.402,,,rising,,2026-05-27T11:26:11Z
47383,4881,twitter,ext_twitter_00002843,Billing and usage signals are surfacing new need for 5G Business Consultation from PulsePoint 5G,2026-05-20T12:49:20Z,656,22,2,3360,0.251,,,normal,,2026-05-27T11:26:11Z
47384,4692,tiktok,ext_tiktok_00002844,Coverage gaps are delaying service assurance for several subscriber groups,2026-05-16T03:58:35Z,6861,1632,519,94792,0.877,,,rising,,2026-05-27T11:26:11Z
47385,4901,twitter,ext_twitter_00002845,Day 30 with the Edge Compute Reservation workflow and the field team says EnterpriseEdge Services reduced manual follow-up,2026-05-24T13:24:34Z,468,18,3,14113,0.451,,,normal,,2026-05-27T11:26:11Z
47386,4631,instagram,ext_instagram_00002846,Recommended SilverLine Connected Life Senior Connected Life Plan to an account manager today because churn risk is the issue,2026-05-27T09:53:45Z,228,11,29,17283,0.551,,,normal,,2026-05-27T11:26:11Z
47387,4799,instagram,ext_instagram_00002847,"Thought 5G Unlimited Mobile Plan demand would level off, but SignalBridge Mobile is still seeing urgent requests",2026-05-14T22:38:05Z,548,50,7,11721,0.434,,,normal,,2026-05-27T11:26:11Z
47388,4829,instagram,ext_instagram_00002848,Enterprise care teams are coordinating SLA-impact cases across regional service teams today,2026-05-25T03:16:53Z,181,70,1,3150,0.15,,,normal,,2026-05-27T11:26:11Z
47389,4552,tiktok,ext_tiktok_00002849,Added Family Data Share Plan to the high-priority service assurance path. Thank you WellNest Family Plans for closing the gap,2026-05-25T22:35:51Z,4533,1857,558,190938,0.575,,,rising,,2026-05-27T11:26:11Z
47390,4813,threads,ext_threads_00002850,Subscribers are asking about Edge Compute Reservation through EnterpriseEdge Services; upgrade and activation demand is rising,2026-05-22T20:33:23Z,194,8,47,19346,0.743,,,normal,,2026-05-27T11:26:11Z
47391,4666,instagram,ext_instagram_00002851,Network operations is flagging Fixed Wireless Home Internet from HomeConnect Fixed Wireless as a capacity bottleneck this week,2026-04-28T07:56:17Z,2952,1452,668,73043,0.938,,,rising,,2026-05-27T11:26:11Z
47392,4824,instagram,ext_instagram_00002852,Coverage update: Number Port-In Activation capacity at SignalBridge Mobile is getting tight after a spike in service orders,2026-05-16T04:17:06Z,124,43,43,3854,0.369,,,normal,,2026-05-27T11:26:11Z
47393,4871,twitter,ext_twitter_00002853,Network monitoring alerts are helping the team catch congestion before call volume spikes,2026-05-14T20:01:20Z,307,11,41,210,0.294,,,normal,,2026-05-27T11:26:11Z
47394,5041,youtube,ext_youtube_00002854,Outage follow-up: demand for Connected Device Monitoring Onboarding is up and MetroSupply Devices needs more field slots,2026-05-25T10:56:53Z,764,26,20,9445,0.329,,,normal,,2026-05-27T11:26:11Z
47395,4868,threads,ext_threads_00002855,"Two-week review of EnterpriseEdge Services Enterprise Account Navigation: strong subscriber response, but capacity planning matters",2026-05-12T23:02:35Z,131,87,46,12985,0.625,,,normal,,2026-05-27T11:26:11Z
47396,4586,instagram,ext_instagram_00002856,Families keep asking where to find 5G Business Consultation. PulsePoint 5G is showing up in every upgrade thread,2026-05-21T08:54:23Z,24396,12479,6284,978176,0.827,,,viral,,2026-05-27T11:26:11Z
47397,4967,youtube,ext_youtube_00002857,Connected life teams need better outreach after recent storm-related service events,2026-05-06T08:09:50Z,110,38,34,398,-0.243,,,normal,,2026-05-27T11:26:11Z
47398,5002,youtube,ext_youtube_00002858,Billing and usage signals are surfacing new need for Senior Connected Life Plan from SilverLine Connected Life,2026-05-04T19:24:19Z,854,12,46,18932,0.662,,,normal,,2026-05-27T11:26:11Z
47399,4707,tiktok,ext_tiktok_00002859,"If your subscribers need Churn Risk Save Offer, check WaveFirst Mobile availability early; appointment slots are moving fast",2026-05-24T01:28:20Z,584,54,49,9952,0.669,,,normal,,2026-05-27T11:26:11Z
47400,4884,instagram,ext_instagram_00002860,Subscribers are asking for clearer instructions after fiber installation and faster follow-up windows,2026-05-26T18:55:53Z,744,44,28,6235,0.315,,,normal,,2026-05-27T11:26:11Z
47401,4748,twitter,ext_twitter_00002861,Recommended WaveFirst Mobile New Line Activation to an account manager today because churn risk is the issue,2026-05-01T21:04:57Z,335053,74076,27055,6060400,0.883,,,mega_viral,,2026-05-27T11:26:11Z
47402,4811,twitter,ext_twitter_00002862,Small businesses need earlier visibility into field technician appointment availability,2026-05-01T23:36:05Z,499,68,31,16462,0.038,,,normal,,2026-05-27T11:26:11Z
47403,4731,instagram,ext_instagram_00002863,Morning capacity review featuring Fiber Repair Appointment. FiberPath Broadband needs pre-positioned technician capacity,2026-05-22T18:03:46Z,93,4,45,17111,0.493,,,normal,,2026-05-27T11:26:11Z
47404,4696,instagram,ext_instagram_00002864,Added Number Port-In Activation to the high-priority service assurance path. Thank you SignalBridge Mobile for closing the gap,2026-05-13T06:04:26Z,7057,205,537,110446,0.847,,,rising,,2026-05-27T11:26:11Z
47405,4732,tiktok,ext_tiktok_00002865,Subscribers are asking about Senior Connected Life Plan through SilverLine Connected Life; upgrade and activation demand is rising,2026-05-27T09:02:06Z,971,60,15,16638,0.307,,,normal,,2026-05-27T11:26:11Z
47406,4678,twitter,ext_twitter_00002866,Network operations is flagging Number Port-In Activation from SignalBridge Mobile as a capacity bottleneck this week,2026-05-25T19:32:04Z,735,81,14,18945,0.383,,,normal,,2026-05-27T11:26:11Z
47407,4711,instagram,ext_instagram_00002867,Coverage update: Fiber Repair Appointment capacity at FiberPath Broadband is getting tight after a spike in service orders,2026-05-07T03:21:13Z,515,0,41,5342,0.895,,,normal,,2026-05-27T11:26:11Z
47408,4760,threads,ext_threads_00002868,Subscriber experience note - HomeConnect Fixed Wireless Fixed Wireless Home Internet is the service everyone is trying to schedule right now,2026-05-16T13:47:02Z,574,63,1,1191,0.859,,,normal,,2026-05-27T11:26:11Z
47409,4608,twitter,ext_twitter_00002869,Outage follow-up: demand for LTE Backup Gateway is up and HomeConnect Fixed Wireless needs more field slots,2026-05-24T15:11:12Z,774,67,42,13620,0.411,,,normal,,2026-05-27T11:26:11Z
47410,4991,twitter,ext_twitter_00002870,"Two-week review of MetroSupply Devices 5G Mobile Hotspot Kit: strong subscriber response, but capacity planning matters",2026-05-18T06:47:52Z,178,49,17,9756,0.238,,,normal,,2026-05-27T11:26:11Z
47411,4681,instagram,ext_instagram_00002871,Families keep asking where to find Family Data Share Plan. WellNest Family Plans is showing up in every upgrade thread,2026-05-13T10:50:49Z,123,79,33,18585,0.354,,,normal,,2026-05-27T11:26:11Z
47412,4545,threads,ext_threads_00002872,Small businesses need earlier visibility into field technician appointment availability,2026-05-10T20:12:20Z,920,7,42,6875,0.867,,,normal,,2026-05-27T11:26:11Z
47413,5001,twitter,ext_twitter_00002873,Network monitoring alerts are helping the team catch congestion before call volume spikes,2026-05-13T14:29:48Z,610,10,37,11194,-0.078,,,normal,,2026-05-27T11:26:11Z
47414,4589,youtube,ext_youtube_00002874,"If your subscribers need Fixed Wireless Home Internet, check HomeConnect Fixed Wireless availability early; appointment slots are moving fast",2026-05-21T09:18:58Z,969,28,4,6667,0.833,,,normal,,2026-05-27T11:26:11Z
47415,4605,threads,ext_threads_00002875,Day 30 with the Churn Risk Save Offer workflow and the field team says WaveFirst Mobile reduced manual follow-up,2026-05-22T16:39:47Z,515,68,28,4480,0.334,,,normal,,2026-05-27T11:26:11Z
47416,4580,threads,ext_threads_00002876,Families keep asking for better Wi-Fi performance before evening streaming starts,2026-05-25T02:31:18Z,34,88,13,3297,0.358,,,normal,,2026-05-27T11:26:11Z
47417,4943,threads,ext_threads_00002877,"Thought Smart Home Connectivity Assessment demand would level off, but HomeConnect Fixed Wireless is still seeing urgent requests",2026-05-15T01:08:01Z,443,89,20,18689,0.831,,,normal,,2026-05-27T11:26:11Z
47418,4812,youtube,ext_youtube_00002878,Morning capacity review featuring Churn Risk Save Offer. WaveFirst Mobile needs pre-positioned technician capacity,2026-05-11T11:47:56Z,664,68,20,16394,0.497,,,normal,,2026-05-27T11:26:11Z
47419,4697,tiktok,ext_tiktok_00002879,Added Device Upgrade Enrollment to the high-priority service assurance path. Thank you PulsePoint 5G for closing the gap,2026-05-27T11:21:17Z,4924,1583,482,197690,0.824,,,rising,,2026-05-27T11:26:11Z
47420,4618,twitter,ext_twitter_00002880,Subscribers are asking about Family Connectivity Support Session through SilverLine Connected Life; upgrade and activation demand is rising,2026-05-25T06:40:29Z,396,5,26,19103,0.818,,,normal,,2026-05-27T11:26:11Z
47421,4679,youtube,ext_youtube_00002881,Network operations is flagging SIM Replacement Starter Kit from MetroSupply Devices as a capacity bottleneck this week,2026-05-01T01:37:51Z,7279,1988,826,113521,0.235,,,rising,,2026-05-27T11:26:11Z
47422,4588,twitter,ext_twitter_00002882,Coverage update: 5G Unlimited Mobile Plan capacity at SignalBridge Mobile is getting tight after a spike in service orders,2026-05-23T20:36:19Z,8481,1971,690,26441,0.885,,,rising,,2026-05-27T11:26:11Z
47423,4798,threads,ext_threads_00002883,Subscriber experience note - OrbitMotion IoT IoT Sensor Gateway Kit is the service everyone is trying to schedule right now,2026-05-14T09:47:32Z,575,76,26,19056,0.747,,,normal,,2026-05-27T11:26:11Z
47424,4755,threads,ext_threads_00002884,Coverage gaps are delaying service assurance for several subscriber groups,2026-05-19T05:28:49Z,230,4,45,143,-0.229,,,normal,,2026-05-27T11:26:11Z
47425,4867,youtube,ext_youtube_00002885,Device-support channels are seeing increased activation demand after a handset launch,2026-05-18T11:43:01Z,48870,3932,1985,971632,-0.223,,,viral,,2026-05-27T11:26:11Z
47426,5010,tiktok,ext_tiktok_00002886,Families keep asking for better Wi-Fi performance before evening streaming starts,2026-05-27T03:39:27Z,608,61,3,15059,-0.188,,,normal,,2026-05-27T11:26:11Z
47427,4821,twitter,ext_twitter_00002887,NOC huddle: prioritize SilverLine Connected Life Senior Connected Life Plan installs before the weekend streaming surge,2026-05-13T20:04:40Z,695,89,3,13143,0.216,,,normal,,2026-05-27T11:26:11Z
47428,4870,tiktok,ext_tiktok_00002888,Billing and usage signals are surfacing new need for Field Technician Evaluation from OrbitMotion IoT,2026-04-28T05:40:47Z,962,51,48,13030,0.293,,,normal,,2026-05-27T11:26:11Z
47429,4712,tiktok,ext_tiktok_00002889,Roaming bill questions are creating new handoffs to billing and retention teams,2026-05-25T07:40:06Z,48,69,48,10022,0.339,,,normal,,2026-05-27T11:26:11Z
47430,4799,instagram,ext_instagram_00002890,Day 30 with the Fiber Repair Appointment workflow and the field team says FiberPath Broadband reduced manual follow-up,2026-05-25T23:24:03Z,5252,1357,198,149220,0.51,,,rising,,2026-05-27T11:26:11Z
47431,4616,instagram,ext_instagram_00002891,Recommended ClearMind Customer Care Fraud Resolution Case to an account manager today because churn risk is the issue,2026-05-12T13:52:05Z,283,23,44,14477,0.309,,,normal,,2026-05-27T11:26:11Z
47432,4767,tiktok,ext_tiktok_00002892,"Thought Senior Connected Life Plan demand would level off, but SilverLine Connected Life is still seeing urgent requests",2026-05-23T02:39:33Z,130,87,18,6746,0.943,,,normal,,2026-05-27T11:26:11Z
47433,5047,threads,ext_threads_00002893,Morning capacity review featuring Family Connectivity Support Session. SilverLine Connected Life needs pre-positioned technician capacity,2026-04-30T17:54:20Z,884,56,46,12572,0.642,,,normal,,2026-05-27T11:26:11Z
47434,4856,twitter,ext_twitter_00002894,Coverage gaps are delaying service assurance for several subscriber groups,2026-05-04T04:32:26Z,1524,1785,237,183556,0.241,,,rising,,2026-05-27T11:26:11Z
47435,4847,youtube,ext_youtube_00002895,Subscribers are asking about SIM Replacement Starter Kit through MetroSupply Devices; upgrade and activation demand is rising,2026-05-13T06:20:46Z,351,25,11,6827,0.228,,,normal,,2026-05-27T11:26:11Z
47436,4547,tiktok,ext_tiktok_00002896,Network operations is flagging Outage Follow-Up Call from ClearMind Customer Care as a capacity bottleneck this week,2026-05-26T23:58:58Z,99571,72039,13108,2331464,0.769,,,mega_viral,,2026-05-27T11:26:11Z
47437,4743,twitter,ext_twitter_00002897,Coverage update: Home Wi-Fi Mesh Kit capacity at PulsePoint 5G is getting tight after a spike in service orders,2026-05-13T22:45:24Z,9654,1422,670,143588,0.474,,,rising,,2026-05-27T11:26:11Z
47438,4797,youtube,ext_youtube_00002898,Enterprise care teams are coordinating SLA-impact cases across regional service teams today,2026-05-25T09:51:11Z,80,3,26,4306,0.569,,,normal,,2026-05-27T11:26:11Z
47439,4574,youtube,ext_youtube_00002899,Roaming bill questions are creating new handoffs to billing and retention teams,2026-05-05T11:56:49Z,9509,1626,795,51017,-0.014,,,rising,,2026-05-27T11:26:11Z
47440,5055,twitter,ext_twitter_00002900,"Two-week review of PulsePoint 5G Home Wi-Fi Mesh Kit: strong subscriber response, but capacity planning matters",2026-05-17T13:16:46Z,1674,596,230,43405,0.653,,,rising,,2026-05-27T11:26:11Z
47441,5013,threads,ext_threads_00002901,Families keep asking where to find Device Upgrade Enrollment. PulsePoint 5G is showing up in every upgrade thread,2026-05-16T19:43:45Z,530,94,22,18083,0.432,,,normal,,2026-05-27T11:26:11Z
47442,4633,twitter,ext_twitter_00002902,NOC huddle: prioritize SignalBridge Mobile 5G Unlimited Mobile Plan installs before the weekend streaming surge,2026-05-25T00:02:21Z,38026,12370,6185,356753,0.571,,,viral,,2026-05-27T11:26:11Z
47443,4577,tiktok,ext_tiktok_00002903,Billing and usage signals are surfacing new need for Outage Follow-Up Call from ClearMind Customer Care,2026-05-03T08:49:44Z,984,20,22,12204,0.262,,,normal,,2026-05-27T11:26:11Z
47444,4830,tiktok,ext_tiktok_00002904,"If your subscribers need Senior Connected Life Plan, check SilverLine Connected Life availability early; appointment slots are moving fast",2026-05-05T11:18:34Z,264,70,24,18699,0.363,,,normal,,2026-05-27T11:26:11Z
47445,4651,instagram,ext_instagram_00002905,Device-support channels are seeing increased activation demand after a handset launch,2026-05-27T01:46:35Z,3374,1952,737,20556,0.797,,,rising,,2026-05-27T11:26:11Z
47446,4892,youtube,ext_youtube_00002906,Recommended OrbitMotion IoT Field Technician Evaluation to an account manager today because churn risk is the issue,2026-05-18T12:05:13Z,753,70,12,13837,0.815,,,normal,,2026-05-27T11:26:11Z
47447,4935,tiktok,ext_tiktok_00002907,"Thought Family Data Share Plan demand would level off, but WellNest Family Plans is still seeing urgent requests",2026-05-27T10:23:53Z,6293,679,124,84783,0.775,,,rising,,2026-05-27T11:26:11Z
47448,4996,twitter,ext_twitter_00002908,Morning capacity review featuring 5G Mobile Hotspot Kit. MetroSupply Devices needs pre-positioned technician capacity,2026-05-25T16:33:37Z,459,47,32,7429,0.911,,,normal,,2026-05-27T11:26:11Z
47449,4550,threads,ext_threads_00002909,Roaming bill questions are creating new handoffs to billing and retention teams,2026-05-23T02:06:14Z,389,82,14,13224,0.673,,,normal,,2026-05-27T11:26:11Z
47450,4980,tiktok,ext_tiktok_00002910,Subscribers are asking about Fleet Telematics SIM Pack through OrbitMotion IoT; upgrade and activation demand is rising,2026-05-19T07:20:14Z,38919,4954,4408,340160,0.434,,,viral,,2026-05-27T11:26:11Z
47451,4770,threads,ext_threads_00002911,Network operations is flagging LTE Backup Gateway from HomeConnect Fixed Wireless as a capacity bottleneck this week,2026-05-26T06:02:06Z,2417,1283,366,48303,0.94,,,rising,,2026-05-27T11:26:11Z
47452,4543,twitter,ext_twitter_00002912,Small businesses need earlier visibility into field technician appointment availability,2026-05-25T19:10:42Z,447,66,6,17250,0.286,,,normal,,2026-05-27T11:26:11Z
47453,4977,youtube,ext_youtube_00002913,Subscriber experience note - RoamFlow Mobility Fiber Appointment Scheduling is the service everyone is trying to schedule right now,2026-05-02T20:56:16Z,5615,1085,914,165345,0.737,,,rising,,2026-05-27T11:26:11Z
47454,4860,tiktok,ext_tiktok_00002914,Outage follow-up: demand for Fleet Telematics SIM Pack is up and OrbitMotion IoT needs more field slots,2026-05-27T10:39:13Z,329,43,41,19274,0.597,,,normal,,2026-05-27T11:26:11Z
47455,4592,tiktok,ext_tiktok_00002915,Device-support channels are seeing increased activation demand after a handset launch,2026-05-24T23:45:27Z,986,43,28,9835,0.567,,,normal,,2026-05-27T11:26:11Z
47456,4646,instagram,ext_instagram_00002916,Families keep asking for better Wi-Fi performance before evening streaming starts,2026-05-08T15:13:56Z,580,30,8,11829,0.871,,,normal,,2026-05-27T11:26:11Z
47457,4811,twitter,ext_twitter_00002917,NOC huddle: prioritize ClearMind Customer Care Outage Follow-Up Call installs before the weekend streaming surge,2026-05-04T17:33:25Z,460,19,35,4924,0.289,,,normal,,2026-05-27T11:26:11Z
47458,4781,instagram,ext_instagram_00002918,Billing and usage signals are surfacing new need for Fraud Resolution Case from ClearMind Customer Care,2026-04-30T12:00:24Z,20200,11179,7122,552219,0.658,,,viral,,2026-05-27T11:26:11Z
47459,4628,twitter,ext_twitter_00002919,Roaming bill questions are creating new handoffs to billing and retention teams,2026-05-27T11:04:12Z,19299,4027,1530,550575,0.753,,,viral,,2026-05-27T11:26:11Z
47460,4708,twitter,ext_twitter_00002920,Subscribers are asking for clearer instructions after fiber installation and faster follow-up windows,2026-05-01T10:58:53Z,45484,14469,1765,399434,-0.018,,,viral,,2026-05-27T11:26:11Z
47461,5060,twitter,ext_twitter_00002921,Recommended ClearMind Customer Care Fraud Resolution Case to an account manager today because churn risk is the issue,2026-05-20T16:30:49Z,135,34,6,4578,0.454,,,normal,,2026-05-27T11:26:11Z
47462,4603,twitter,ext_twitter_00002922,"Thought Edge Compute Reservation demand would level off, but EnterpriseEdge Services is still seeing urgent requests",2026-05-21T11:22:20Z,19019,8287,2667,306365,0.879,,,viral,,2026-05-27T11:26:11Z
47463,4708,twitter,ext_twitter_00002923,Morning capacity review featuring Churn Risk Save Offer. WaveFirst Mobile needs pre-positioned technician capacity,2026-05-27T00:16:16Z,923,24,1,10551,0.471,,,normal,,2026-05-27T11:26:11Z
47464,4927,youtube,ext_youtube_00002924,Added 5G Business Consultation to the high-priority service assurance path. Thank you PulsePoint 5G for closing the gap,2026-05-26T23:31:46Z,413,94,48,6806,0.897,,,normal,,2026-05-27T11:26:11Z
47465,5047,threads,ext_threads_00002925,Device-support channels are seeing increased activation demand after a handset launch,2026-05-22T11:20:03Z,9819,1100,713,161396,0.216,,,rising,,2026-05-27T11:26:11Z
47466,4673,twitter,ext_twitter_00002926,Network operations is flagging Family Data Share Plan from WellNest Family Plans as a capacity bottleneck this week,2026-05-09T01:44:40Z,605,92,15,874,0.547,,,normal,,2026-05-27T11:26:11Z
47467,4693,twitter,ext_twitter_00002927,Coverage update: 5G Business Consultation capacity at PulsePoint 5G is getting tight after a spike in service orders,2026-05-08T06:56:42Z,946,27,18,5294,0.936,,,normal,,2026-05-27T11:26:11Z
47468,4678,twitter,ext_twitter_00002928,Subscriber experience note - HomeConnect Fixed Wireless Smart Home Connectivity Assessment is the service everyone is trying to schedule right now,2026-05-24T09:03:52Z,582,18,20,13929,0.676,,,normal,,2026-05-27T11:26:11Z
47469,4991,twitter,ext_twitter_00002929,Outage follow-up: demand for Network Congestion Plan Review is up and WellNest Family Plans needs more field slots,2026-05-23T17:25:50Z,248,84,7,8332,0.456,,,normal,,2026-05-27T11:26:11Z
47470,5059,tiktok,ext_tiktok_00002930,Subscribers are asking for clearer instructions after fiber installation and faster follow-up windows,2026-04-30T19:04:24Z,7695,540,519,87099,0.312,,,rising,,2026-05-27T11:26:11Z
47471,4964,instagram,ext_instagram_00002931,Outage follow-up is the top request in our subscriber forum this week,2026-05-23T19:57:27Z,12245,5723,7343,390536,0.415,,,viral,,2026-05-27T11:26:11Z
47472,4634,youtube,ext_youtube_00002932,NOC huddle: prioritize MetroSupply Devices SIM Replacement Starter Kit installs before the weekend streaming surge,2026-05-08T21:40:42Z,4778,1108,746,46113,0.862,,,rising,,2026-05-27T11:26:11Z
47473,4780,threads,ext_threads_00002933,Billing and usage signals are surfacing new need for 5G Mobile Hotspot Kit from MetroSupply Devices,2026-05-01T12:00:12Z,364,90,24,6604,0.294,,,normal,,2026-05-27T11:26:11Z
47474,5060,twitter,ext_twitter_00002934,"If your subscribers need Family Connectivity Support Session, check SilverLine Connected Life availability early; appointment slots are moving fast",2026-05-23T13:30:27Z,277459,22077,35210,12826032,0.271,,,mega_viral,,2026-05-27T11:26:11Z
47475,4654,youtube,ext_youtube_00002935,Day 30 with the Roaming Cost Coaching workflow and the field team says RoamFlow Mobility reduced manual follow-up,2026-05-23T10:21:14Z,987,91,14,4430,0.382,,,normal,,2026-05-27T11:26:11Z
47476,4757,tiktok,ext_tiktok_00002936,Families keep asking for better Wi-Fi performance before evening streaming starts,2026-04-30T02:04:22Z,133,45,4,2862,-0.237,,,normal,,2026-05-27T11:26:11Z
47477,4560,threads,ext_threads_00002937,Connected life teams need better outreach after recent storm-related service events,2026-05-22T07:18:20Z,264,26,13,5853,0.544,,,normal,,2026-05-27T11:26:11Z
47478,4684,youtube,ext_youtube_00002938,Morning capacity review featuring SIM Replacement Starter Kit. MetroSupply Devices needs pre-positioned technician capacity,2026-05-26T15:39:54Z,998,24,44,3757,0.871,,,normal,,2026-05-27T11:26:11Z
47479,4576,instagram,ext_instagram_00002939,Added Family Data Share Plan to the high-priority service assurance path. Thank you WellNest Family Plans for closing the gap,2026-04-29T18:54:41Z,6717,1223,410,82934,0.375,,,rising,,2026-05-27T11:26:11Z
47480,5031,twitter,ext_twitter_00002940,Subscribers are asking about Customer Retention Intake through ClearMind Customer Care; upgrade and activation demand is rising,2026-05-02T23:02:31Z,775,3,44,4337,0.794,,,normal,,2026-05-27T11:26:11Z
47481,4619,youtube,ext_youtube_00002941,Network operations is flagging SIM Replacement Starter Kit from MetroSupply Devices as a capacity bottleneck this week,2026-05-16T11:31:41Z,593,4,24,5572,0.817,,,normal,,2026-05-27T11:26:11Z
47482,4775,threads,ext_threads_00002942,Coverage update: Edge Compute Reservation capacity at EnterpriseEdge Services is getting tight after a spike in service orders,2026-05-27T08:31:14Z,199,14,1,8858,0.303,,,normal,,2026-05-27T11:26:11Z
47483,5026,twitter,ext_twitter_00002943,Subscriber experience note - OrbitMotion IoT IoT Sensor Gateway Kit is the service everyone is trying to schedule right now,2026-05-23T19:12:10Z,596,82,47,17147,0.708,,,normal,,2026-05-27T11:26:11Z
47484,4711,instagram,ext_instagram_00002944,Coverage gaps are delaying service assurance for several subscriber groups,2026-05-03T13:59:03Z,685,53,12,16967,0.879,,,normal,,2026-05-27T11:26:11Z
47485,4720,threads,ext_threads_00002945,"Two-week review of HomeConnect Fixed Wireless Smart Home Connectivity Assessment: strong subscriber response, but capacity planning matters",2026-05-27T09:49:00Z,190,23,43,3138,0.669,,,normal,,2026-05-27T11:26:11Z
47486,4546,instagram,ext_instagram_00002946,Families keep asking for better Wi-Fi performance before evening streaming starts,2026-05-18T20:33:30Z,807,61,7,4778,0.767,,,normal,,2026-05-27T11:26:11Z
47487,4615,threads,ext_threads_00002947,NOC huddle: prioritize EnterpriseEdge Services Enterprise Account Navigation installs before the weekend streaming surge,2026-05-02T18:16:36Z,534,78,6,13508,0.751,,,normal,,2026-05-27T11:26:11Z
47488,4929,instagram,ext_instagram_00002948,Billing and usage signals are surfacing new need for Edge Compute Reservation from EnterpriseEdge Services,2026-05-21T01:57:46Z,859,39,8,3426,0.94,,,normal,,2026-05-27T11:26:11Z
47489,4915,tiktok,ext_tiktok_00002949,"If your subscribers need 5G Unlimited Mobile Plan, check SignalBridge Mobile availability early; appointment slots are moving fast",2026-05-23T14:47:25Z,11898,10699,7233,941229,0.477,,,viral,,2026-05-27T11:26:11Z
47490,4763,twitter,ext_twitter_00002950,Day 30 with the Fiber Appointment Scheduling workflow and the field team says RoamFlow Mobility reduced manual follow-up,2026-05-10T07:04:01Z,396,44,14,6257,0.623,,,normal,,2026-05-27T11:26:11Z
47491,4943,threads,ext_threads_00002951,Recommended ClearMind Customer Care Outage Follow-Up Call to an account manager today because churn risk is the issue,2026-05-05T12:05:53Z,5725,920,373,174176,0.442,,,rising,,2026-05-27T11:26:11Z
47492,4824,instagram,ext_instagram_00002952,Small businesses need earlier visibility into field technician appointment availability,2026-05-17T00:19:57Z,423,63,29,7008,0.885,,,normal,,2026-05-27T11:26:11Z
47493,4894,instagram,ext_instagram_00002953,Morning capacity review featuring Smart Home Connectivity Assessment. HomeConnect Fixed Wireless needs pre-positioned technician capacity,2026-05-10T14:43:07Z,615,2,16,6916,0.436,,,normal,,2026-05-27T11:26:11Z
47494,5027,youtube,ext_youtube_00002954,Added Student Mobile Plan to the high-priority service assurance path. Thank you WellNest Family Plans for closing the gap,2026-05-16T12:45:49Z,215,1,33,13455,0.69,,,normal,,2026-05-27T11:26:11Z
47495,4919,instagram,ext_instagram_00002955,Device-support channels are seeing increased activation demand after a handset launch,2026-05-24T21:59:52Z,270,3,39,12178,0.711,,,normal,,2026-05-27T11:26:11Z
47496,4991,twitter,ext_twitter_00002956,Families keep asking for better Wi-Fi performance before evening streaming starts,2026-05-26T13:27:22Z,144267,22292,47527,12724644,-0.054,,,mega_viral,,2026-05-27T11:26:11Z
47497,4606,instagram,ext_instagram_00002957,Coverage update: Edge Compute Reservation capacity at EnterpriseEdge Services is getting tight after a spike in service orders,2026-05-27T03:17:42Z,449,0,32,295,0.558,,,normal,,2026-05-27T11:26:11Z
47498,4764,youtube,ext_youtube_00002958,Subscriber experience note - SilverLine Connected Life Senior Connected Life Plan is the service everyone is trying to schedule right now,2026-05-08T01:08:27Z,4824,1591,212,69493,0.614,,,rising,,2026-05-27T11:26:11Z
47499,4687,tiktok,ext_tiktok_00002959,Outage follow-up: demand for 5G Unlimited Mobile Plan is up and SignalBridge Mobile needs more field slots,2026-05-17T11:11:47Z,49,6,13,12648,0.755,,,normal,,2026-05-27T11:26:11Z
47500,5041,youtube,ext_youtube_00002960,"Two-week review of OrbitMotion IoT Fleet Telematics SIM Pack: strong subscriber response, but capacity planning matters",2026-05-26T07:16:38Z,662,82,23,19422,0.693,,,normal,,2026-05-27T11:26:11Z
47501,4944,instagram,ext_instagram_00002961,Families keep asking where to find Field Technician Evaluation. OrbitMotion IoT is showing up in every upgrade thread,2026-05-13T04:23:40Z,929,61,22,6088,0.639,,,normal,,2026-05-27T11:26:11Z
47502,4604,youtube,ext_youtube_00002962,NOC huddle: prioritize RoamFlow Mobility Roaming Cost Coaching installs before the weekend streaming surge,2026-05-18T04:13:30Z,691,34,47,13811,0.426,,,normal,,2026-05-27T11:26:11Z
47503,5019,instagram,ext_instagram_00002963,Billing and usage signals are surfacing new need for Churn Risk Save Offer from WaveFirst Mobile,2026-04-29T16:21:18Z,933,96,3,5040,0.322,,,normal,,2026-05-27T11:26:11Z
47504,4882,youtube,ext_youtube_00002964,"If your subscribers need Premium International Roaming Pass, check SignalBridge Mobile availability early; appointment slots are moving fast",2026-05-25T17:29:44Z,629,8,19,18412,0.347,,,normal,,2026-05-27T11:26:11Z
47505,4955,tiktok,ext_tiktok_00002965,Device-support channels are seeing increased activation demand after a handset launch,2026-05-22T11:25:16Z,8820,1223,869,178238,-0.099,,,rising,,2026-05-27T11:26:11Z
47506,4586,instagram,ext_instagram_00002966,Recommended ClearMind Customer Care Customer Retention Intake to an account manager today because churn risk is the issue,2026-05-18T01:13:44Z,417,55,21,2982,0.445,,,normal,,2026-05-27T11:26:11Z
47507,4914,instagram,ext_instagram_00002967,Connected life teams need better outreach after recent storm-related service events,2026-05-09T08:30:02Z,51,8,14,1429,0.162,,,normal,,2026-05-27T11:26:11Z
47508,4674,youtube,ext_youtube_00002968,Enterprise care teams are coordinating SLA-impact cases across regional service teams today,2026-05-01T14:41:15Z,662,47,30,18472,0.722,,,normal,,2026-05-27T11:26:11Z
47509,4778,twitter,ext_twitter_00002969,Roaming bill questions are creating new handoffs to billing and retention teams,2026-05-26T09:15:12Z,44,75,18,3049,-0.124,,,normal,,2026-05-27T11:26:11Z
47510,4952,youtube,ext_youtube_00002970,Subscribers are asking for clearer instructions after fiber installation and faster follow-up windows,2026-05-24T05:23:27Z,704,19,20,14630,0.691,,,normal,,2026-05-27T11:26:11Z
47511,4919,instagram,ext_instagram_00002971,Network operations is flagging New Line Activation from WaveFirst Mobile as a capacity bottleneck this week,2026-05-12T22:33:53Z,734,15,21,11291,0.606,,,normal,,2026-05-27T11:26:11Z
47512,4598,twitter,ext_twitter_00002972,Coverage update: Field Technician Evaluation capacity at OrbitMotion IoT is getting tight after a spike in service orders,2026-05-13T09:51:55Z,1250,629,888,159061,0.902,,,rising,,2026-05-27T11:26:11Z
47513,5009,instagram,ext_instagram_00002973,Subscriber experience note - RoamFlow Mobility Roaming Cost Coaching is the service everyone is trying to schedule right now,2026-05-26T14:41:52Z,4933,490,711,80855,0.604,,,rising,,2026-05-27T11:26:11Z
47514,4917,youtube,ext_youtube_00002974,Outage follow-up: demand for Home Wi-Fi Mesh Kit is up and PulsePoint 5G needs more field slots,2026-05-22T08:45:30Z,85,3,40,1821,0.647,,,normal,,2026-05-27T11:26:11Z
47515,4724,youtube,ext_youtube_00002975,"Two-week review of OrbitMotion IoT IoT Sensor Gateway Kit: strong subscriber response, but capacity planning matters",2026-05-14T14:16:20Z,185,26,10,10100,0.908,,,normal,,2026-05-27T11:26:11Z
47516,4842,youtube,ext_youtube_00002976,Families keep asking for better Wi-Fi performance before evening streaming starts,2026-05-21T20:23:39Z,132,38,1,4687,0.208,,,normal,,2026-05-27T11:26:11Z
47517,5042,threads,ext_threads_00002977,NOC huddle: prioritize HomeConnect Fixed Wireless Fixed Wireless Home Internet installs before the weekend streaming surge,2026-05-25T12:03:18Z,571,28,8,16977,0.609,,,normal,,2026-05-27T11:26:11Z
47518,4761,instagram,ext_instagram_00002978,Billing and usage signals are surfacing new need for 5G Mobile Hotspot Kit from MetroSupply Devices,2026-05-16T21:51:50Z,347,25,14,2905,0.556,,,normal,,2026-05-27T11:26:11Z
47519,4907,youtube,ext_youtube_00002979,"If your subscribers need LTE Backup Gateway, check HomeConnect Fixed Wireless availability early; appointment slots are moving fast",2026-05-26T11:26:32Z,301,91,44,6948,0.878,,,normal,,2026-05-27T11:26:11Z
47520,4679,youtube,ext_youtube_00002980,Day 30 with the Fraud Resolution Case workflow and the field team says ClearMind Customer Care reduced manual follow-up,2026-05-21T20:14:32Z,829,92,7,15776,0.908,,,normal,,2026-05-27T11:26:11Z
47521,4973,threads,ext_threads_00002981,Outage follow-up is the top request in our subscriber forum this week,2026-05-25T06:30:40Z,935,3,46,8814,-0.293,,,normal,,2026-05-27T11:26:11Z
47522,4672,tiktok,ext_tiktok_00002982,"Thought Premium International Roaming Pass demand would level off, but SignalBridge Mobile is still seeing urgent requests",2026-05-22T02:25:21Z,817,53,15,17469,0.486,,,normal,,2026-05-27T11:26:11Z
47523,4580,threads,ext_threads_00002983,Morning capacity review featuring Device Upgrade Enrollment. PulsePoint 5G needs pre-positioned technician capacity,2026-05-25T06:05:07Z,257,89,30,1000,0.215,,,normal,,2026-05-27T11:26:11Z
47524,4725,threads,ext_threads_00002984,Added Premium International Roaming Pass to the high-priority service assurance path. Thank you SignalBridge Mobile for closing the gap,2026-05-26T18:43:29Z,48768,10754,1044,891906,0.789,,,viral,,2026-05-27T11:26:11Z
47525,4745,threads,ext_threads_00002985,Subscribers are asking about Fleet Telematics SIM Pack through OrbitMotion IoT; upgrade and activation demand is rising,2026-05-26T02:42:11Z,43204,7474,7291,675986,0.706,,,viral,,2026-05-27T11:26:11Z
47526,5048,instagram,ext_instagram_00002986,Families keep asking for better Wi-Fi performance before evening streaming starts,2026-05-25T16:10:48Z,271,39,37,2804,0.637,,,normal,,2026-05-27T11:26:11Z
47527,4974,instagram,ext_instagram_00002987,Coverage update: Smart Home Connectivity Assessment capacity at HomeConnect Fixed Wireless is getting tight after a spike in service orders,2026-05-15T04:25:11Z,537,65,31,13163,0.234,,,normal,,2026-05-27T11:26:11Z
47528,4921,twitter,ext_twitter_00002988,Subscriber experience note - PulsePoint 5G Home Wi-Fi Mesh Kit is the service everyone is trying to schedule right now,2026-05-20T13:17:34Z,419,31,39,8434,0.741,,,normal,,2026-05-27T11:26:11Z
47529,4752,tiktok,ext_tiktok_00002989,Roaming bill questions are creating new handoffs to billing and retention teams,2026-05-23T11:47:14Z,309,29,15,18416,0.608,,,normal,,2026-05-27T11:26:11Z
47530,5041,youtube,ext_youtube_00002990,Subscribers are asking for clearer instructions after fiber installation and faster follow-up windows,2026-05-24T16:50:09Z,46400,2714,1430,610877,0.638,,,viral,,2026-05-27T11:26:11Z
47531,4557,tiktok,ext_tiktok_00002991,Outage follow-up is the top request in our subscriber forum this week,2026-05-24T13:32:25Z,655,54,28,3039,0.345,,,normal,,2026-05-27T11:26:11Z
47532,4558,twitter,ext_twitter_00002992,Small businesses need earlier visibility into field technician appointment availability,2026-04-27T14:10:46Z,7583,320,470,138521,0.847,,,rising,,2026-05-27T11:26:11Z
47533,4760,threads,ext_threads_00002993,Billing and usage signals are surfacing new need for Network Congestion Plan Review from WellNest Family Plans,2026-05-26T14:09:18Z,969,78,20,9432,0.94,,,normal,,2026-05-27T11:26:11Z
47534,4981,twitter,ext_twitter_00002994,"If your subscribers need Smart Home Connectivity Assessment, check HomeConnect Fixed Wireless availability early; appointment slots are moving fast",2026-05-23T04:42:27Z,373,96,35,4774,0.877,,,normal,,2026-05-27T11:26:11Z
47535,4816,twitter,ext_twitter_00002995,Device-support channels are seeing increased activation demand after a handset launch,2026-04-28T07:43:16Z,648,42,42,7852,0.237,,,normal,,2026-05-27T11:26:11Z
47536,4855,tiktok,ext_tiktok_00002996,Recommended WellNest Family Plans Network Congestion Plan Review to an account manager today because churn risk is the issue,2026-05-23T03:07:11Z,825,96,37,6096,0.752,,,normal,,2026-05-27T11:26:11Z
47537,4761,instagram,ext_instagram_00002997,"Thought Premium International Roaming Pass demand would level off, but SignalBridge Mobile is still seeing urgent requests",2026-05-13T18:15:45Z,828,52,17,6457,0.868,,,normal,,2026-05-27T11:26:11Z
47538,4609,youtube,ext_youtube_00002998,Morning capacity review featuring Fixed Wireless Home Internet. HomeConnect Fixed Wireless needs pre-positioned technician capacity,2026-05-20T21:16:14Z,47528,4936,1666,765049,0.32,,,viral,,2026-05-27T11:26:11Z
47539,4957,youtube,ext_youtube_00002999,Added IoT Sensor Gateway Kit to the high-priority service assurance path. Thank you OrbitMotion IoT for closing the gap,2026-05-21T04:33:49Z,214,60,17,10255,0.452,,,normal,,2026-05-27T11:26:11Z
47540,4984,instagram,ext_instagram_00003000,Subscribers are asking for clearer instructions after fiber installation and faster follow-up windows,2026-05-24T14:04:49Z,76,22,14,19600,0.844,,,normal,,2026-05-27T11:26:11Z
47541,4662,tiktok,ext_tiktok_00003001,Outage follow-up is the top request in our subscriber forum this week,2026-05-20T12:33:20Z,531,50,21,14064,0.035,,,normal,,2026-05-27T11:26:11Z
47542,4831,twitter,ext_twitter_00003002,Small businesses need earlier visibility into field technician appointment availability,2026-05-27T01:11:46Z,8209,1856,725,68721,0.084,,,rising,,2026-05-27T11:26:11Z
47543,4632,tiktok,ext_tiktok_00003003,Subscriber experience note - HomeConnect Fixed Wireless Smart Home Connectivity Assessment is the service everyone is trying to schedule right now,2026-05-03T08:02:01Z,610,16,25,3462,0.683,,,normal,,2026-05-27T11:26:11Z
47544,4991,twitter,ext_twitter_00003004,Coverage gaps are delaying service assurance for several subscriber groups,2026-05-12T11:56:38Z,511,10,12,4243,0.794,,,normal,,2026-05-27T11:26:11Z
47545,4720,threads,ext_threads_00003005,"Two-week review of SignalBridge Mobile Number Port-In Activation: strong subscriber response, but capacity planning matters",2026-05-26T17:13:16Z,1371,1268,786,77337,0.744,,,rising,,2026-05-27T11:26:11Z
47546,4902,youtube,ext_youtube_00003006,Families keep asking for better Wi-Fi performance before evening streaming starts,2026-05-10T18:29:33Z,718,69,36,18444,-0.293,,,normal,,2026-05-27T11:26:11Z
47547,4564,youtube,ext_youtube_00003007,Connected life teams need better outreach after recent storm-related service events,2026-05-26T05:02:13Z,819,64,33,15387,-0.133,,,normal,,2026-05-27T11:26:11Z
47548,5021,twitter,ext_twitter_00003008,Billing and usage signals are surfacing new need for Fiber Appointment Scheduling from RoamFlow Mobility,2026-05-27T06:07:56Z,942,29,31,10319,0.282,,,normal,,2026-05-27T11:26:11Z
47549,4954,instagram,ext_instagram_00003009,"If your subscribers need Premium International Roaming Pass, check SignalBridge Mobile availability early; appointment slots are moving fast",2026-05-06T10:41:39Z,69,52,15,2676,0.85,,,normal,,2026-05-27T11:26:11Z
47550,5049,tiktok,ext_tiktok_00003010,Day 30 with the Fleet Telematics SIM Pack workflow and the field team says OrbitMotion IoT reduced manual follow-up,2026-05-03T23:49:11Z,590,97,26,18485,0.547,,,normal,,2026-05-27T11:26:11Z
47551,4692,tiktok,ext_tiktok_00003011,Recommended EnterpriseEdge Services Enterprise Account Navigation to an account manager today because churn risk is the issue,2026-04-30T05:12:52Z,323,35,41,1284,0.665,,,normal,,2026-05-27T11:26:11Z
47552,4907,youtube,ext_youtube_00003012,"Thought Customer Retention Intake demand would level off, but ClearMind Customer Care is still seeing urgent requests",2026-05-17T03:27:07Z,838,16,34,8371,0.217,,,normal,,2026-05-27T11:26:11Z
47553,4628,twitter,ext_twitter_00003013,Morning capacity review featuring Number Port-In Activation. SignalBridge Mobile needs pre-positioned technician capacity,2026-05-18T01:53:26Z,560,79,19,2713,0.671,,,normal,,2026-05-27T11:26:11Z
47554,4649,youtube,ext_youtube_00003014,Added Family Data Share Plan to the high-priority service assurance path. Thank you WellNest Family Plans for closing the gap,2026-05-26T17:13:20Z,17326,5060,3128,495199,0.373,,,viral,,2026-05-27T11:26:11Z
47555,5045,twitter,ext_twitter_00003015,Subscribers are asking about Connected Device Monitoring Onboarding through MetroSupply Devices; upgrade and activation demand is rising,2026-05-01T01:47:33Z,160,18,35,12163,0.829,,,normal,,2026-05-27T11:26:11Z
47556,4569,youtube,ext_youtube_00003016,Network operations is flagging Family Data Share Plan from WellNest Family Plans as a capacity bottleneck this week,2026-05-16T06:39:07Z,3739,215,246,161701,0.228,,,rising,,2026-05-27T11:26:11Z
47557,4777,tiktok,ext_tiktok_00003017,Connected life teams need better outreach after recent storm-related service events,2026-05-24T02:03:50Z,180,11,40,6691,0.264,,,normal,,2026-05-27T11:26:11Z
47558,4622,tiktok,ext_tiktok_00003018,Subscriber experience note - MetroSupply Devices Connected Device Monitoring Onboarding is the service everyone is trying to schedule right now,2026-05-27T10:44:21Z,1446,1700,616,124815,0.446,,,rising,,2026-05-27T11:26:11Z
47559,4964,instagram,ext_instagram_00003019,Outage follow-up: demand for Customer Retention Intake is up and ClearMind Customer Care needs more field slots,2026-05-27T11:01:06Z,510,37,8,18062,0.407,,,normal,,2026-05-27T11:26:11Z
47560,4960,tiktok,ext_tiktok_00003020,"Two-week review of EnterpriseEdge Services Enterprise Account Navigation: strong subscriber response, but capacity planning matters",2026-05-25T10:58:00Z,454,9,31,10973,0.846,,,normal,,2026-05-27T11:26:11Z
47561,4694,youtube,ext_youtube_00003021,Families keep asking where to find Family Data Share Plan. WellNest Family Plans is showing up in every upgrade thread,2026-05-22T03:28:28Z,664,97,16,9540,0.878,,,normal,,2026-05-27T11:26:11Z
47562,4642,tiktok,ext_tiktok_00003022,Small businesses need earlier visibility into field technician appointment availability,2026-04-27T12:31:08Z,23628,9245,2728,376977,-0.19,,,viral,,2026-05-27T11:26:11Z
47563,4665,threads,ext_threads_00003023,Billing and usage signals are surfacing new need for Fleet Telematics SIM Pack from OrbitMotion IoT,2026-05-26T22:36:58Z,379,80,44,3966,0.569,,,normal,,2026-05-27T11:26:11Z
47564,4718,twitter,ext_twitter_00003024,"If your subscribers need Roaming Cost Coaching, check RoamFlow Mobility availability early; appointment slots are moving fast",2026-05-15T01:16:22Z,4626,1990,436,66141,0.685,,,rising,,2026-05-27T11:26:11Z
47565,4763,twitter,ext_twitter_00003025,Day 30 with the Gigabit Fiber Install workflow and the field team says FiberPath Broadband reduced manual follow-up,2026-05-26T18:52:57Z,442249,39737,6700,4595967,0.524,,,mega_viral,,2026-05-27T11:26:11Z
47566,4858,threads,ext_threads_00003026,Families keep asking for better Wi-Fi performance before evening streaming starts,2026-05-20T19:08:12Z,30971,7538,4526,610482,0.587,,,viral,,2026-05-27T11:26:11Z
47567,4855,tiktok,ext_tiktok_00003027,"Thought Small Business Fiber SLA demand would level off, but FiberPath Broadband is still seeing urgent requests",2026-05-26T14:25:29Z,468,53,12,1559,0.459,,,normal,,2026-05-27T11:26:11Z
47568,4569,youtube,ext_youtube_00003028,Enterprise care teams are coordinating SLA-impact cases across regional service teams today,2026-05-06T21:21:05Z,700,58,11,2867,-0.003,,,normal,,2026-05-27T11:26:11Z
47569,4821,twitter,ext_twitter_00003029,Added Fiber Repair Appointment to the high-priority service assurance path. Thank you FiberPath Broadband for closing the gap,2026-05-11T12:34:51Z,89,42,30,14654,0.383,,,normal,,2026-05-27T11:26:11Z
47570,4995,tiktok,ext_tiktok_00003030,Subscribers are asking for clearer instructions after fiber installation and faster follow-up windows,2026-05-23T16:07:33Z,320,7,36,14345,-0.08,,,normal,,2026-05-27T11:26:11Z
47571,4945,tiktok,ext_tiktok_00003031,Network operations is flagging Fiber Repair Appointment from FiberPath Broadband as a capacity bottleneck this week,2026-05-27T10:02:10Z,9680,1498,935,25009,0.225,,,rising,,2026-05-27T11:26:11Z
47572,4865,tiktok,ext_tiktok_00003032,Coverage update: 5G Business Consultation capacity at PulsePoint 5G is getting tight after a spike in service orders,2026-05-07T22:31:31Z,610,79,31,17211,0.88,,,normal,,2026-05-27T11:26:11Z
47573,4963,threads,ext_threads_00003033,Subscriber experience note - FiberPath Broadband Fiber Repair Appointment is the service everyone is trying to schedule right now,2026-05-07T08:49:16Z,6686,1729,743,60876,0.472,,,rising,,2026-05-27T11:26:11Z
47574,4724,youtube,ext_youtube_00003034,Outage follow-up: demand for Fleet Telematics SIM Pack is up and OrbitMotion IoT needs more field slots,2026-05-24T09:13:07Z,3550,1701,995,139612,0.56,,,rising,,2026-05-27T11:26:11Z
47575,4567,tiktok,ext_tiktok_00003035,Device-support channels are seeing increased activation demand after a handset launch,2026-05-16T01:03:23Z,24941,3683,7232,899747,0.43,,,viral,,2026-05-27T11:26:11Z
47576,4716,instagram,ext_instagram_00003036,Families keep asking where to find Home Wi-Fi Mesh Kit. PulsePoint 5G is showing up in every upgrade thread,2026-05-10T02:03:25Z,993,77,13,12577,0.22,,,normal,,2026-05-27T11:26:11Z
47577,5011,twitter,ext_twitter_00003037,NOC huddle: prioritize SignalBridge Mobile Premium International Roaming Pass installs before the weekend streaming surge,2026-05-26T21:27:41Z,3923,385,361,117720,0.647,,,rising,,2026-05-27T11:26:11Z
47578,4735,threads,ext_threads_00003038,Billing and usage signals are surfacing new need for LTE Backup Gateway from HomeConnect Fixed Wireless,2026-05-22T12:17:10Z,3601,341,367,47812,0.47,,,rising,,2026-05-27T11:26:11Z
47579,4645,threads,ext_threads_00003039,"If your subscribers need 5G Business Consultation, check PulsePoint 5G availability early; appointment slots are moving fast",2026-05-22T07:03:38Z,7839,1178,954,84090,0.717,,,rising,,2026-05-27T11:26:11Z
47580,4666,instagram,ext_instagram_00003040,Day 30 with the Family Data Share Plan workflow and the field team says WellNest Family Plans reduced manual follow-up,2026-05-21T23:01:06Z,903,21,4,13006,0.721,,,normal,,2026-05-27T11:26:11Z
47581,4921,twitter,ext_twitter_00003041,Outage follow-up is the top request in our subscriber forum this week,2026-05-18T07:25:05Z,55,36,7,13852,0.051,,,normal,,2026-05-27T11:26:11Z
47582,4630,threads,ext_threads_00003042,Small businesses need earlier visibility into field technician appointment availability,2026-05-06T09:51:56Z,383,69,25,7525,0.353,,,normal,,2026-05-27T11:26:11Z
47583,4762,tiktok,ext_tiktok_00003043,Morning capacity review featuring Fiber Repair Appointment. FiberPath Broadband needs pre-positioned technician capacity,2026-05-05T03:26:57Z,363,25,36,8799,0.703,,,normal,,2026-05-27T11:26:11Z
47584,4735,threads,ext_threads_00003044,Added Churn Risk Save Offer to the high-priority service assurance path. Thank you WaveFirst Mobile for closing the gap,2026-05-22T05:03:58Z,32026,8090,3619,799743,0.615,,,viral,,2026-05-27T11:26:11Z
47585,4953,threads,ext_threads_00003045,Device-support channels are seeing increased activation demand after a handset launch,2026-05-05T00:49:18Z,645,95,6,13413,0.116,,,normal,,2026-05-27T11:26:11Z
47586,4712,tiktok,ext_tiktok_00003046,Network operations is flagging Fiber Appointment Scheduling from RoamFlow Mobility as a capacity bottleneck this week,2026-05-09T20:20:02Z,795,17,5,15737,0.662,,,normal,,2026-05-27T11:26:11Z
47587,4968,threads,ext_threads_00003047,Connected life teams need better outreach after recent storm-related service events,2026-05-22T09:38:21Z,898,79,23,2113,0.098,,,normal,,2026-05-27T11:26:11Z
47588,4861,twitter,ext_twitter_00003048,Subscriber experience note - OrbitMotion IoT Fleet Telematics SIM Pack is the service everyone is trying to schedule right now,2026-05-23T16:30:35Z,475297,60447,47697,14710499,0.708,,,mega_viral,,2026-05-27T11:26:11Z
47589,4921,twitter,ext_twitter_00003049,Roaming bill questions are creating new handoffs to billing and retention teams,2026-05-16T12:13:12Z,2421,271,473,52176,0.801,,,rising,,2026-05-27T11:26:11Z
47590,4724,youtube,ext_youtube_00003050,Subscribers are asking for clearer instructions after fiber installation and faster follow-up windows,2026-04-28T11:57:21Z,235,4,24,17429,0.367,,,normal,,2026-05-27T11:26:11Z
47591,4613,twitter,ext_twitter_00003051,Outage follow-up is the top request in our subscriber forum this week,2026-04-30T21:29:58Z,356,3,23,7609,-0.106,,,normal,,2026-05-27T11:26:11Z
47592,4989,instagram,ext_instagram_00003052,NOC huddle: prioritize SignalBridge Mobile Premium International Roaming Pass installs before the weekend streaming surge,2026-05-13T05:25:24Z,407,85,12,10044,0.588,,,normal,,2026-05-27T11:26:11Z
47593,4610,threads,ext_threads_00003053,Network monitoring alerts are helping the team catch congestion before call volume spikes,2026-04-27T16:19:53Z,368,92,13,9813,0.735,,,normal,,2026-05-27T11:26:11Z
47594,4596,instagram,ext_instagram_00003054,Coverage gaps are delaying service assurance for several subscriber groups,2026-05-19T21:42:23Z,16,96,18,518,-0.231,,,normal,,2026-05-27T11:26:11Z
47595,4664,youtube,ext_youtube_00003055,Day 30 with the IoT Sensor Gateway Kit workflow and the field team says OrbitMotion IoT reduced manual follow-up,2026-05-21T03:24:45Z,4841,1170,315,78601,0.214,,,rising,,2026-05-27T11:26:11Z
47596,5058,instagram,ext_instagram_00003056,Families keep asking for better Wi-Fi performance before evening streaming starts,2026-05-08T10:42:28Z,111,37,31,13226,0.507,,,normal,,2026-05-27T11:26:11Z
47597,4685,threads,ext_threads_00003057,"Thought Small Business Fiber SLA demand would level off, but FiberPath Broadband is still seeing urgent requests",2026-05-15T05:40:29Z,686,30,1,11945,0.822,,,normal,,2026-05-27T11:26:11Z
47598,4751,instagram,ext_instagram_00003058,Morning capacity review featuring 5G Business Consultation. PulsePoint 5G needs pre-positioned technician capacity,2026-05-16T16:31:37Z,238,35,24,8051,0.496,,,normal,,2026-05-27T11:26:11Z
47599,4605,threads,ext_threads_00003059,Roaming bill questions are creating new handoffs to billing and retention teams,2026-05-20T07:02:53Z,720,17,47,11925,-0.109,,,normal,,2026-05-27T11:26:11Z
47600,5055,twitter,ext_twitter_00003060,Subscribers are asking about Gigabit Fiber Install through FiberPath Broadband; upgrade and activation demand is rising,2026-05-12T21:51:41Z,278,17,1,958,0.769,,,normal,,2026-05-27T11:26:11Z
47601,4619,youtube,ext_youtube_00003061,Network operations is flagging SIM Replacement Starter Kit from MetroSupply Devices as a capacity bottleneck this week,2026-05-21T01:21:10Z,922,67,39,11305,0.889,,,normal,,2026-05-27T11:26:11Z
47602,4857,youtube,ext_youtube_00003062,Coverage update: Device Upgrade Enrollment capacity at PulsePoint 5G is getting tight after a spike in service orders,2026-05-23T20:15:32Z,118,75,20,1453,0.315,,,normal,,2026-05-27T11:26:11Z
47603,4643,twitter,ext_twitter_00003063,Subscriber experience note - ClearMind Customer Care Customer Retention Intake is the service everyone is trying to schedule right now,2026-05-25T05:53:27Z,359,39,19,6291,0.639,,,normal,,2026-05-27T11:26:11Z
47604,4893,threads,ext_threads_00003064,Coverage gaps are delaying service assurance for several subscriber groups,2026-05-13T02:36:04Z,1778,593,702,57266,-0.241,,,rising,,2026-05-27T11:26:11Z
47605,4971,twitter,ext_twitter_00003065,"Two-week review of SignalBridge Mobile 5G Unlimited Mobile Plan: strong subscriber response, but capacity planning matters",2026-05-24T10:17:25Z,34044,8404,2392,490875,0.618,,,viral,,2026-05-27T11:26:11Z
47606,4768,twitter,ext_twitter_00003066,Families keep asking for better Wi-Fi performance before evening streaming starts,2026-05-24T21:27:29Z,507,96,5,8673,0.862,,,normal,,2026-05-27T11:26:11Z
47607,4704,youtube,ext_youtube_00003067,Connected life teams need better outreach after recent storm-related service events,2026-05-14T10:33:05Z,73791,65943,30014,7596727,0.734,,,mega_viral,,2026-05-27T11:26:11Z
47608,4949,instagram,ext_instagram_00003068,Billing and usage signals are surfacing new need for Number Port-In Activation from SignalBridge Mobile,2026-05-06T11:51:13Z,45003,10553,2616,939427,0.315,,,viral,,2026-05-27T11:26:11Z
47609,4830,tiktok,ext_tiktok_00003069,Roaming bill questions are creating new handoffs to billing and retention teams,2026-04-29T17:27:53Z,162,37,3,2865,0.717,,,normal,,2026-05-27T11:26:11Z
47610,4808,threads,ext_threads_00003070,Day 30 with the Fleet Telematics SIM Pack workflow and the field team says OrbitMotion IoT reduced manual follow-up,2026-05-27T10:33:42Z,844,95,8,17187,0.833,,,normal,,2026-05-27T11:26:11Z
47611,4891,twitter,ext_twitter_00003071,Outage follow-up is the top request in our subscriber forum this week,2026-04-30T19:41:07Z,135,0,8,18254,0.539,,,normal,,2026-05-27T11:26:11Z
47612,4561,instagram,ext_instagram_00003072,Small businesses need earlier visibility into field technician appointment availability,2026-05-12T20:46:23Z,644,41,48,17137,-0.094,,,normal,,2026-05-27T11:26:11Z
47613,4735,threads,ext_threads_00003073,Network monitoring alerts are helping the team catch congestion before call volume spikes,2026-05-21T05:31:47Z,48623,10066,6750,769893,0.286,,,viral,,2026-05-27T11:26:11Z
47614,4585,threads,ext_threads_00003074,Coverage gaps are delaying service assurance for several subscriber groups,2026-05-13T01:37:18Z,363,6,13,766,0.735,,,normal,,2026-05-27T11:26:11Z
47615,4725,threads,ext_threads_00003075,Subscribers are asking about Connected Device Monitoring Onboarding through MetroSupply Devices; upgrade and activation demand is rising,2026-05-02T12:05:43Z,9801,275,443,197063,0.865,,,rising,,2026-05-27T11:26:11Z
47616,5047,threads,ext_threads_00003076,Network operations is flagging Small Business Fiber SLA from FiberPath Broadband as a capacity bottleneck this week,2026-05-27T06:20:36Z,228,37,38,5490,0.783,,,normal,,2026-05-27T11:26:11Z
47617,4681,instagram,ext_instagram_00003077,Coverage update: Outage Follow-Up Call capacity at ClearMind Customer Care is getting tight after a spike in service orders,2026-05-27T08:26:51Z,678,87,39,10913,0.625,,,normal,,2026-05-27T11:26:11Z
47618,4874,instagram,ext_instagram_00003078,Subscriber experience note - WaveFirst Mobile Churn Risk Save Offer is the service everyone is trying to schedule right now,2026-05-22T08:14:30Z,1783,1793,694,75234,0.324,,,rising,,2026-05-27T11:26:11Z
47619,4911,twitter,ext_twitter_00003079,Roaming bill questions are creating new handoffs to billing and retention teams,2026-05-04T22:54:23Z,1793,1702,188,135598,0.139,,,rising,,2026-05-27T11:26:11Z
47620,4809,instagram,ext_instagram_00003080,Subscribers are asking for clearer instructions after fiber installation and faster follow-up windows,2026-05-02T10:03:24Z,68,31,33,3891,0.708,,,normal,,2026-05-27T11:26:11Z
47621,5048,instagram,ext_instagram_00003081,Outage follow-up is the top request in our subscriber forum this week,2026-05-26T09:17:42Z,173408,55845,22921,7004169,-0.184,,,mega_viral,,2026-05-27T11:26:11Z
47622,5012,youtube,ext_youtube_00003082,NOC huddle: prioritize SilverLine Connected Life Senior Connected Life Plan installs before the weekend streaming surge,2026-05-05T11:26:41Z,444,32,3,12234,0.239,,,normal,,2026-05-27T11:26:11Z
47623,4869,instagram,ext_instagram_00003083,Billing and usage signals are surfacing new need for Outage Follow-Up Call from ClearMind Customer Care,2026-05-19T20:27:46Z,5606,1969,917,28685,0.843,,,rising,,2026-05-27T11:26:11Z
47624,4878,threads,ext_threads_00003084,"If your subscribers need 5G Unlimited Mobile Plan, check SignalBridge Mobile availability early; appointment slots are moving fast",2026-05-24T23:58:17Z,6300,413,837,78678,0.566,,,rising,,2026-05-27T11:26:11Z
47625,4983,threads,ext_threads_00003085,Day 30 with the Family Connectivity Support Session workflow and the field team says SilverLine Connected Life reduced manual follow-up,2026-04-29T02:39:37Z,444,22,23,19586,0.321,,,normal,,2026-05-27T11:26:11Z
47626,4978,threads,ext_threads_00003086,Recommended WellNest Family Plans Network Congestion Plan Review to an account manager today because churn risk is the issue,2026-05-24T15:09:19Z,564,13,5,17717,0.829,,,normal,,2026-05-27T11:26:11Z
47627,4825,tiktok,ext_tiktok_00003087,Connected life teams need better outreach after recent storm-related service events,2026-05-17T23:58:22Z,143,4,39,10240,0.214,,,normal,,2026-05-27T11:26:11Z
47628,4626,instagram,ext_instagram_00003088,Enterprise care teams are coordinating SLA-impact cases across regional service teams today,2026-05-03T14:09:23Z,837,50,6,10554,0.302,,,normal,,2026-05-27T11:26:11Z
47629,4967,youtube,ext_youtube_00003089,Added Roaming Cost Coaching to the high-priority service assurance path. Thank you RoamFlow Mobility for closing the gap,2026-05-22T09:11:46Z,414,24,28,4351,0.32,,,normal,,2026-05-27T11:26:11Z
47630,5041,youtube,ext_youtube_00003090,Subscribers are asking for clearer instructions after fiber installation and faster follow-up windows,2026-05-26T10:07:10Z,332,41,22,1799,-0.067,,,normal,,2026-05-27T11:26:11Z
47631,4896,twitter,ext_twitter_00003091,Network operations is flagging Customer Retention Intake from ClearMind Customer Care as a capacity bottleneck this week,2026-05-27T11:22:15Z,754,71,32,11422,0.779,,,normal,,2026-05-27T11:26:11Z
47632,4618,twitter,ext_twitter_00003092,Small businesses need earlier visibility into field technician appointment availability,2026-05-01T03:01:06Z,408,5,17,5428,0.683,,,normal,,2026-05-27T11:26:11Z
47633,4800,tiktok,ext_tiktok_00003093,Subscriber experience note - FiberPath Broadband Fiber Repair Appointment is the service everyone is trying to schedule right now,2026-05-22T12:09:31Z,7722,1924,998,174025,0.712,,,rising,,2026-05-27T11:26:11Z
47634,5026,twitter,ext_twitter_00003094,Coverage gaps are delaying service assurance for several subscriber groups,2026-05-20T04:59:06Z,348,98,32,17611,0.45,,,normal,,2026-05-27T11:26:11Z
47635,4668,twitter,ext_twitter_00003095,"Two-week review of SignalBridge Mobile Premium International Roaming Pass: strong subscriber response, but capacity planning matters",2026-05-19T05:14:32Z,13,36,27,8271,0.415,,,normal,,2026-05-27T11:26:11Z
47636,4583,twitter,ext_twitter_00003096,Families keep asking where to find Fixed Wireless Home Internet. HomeConnect Fixed Wireless is showing up in every upgrade thread,2026-05-27T01:23:27Z,3695,1248,261,48681,0.694,,,rising,,2026-05-27T11:26:11Z
47637,4679,youtube,ext_youtube_00003097,Connected life teams need better outreach after recent storm-related service events,2026-05-14T10:34:24Z,545,61,32,1963,0.072,,,normal,,2026-05-27T11:26:11Z
47638,4619,youtube,ext_youtube_00003098,Billing and usage signals are surfacing new need for Gigabit Fiber Install from FiberPath Broadband,2026-05-06T09:44:20Z,601,41,17,6446,0.923,,,normal,,2026-05-27T11:26:11Z
47639,4945,tiktok,ext_tiktok_00003099,"If your subscribers need Churn Risk Save Offer, check WaveFirst Mobile availability early; appointment slots are moving fast",2026-05-18T17:53:19Z,411,54,27,4528,0.218,,,normal,,2026-05-27T11:26:11Z
47640,4550,threads,ext_threads_00003100,Subscribers are asking for clearer instructions after fiber installation and faster follow-up windows,2026-05-12T15:53:01Z,2286,290,854,135503,0.213,,,rising,,2026-05-27T11:26:11Z
47641,4556,instagram,ext_instagram_00003101,Outage follow-up is the top request in our subscriber forum this week,2026-05-23T06:37:53Z,61,78,27,2259,-0.088,,,normal,,2026-05-27T11:26:11Z
47642,4775,threads,ext_threads_00003102,"Thought Enterprise Account Navigation demand would level off, but EnterpriseEdge Services is still seeing urgent requests",2026-05-19T06:29:20Z,461,7,0,9073,0.928,,,normal,,2026-05-27T11:26:11Z
47643,4970,tiktok,ext_tiktok_00003103,Morning capacity review featuring Student Mobile Plan. WellNest Family Plans needs pre-positioned technician capacity,2026-05-14T09:24:21Z,490,15,41,12053,0.329,,,normal,,2026-05-27T11:26:11Z
47644,4762,tiktok,ext_tiktok_00003104,Added LTE Backup Gateway to the high-priority service assurance path. Thank you HomeConnect Fixed Wireless for closing the gap,2026-05-23T04:40:18Z,711,99,31,1342,0.919,,,normal,,2026-05-27T11:26:11Z
47645,4732,tiktok,ext_tiktok_00003105,Subscribers are asking about New Line Activation through WaveFirst Mobile; upgrade and activation demand is rising,2026-05-23T12:00:40Z,50,93,18,19918,0.445,,,normal,,2026-05-27T11:26:11Z
47646,5057,threads,ext_threads_00003106,Network operations is flagging Field Technician Evaluation from OrbitMotion IoT as a capacity bottleneck this week,2026-05-26T21:41:32Z,65,95,40,14451,0.206,,,normal,,2026-05-27T11:26:11Z
47647,4599,youtube,ext_youtube_00003107,Connected life teams need better outreach after recent storm-related service events,2026-05-19T02:58:49Z,6412,1459,470,119576,0.735,,,rising,,2026-05-27T11:26:11Z
47648,4813,threads,ext_threads_00003108,Subscriber experience note - FiberPath Broadband Fiber Repair Appointment is the service everyone is trying to schedule right now,2026-05-04T11:24:27Z,290,98,40,298,0.532,,,normal,,2026-05-27T11:26:11Z
47649,4912,youtube,ext_youtube_00003109,Outage follow-up: demand for Fixed Wireless Home Internet is up and HomeConnect Fixed Wireless needs more field slots,2026-05-14T04:35:15Z,5731,1093,369,36601,0.41,,,rising,,2026-05-27T11:26:11Z
47650,5013,threads,ext_threads_00003110,Subscribers are asking for clearer instructions after fiber installation and faster follow-up windows,2026-05-21T09:25:14Z,5254,900,435,134302,0.827,,,rising,,2026-05-27T11:26:11Z
47651,4716,instagram,ext_instagram_00003111,Outage follow-up is the top request in our subscriber forum this week,2026-05-11T06:02:24Z,3479,1109,686,95524,0.543,,,rising,,2026-05-27T11:26:11Z
47652,4699,youtube,ext_youtube_00003112,NOC huddle: prioritize WellNest Family Plans Network Congestion Plan Review installs before the weekend streaming surge,2026-05-23T03:42:17Z,56,68,46,6236,0.524,,,normal,,2026-05-27T11:26:11Z
47653,4890,tiktok,ext_tiktok_00003113,Billing and usage signals are surfacing new need for Field Technician Evaluation from OrbitMotion IoT,2026-05-17T22:27:36Z,6774,910,732,85136,0.553,,,rising,,2026-05-27T11:26:11Z
47654,4617,tiktok,ext_tiktok_00003114,"If your subscribers need Number Port-In Activation, check SignalBridge Mobile availability early; appointment slots are moving fast",2026-05-20T04:50:09Z,692,12,47,17904,0.95,,,normal,,2026-05-27T11:26:11Z
47655,4546,instagram,ext_instagram_00003115,Day 30 with the Fiber Appointment Scheduling workflow and the field team says RoamFlow Mobility reduced manual follow-up,2026-05-25T06:44:49Z,9896,1886,995,148141,0.703,,,rising,,2026-05-27T11:26:11Z
47656,4983,threads,ext_threads_00003116,Recommended RoamFlow Mobility Roaming Cost Coaching to an account manager today because churn risk is the issue,2026-05-27T10:56:36Z,459,89,10,5084,0.915,,,normal,,2026-05-27T11:26:11Z
47657,4956,twitter,ext_twitter_00003117,"Thought Home Wi-Fi Mesh Kit demand would level off, but PulsePoint 5G is still seeing urgent requests",2026-05-21T00:46:22Z,941,33,31,15600,0.711,,,normal,,2026-05-27T11:26:11Z
47658,4749,youtube,ext_youtube_00003118,Morning capacity review featuring Device Upgrade Enrollment. PulsePoint 5G needs pre-positioned technician capacity,2026-05-15T09:37:46Z,755,64,46,4157,0.206,,,normal,,2026-05-27T11:26:11Z
47659,4597,tiktok,ext_tiktok_00003119,Added Device Upgrade Enrollment to the high-priority service assurance path. Thank you PulsePoint 5G for closing the gap,2026-05-19T18:49:13Z,9936,1316,224,95635,0.254,,,rising,,2026-05-27T11:26:11Z
47660,4683,twitter,ext_twitter_00003120,Subscribers are asking for clearer instructions after fiber installation and faster follow-up windows,2026-05-08T09:28:41Z,688,23,6,1366,0.581,,,normal,,2026-05-27T11:26:11Z
47661,4615,threads,ext_threads_00003121,Outage follow-up is the top request in our subscriber forum this week,2026-05-19T13:55:27Z,193,41,32,4605,-0.285,,,normal,,2026-05-27T11:26:11Z
47662,4572,tiktok,ext_tiktok_00003122,Coverage update: Family Connectivity Support Session capacity at SilverLine Connected Life is getting tight after a spike in service orders,2026-05-06T00:45:37Z,763,36,21,18086,0.38,,,normal,,2026-05-27T11:26:11Z
47663,4819,instagram,ext_instagram_00003123,Network monitoring alerts are helping the team catch congestion before call volume spikes,2026-05-16T01:48:03Z,168409,33944,48130,16411433,0.037,,,mega_viral,,2026-05-27T11:26:11Z
47664,4669,youtube,ext_youtube_00003124,Coverage gaps are delaying service assurance for several subscriber groups,2026-05-16T07:32:11Z,94,89,5,17234,-0.088,,,normal,,2026-05-27T11:26:11Z
47665,4668,twitter,ext_twitter_00003125,"Two-week review of EnterpriseEdge Services Enterprise Account Navigation: strong subscriber response, but capacity planning matters",2026-05-14T02:44:17Z,7430,812,265,175532,0.434,,,rising,,2026-05-27T11:26:11Z
47666,4718,twitter,ext_twitter_00003126,Families keep asking where to find Fiber Repair Appointment. FiberPath Broadband is showing up in every upgrade thread,2026-05-04T03:56:29Z,609,5,47,3622,0.705,,,normal,,2026-05-27T11:26:11Z
47667,4632,tiktok,ext_tiktok_00003127,NOC huddle: prioritize HomeConnect Fixed Wireless Fixed Wireless Home Internet installs before the weekend streaming surge,2026-05-09T18:53:48Z,820,30,2,982,0.884,,,normal,,2026-05-27T11:26:11Z
47668,4865,tiktok,ext_tiktok_00003128,Billing and usage signals are surfacing new need for Fixed Wireless Home Internet from HomeConnect Fixed Wireless,2026-05-27T08:46:33Z,2756,1170,745,154990,0.445,,,rising,,2026-05-27T11:26:11Z
47669,4695,threads,ext_threads_00003129,"If your subscribers need Number Port-In Activation, check SignalBridge Mobile availability early; appointment slots are moving fast",2026-05-22T10:59:52Z,9534,1285,121,85469,0.351,,,rising,,2026-05-27T11:26:11Z
47670,4782,tiktok,ext_tiktok_00003130,Day 30 with the Fleet Telematics SIM Pack workflow and the field team says OrbitMotion IoT reduced manual follow-up,2026-05-04T19:12:19Z,219,19,28,15312,0.907,,,normal,,2026-05-27T11:26:11Z
47671,5001,twitter,ext_twitter_00003131,Recommended MetroSupply Devices Connected Device Monitoring Onboarding to an account manager today because churn risk is the issue,2026-05-27T10:13:44Z,863,67,17,8464,0.433,,,normal,,2026-05-27T11:26:11Z
47672,4807,youtube,ext_youtube_00003132,"Thought Outage Follow-Up Call demand would level off, but ClearMind Customer Care is still seeing urgent requests",2026-05-23T08:58:23Z,2889,1741,175,39786,0.289,,,rising,,2026-05-27T11:26:11Z
47673,4843,threads,ext_threads_00003133,Morning capacity review featuring Customer Retention Intake. ClearMind Customer Care needs pre-positioned technician capacity,2026-05-22T10:52:09Z,589,75,20,17306,0.466,,,normal,,2026-05-27T11:26:11Z
47674,4546,instagram,ext_instagram_00003134,Added Outage Follow-Up Call to the high-priority service assurance path. Thank you ClearMind Customer Care for closing the gap,2026-05-22T01:13:33Z,181,83,18,7508,0.577,,,normal,,2026-05-27T11:26:11Z
47675,4814,instagram,ext_instagram_00003135,Device-support channels are seeing increased activation demand after a handset launch,2026-05-27T07:04:54Z,603,86,31,439,0.028,,,normal,,2026-05-27T11:26:11Z
47676,4672,tiktok,ext_tiktok_00003136,Families keep asking for better Wi-Fi performance before evening streaming starts,2026-05-20T13:20:30Z,27,15,24,14929,0.579,,,normal,,2026-05-27T11:26:11Z
47677,4651,instagram,ext_instagram_00003137,Coverage update: Student Mobile Plan capacity at WellNest Family Plans is getting tight after a spike in service orders,2026-05-09T12:35:53Z,190,67,35,2957,0.538,,,normal,,2026-05-27T11:26:11Z
47678,4989,instagram,ext_instagram_00003138,Subscriber experience note - HomeConnect Fixed Wireless Smart Home Connectivity Assessment is the service everyone is trying to schedule right now,2026-05-20T05:56:14Z,2708,285,579,38873,0.565,,,rising,,2026-05-27T11:26:11Z
47679,4589,youtube,ext_youtube_00003139,Outage follow-up: demand for Premium International Roaming Pass is up and SignalBridge Mobile needs more field slots,2026-05-26T14:19:15Z,726,63,39,11222,0.73,,,normal,,2026-05-27T11:26:11Z
47680,4990,tiktok,ext_tiktok_00003140,"Two-week review of EnterpriseEdge Services Enterprise Account Navigation: strong subscriber response, but capacity planning matters",2026-05-27T10:10:40Z,828,12,46,11947,0.229,,,normal,,2026-05-27T11:26:11Z
47681,4865,tiktok,ext_tiktok_00003141,Families keep asking where to find Fraud Resolution Case. ClearMind Customer Care is showing up in every upgrade thread,2026-05-27T03:47:39Z,47973,10490,2627,941547,0.93,,,viral,,2026-05-27T11:26:11Z
47682,4803,threads,ext_threads_00003142,NOC huddle: prioritize SilverLine Connected Life Family Connectivity Support Session installs before the weekend streaming surge,2026-05-26T23:47:14Z,566,65,39,2098,0.627,,,normal,,2026-05-27T11:26:11Z
47683,4820,tiktok,ext_tiktok_00003143,Billing and usage signals are surfacing new need for Senior Connected Life Plan from SilverLine Connected Life,2026-05-25T04:16:38Z,533,32,24,6747,0.603,,,normal,,2026-05-27T11:26:11Z
47684,4891,twitter,ext_twitter_00003144,"If your subscribers need Network Congestion Plan Review, check WellNest Family Plans availability early; appointment slots are moving fast",2026-05-26T08:46:08Z,306,11,29,1883,0.772,,,normal,,2026-05-27T11:26:11Z
47685,4711,instagram,ext_instagram_00003145,Day 30 with the New Line Activation workflow and the field team says WaveFirst Mobile reduced manual follow-up,2026-05-27T04:20:20Z,287,71,25,7695,0.612,,,normal,,2026-05-27T11:26:11Z
47686,4713,twitter,ext_twitter_00003146,Recommended WaveFirst Mobile Churn Risk Save Offer to an account manager today because churn risk is the issue,2026-05-27T07:10:45Z,689,71,0,2962,0.619,,,normal,,2026-05-27T11:26:11Z
47687,4811,twitter,ext_twitter_00003147,"Thought Premium International Roaming Pass demand would level off, but SignalBridge Mobile is still seeing urgent requests",2026-05-25T03:38:36Z,102,43,13,14145,0.323,,,normal,,2026-05-27T11:26:11Z
47688,4935,tiktok,ext_tiktok_00003148,Morning capacity review featuring Fiber Appointment Scheduling. RoamFlow Mobility needs pre-positioned technician capacity,2026-05-24T04:35:29Z,272,75,28,4660,0.399,,,normal,,2026-05-27T11:26:11Z
47689,4988,threads,ext_threads_00003149,Roaming bill questions are creating new handoffs to billing and retention teams,2026-05-07T01:49:54Z,205,94,47,11960,0.769,,,normal,,2026-05-27T11:26:11Z
47690,4861,twitter,ext_twitter_00003150,Subscribers are asking for clearer instructions after fiber installation and faster follow-up windows,2026-05-18T17:46:02Z,4446,370,739,162894,-0.213,,,rising,,2026-05-27T11:26:11Z
47691,4672,tiktok,ext_tiktok_00003151,Network operations is flagging Family Data Share Plan from WellNest Family Plans as a capacity bottleneck this week,2026-05-23T21:33:11Z,5457,1755,533,125643,0.204,,,rising,,2026-05-27T11:26:11Z
47692,4541,instagram,ext_instagram_00003152,Small businesses need earlier visibility into field technician appointment availability,2026-05-20T07:34:19Z,6997,986,479,172567,0.675,,,rising,,2026-05-27T11:26:11Z
47693,4854,instagram,ext_instagram_00003153,Network monitoring alerts are helping the team catch congestion before call volume spikes,2026-05-19T23:01:43Z,6627,1950,762,139666,0.038,,,rising,,2026-05-27T11:26:11Z
47694,4981,twitter,ext_twitter_00003154,Outage follow-up: demand for Home Wi-Fi Mesh Kit is up and PulsePoint 5G needs more field slots,2026-05-20T11:07:17Z,548,77,6,4815,0.672,,,normal,,2026-05-27T11:26:11Z
47695,4650,threads,ext_threads_00003155,Device-support channels are seeing increased activation demand after a handset launch,2026-05-15T00:47:18Z,375,76,36,6700,0.522,,,normal,,2026-05-27T11:26:11Z
47696,4951,twitter,ext_twitter_00003156,Families keep asking where to find Field Technician Evaluation. OrbitMotion IoT is showing up in every upgrade thread,2026-05-27T11:25:42Z,4459,1216,901,48526,0.238,,,rising,,2026-05-27T11:26:11Z
47697,4820,tiktok,ext_tiktok_00003157,NOC huddle: prioritize MetroSupply Devices SIM Replacement Starter Kit installs before the weekend streaming surge,2026-05-12T04:59:55Z,964,9,27,3522,0.641,,,normal,,2026-05-27T11:26:11Z
47698,4910,tiktok,ext_tiktok_00003158,Billing and usage signals are surfacing new need for Premium International Roaming Pass from SignalBridge Mobile,2026-05-04T01:42:47Z,264,47,2,12646,0.854,,,normal,,2026-05-27T11:26:11Z
47699,4557,tiktok,ext_tiktok_00003159,"If your subscribers need Edge Compute Reservation, check EnterpriseEdge Services availability early; appointment slots are moving fast",2026-05-26T09:15:56Z,71,12,13,5418,0.575,,,normal,,2026-05-27T11:26:11Z
47700,4581,instagram,ext_instagram_00003160,Day 30 with the Fixed Wireless Home Internet workflow and the field team says HomeConnect Fixed Wireless reduced manual follow-up,2026-05-20T09:53:42Z,877,58,15,11126,0.603,,,normal,,2026-05-27T11:26:11Z
47701,4727,tiktok,ext_tiktok_00003161,Recommended SignalBridge Mobile Number Port-In Activation to an account manager today because churn risk is the issue,2026-05-26T22:03:52Z,144364,44994,33343,7630593,0.282,,,mega_viral,,2026-05-27T11:26:11Z
47702,4641,instagram,ext_instagram_00003162,"Thought Customer Retention Intake demand would level off, but ClearMind Customer Care is still seeing urgent requests",2026-05-19T23:20:41Z,65,81,31,10581,0.793,,,normal,,2026-05-27T11:26:11Z
47703,4708,twitter,ext_twitter_00003163,Morning capacity review featuring IoT Sensor Gateway Kit. OrbitMotion IoT needs pre-positioned technician capacity,2026-05-06T18:02:17Z,2383,825,979,178664,0.939,,,rising,,2026-05-27T11:26:11Z
47704,5008,threads,ext_threads_00003164,Coverage gaps are delaying service assurance for several subscriber groups,2026-05-25T20:21:34Z,31398,7632,5719,997310,0.556,,,viral,,2026-05-27T11:26:11Z
47705,5056,youtube,ext_youtube_00003165,Subscribers are asking about Connected Device Monitoring Onboarding through MetroSupply Devices; upgrade and activation demand is rising,2026-05-17T00:14:20Z,451,83,5,19979,0.541,,,normal,,2026-05-27T11:26:11Z
47706,4829,instagram,ext_instagram_00003166,Network operations is flagging Number Port-In Activation from SignalBridge Mobile as a capacity bottleneck this week,2026-05-27T08:26:15Z,680,80,44,19142,0.373,,,normal,,2026-05-27T11:26:11Z
47707,4909,instagram,ext_instagram_00003167,Coverage update: Device Upgrade Enrollment capacity at PulsePoint 5G is getting tight after a spike in service orders,2026-05-06T16:22:33Z,69,94,16,3294,0.236,,,normal,,2026-05-27T11:26:11Z
47708,4746,instagram,ext_instagram_00003168,Subscriber experience note - WaveFirst Mobile New Line Activation is the service everyone is trying to schedule right now,2026-05-03T04:14:14Z,4264,741,855,88796,0.423,,,rising,,2026-05-27T11:26:11Z
47709,4596,instagram,ext_instagram_00003169,Outage follow-up: demand for Home Wi-Fi Mesh Kit is up and PulsePoint 5G needs more field slots,2026-05-08T21:18:59Z,175,27,41,4214,0.727,,,normal,,2026-05-27T11:26:11Z
47710,4609,youtube,ext_youtube_00003170,"Two-week review of SilverLine Connected Life Family Connectivity Support Session: strong subscriber response, but capacity planning matters",2026-05-19T14:01:47Z,9981,740,394,30674,0.386,,,rising,,2026-05-27T11:26:11Z
47711,4965,tiktok,ext_tiktok_00003171,Families keep asking where to find 5G Unlimited Mobile Plan. SignalBridge Mobile is showing up in every upgrade thread,2026-05-22T07:39:41Z,70,49,4,3330,0.378,,,normal,,2026-05-27T11:26:11Z
47712,4745,threads,ext_threads_00003172,Small businesses need earlier visibility into field technician appointment availability,2026-05-09T10:41:43Z,591,3,17,6441,0.801,,,normal,,2026-05-27T11:26:11Z
47713,4564,youtube,ext_youtube_00003173,Network monitoring alerts are helping the team catch congestion before call volume spikes,2026-05-02T02:34:18Z,674,40,41,7510,0.385,,,normal,,2026-05-27T11:26:11Z
47714,4654,youtube,ext_youtube_00003174,"If your subscribers need Gigabit Fiber Install, check FiberPath Broadband availability early; appointment slots are moving fast",2026-05-27T06:24:25Z,507,5,35,15895,0.846,,,normal,,2026-05-27T11:26:11Z
47715,4591,instagram,ext_instagram_00003175,Day 30 with the Fleet Telematics SIM Pack workflow and the field team says OrbitMotion IoT reduced manual follow-up,2026-05-27T08:27:07Z,935,82,0,16399,0.667,,,normal,,2026-05-27T11:26:11Z
47716,4585,threads,ext_threads_00003176,Recommended ClearMind Customer Care Customer Retention Intake to an account manager today because churn risk is the issue,2026-05-27T07:56:39Z,694,27,17,7953,0.701,,,normal,,2026-05-27T11:26:11Z
47717,4598,twitter,ext_twitter_00003177,"Thought Network Congestion Plan Review demand would level off, but WellNest Family Plans is still seeing urgent requests",2026-05-26T09:41:25Z,143,91,28,1478,0.235,,,normal,,2026-05-27T11:26:11Z
47718,4965,tiktok,ext_tiktok_00003178,Morning capacity review featuring Family Connectivity Support Session. SilverLine Connected Life needs pre-positioned technician capacity,2026-05-27T11:12:57Z,264,39,42,2058,0.547,,,normal,,2026-05-27T11:26:11Z
47719,4796,twitter,ext_twitter_00003179,Roaming bill questions are creating new handoffs to billing and retention teams,2026-05-18T18:25:01Z,2900,1814,904,24750,0.114,,,rising,,2026-05-27T11:26:11Z
47720,4556,instagram,ext_instagram_00003180,Subscribers are asking about Number Port-In Activation through SignalBridge Mobile; upgrade and activation demand is rising,2026-05-22T11:26:31Z,882,74,35,12346,0.945,,,normal,,2026-05-27T11:26:11Z
47721,4622,tiktok,ext_tiktok_00003181,Outage follow-up is the top request in our subscriber forum this week,2026-05-08T09:25:34Z,720,25,36,13976,0.103,,,normal,,2026-05-27T11:26:11Z
47722,4556,instagram,ext_instagram_00003182,Small businesses need earlier visibility into field technician appointment availability,2026-05-04T01:56:25Z,721,45,26,8371,0.59,,,normal,,2026-05-27T11:26:11Z
47723,4767,tiktok,ext_tiktok_00003183,Subscriber experience note - WellNest Family Plans Family Data Share Plan is the service everyone is trying to schedule right now,2026-05-17T11:24:35Z,44624,14717,5930,258951,0.347,,,viral,,2026-05-27T11:26:11Z
47724,4672,tiktok,ext_tiktok_00003184,Outage follow-up: demand for Smart Home Connectivity Assessment is up and HomeConnect Fixed Wireless needs more field slots,2026-05-20T11:06:12Z,256,99,8,10469,0.481,,,normal,,2026-05-27T11:26:11Z
47725,4944,instagram,ext_instagram_00003185,"Two-week review of OrbitMotion IoT IoT Sensor Gateway Kit: strong subscriber response, but capacity planning matters",2026-05-19T10:57:15Z,957,78,2,3599,0.843,,,normal,,2026-05-27T11:26:11Z
47726,4733,twitter,ext_twitter_00003186,Families keep asking where to find New Line Activation. WaveFirst Mobile is showing up in every upgrade thread,2026-05-27T07:04:28Z,306,78,41,18548,0.822,,,normal,,2026-05-27T11:26:11Z
47727,4905,tiktok,ext_tiktok_00003187,Connected life teams need better outreach after recent storm-related service events,2026-05-26T14:28:46Z,419,61,12,11675,-0.094,,,normal,,2026-05-27T11:26:11Z
47728,4912,youtube,ext_youtube_00003188,Billing and usage signals are surfacing new need for LTE Backup Gateway from HomeConnect Fixed Wireless,2026-05-27T11:09:59Z,792,92,43,10929,0.556,,,normal,,2026-05-27T11:26:11Z
47729,4562,tiktok,ext_tiktok_00003189,"If your subscribers need Fleet Telematics SIM Pack, check OrbitMotion IoT availability early; appointment slots are moving fast",2026-05-17T09:08:05Z,72,75,47,2033,0.91,,,normal,,2026-05-27T11:26:11Z
47730,4589,youtube,ext_youtube_00003190,Subscribers are asking for clearer instructions after fiber installation and faster follow-up windows,2026-05-05T19:07:06Z,280,73,5,19400,0.654,,,normal,,2026-05-27T11:26:11Z
47731,5021,twitter,ext_twitter_00003191,Recommended RoamFlow Mobility Roaming Cost Coaching to an account manager today because churn risk is the issue,2026-05-01T02:06:38Z,740,93,8,1032,0.464,,,normal,,2026-05-27T11:26:11Z
47732,4676,instagram,ext_instagram_00003192,"Thought Fixed Wireless Home Internet demand would level off, but HomeConnect Fixed Wireless is still seeing urgent requests",2026-05-08T01:41:39Z,353,11,33,10131,0.495,,,normal,,2026-05-27T11:26:11Z
47733,4724,youtube,ext_youtube_00003193,Morning capacity review featuring 5G Mobile Hotspot Kit. MetroSupply Devices needs pre-positioned technician capacity,2026-05-05T16:50:19Z,966,41,13,19887,0.558,,,normal,,2026-05-27T11:26:11Z
47734,4932,youtube,ext_youtube_00003194,Added Network Congestion Plan Review to the high-priority service assurance path. Thank you WellNest Family Plans for closing the gap,2026-05-04T20:39:07Z,952,22,21,7414,0.56,,,normal,,2026-05-27T11:26:11Z
47735,4771,instagram,ext_instagram_00003195,Device-support channels are seeing increased activation demand after a handset launch,2026-05-06T01:54:44Z,30800,13776,1356,490864,0.629,,,viral,,2026-05-27T11:26:11Z
47736,4723,twitter,ext_twitter_00003196,Network operations is flagging Device Upgrade Enrollment from PulsePoint 5G as a capacity bottleneck this week,2026-05-27T03:19:15Z,117,41,36,15190,0.336,,,normal,,2026-05-27T11:26:11Z
47737,4860,tiktok,ext_tiktok_00003197,Connected life teams need better outreach after recent storm-related service events,2026-05-24T06:48:40Z,93,36,44,3382,-0.199,,,normal,,2026-05-27T11:26:11Z
47738,4958,threads,ext_threads_00003198,Subscriber experience note - OrbitMotion IoT Field Technician Evaluation is the service everyone is trying to schedule right now,2026-05-23T21:51:23Z,533,79,1,1418,0.381,,,normal,,2026-05-27T11:26:11Z
47739,4765,threads,ext_threads_00003199,Roaming bill questions are creating new handoffs to billing and retention teams,2026-05-16T17:09:11Z,169,88,17,1421,0.615,,,normal,,2026-05-27T11:26:11Z
47740,4707,tiktok,ext_tiktok_00003200,"Two-week review of HomeConnect Fixed Wireless Fixed Wireless Home Internet: strong subscriber response, but capacity planning matters",2026-05-24T13:37:44Z,279,59,21,6694,0.652,,,normal,,2026-05-27T11:26:11Z
47741,5045,twitter,ext_twitter_00003201,Outage follow-up is the top request in our subscriber forum this week,2026-05-02T23:52:01Z,562,87,7,519,0.203,,,normal,,2026-05-27T11:26:11Z
47742,4582,tiktok,ext_tiktok_00003202,NOC huddle: prioritize SignalBridge Mobile Number Port-In Activation installs before the weekend streaming surge,2026-05-23T14:23:17Z,5646,450,367,100036,0.661,,,rising,,2026-05-27T11:26:11Z
47743,4897,youtube,ext_youtube_00003203,Network monitoring alerts are helping the team catch congestion before call volume spikes,2026-05-23T00:01:19Z,633,88,42,7077,0.602,,,normal,,2026-05-27T11:26:11Z
47744,4691,instagram,ext_instagram_00003204,"If your subscribers need Fiber Repair Appointment, check FiberPath Broadband availability early; appointment slots are moving fast",2026-04-28T00:19:10Z,361,12,38,8248,0.654,,,normal,,2026-05-27T11:26:11Z
47745,4698,twitter,ext_twitter_00003205,Day 30 with the Fiber Appointment Scheduling workflow and the field team says RoamFlow Mobility reduced manual follow-up,2026-05-25T12:40:46Z,103,95,23,12474,0.51,,,normal,,2026-05-27T11:26:11Z
47746,4773,twitter,ext_twitter_00003206,Families keep asking for better Wi-Fi performance before evening streaming starts,2026-05-09T06:13:37Z,316,99,43,13790,-0.059,,,normal,,2026-05-27T11:26:11Z
47747,4866,twitter,ext_twitter_00003207,"Thought Senior Connected Life Plan demand would level off, but SilverLine Connected Life is still seeing urgent requests",2026-05-26T19:00:45Z,434,32,17,19574,0.947,,,normal,,2026-05-27T11:26:11Z
47748,4585,threads,ext_threads_00003208,Enterprise care teams are coordinating SLA-impact cases across regional service teams today,2026-05-25T12:54:33Z,9536,1652,166,124304,0.074,,,rising,,2026-05-27T11:26:11Z
47749,5008,threads,ext_threads_00003209,Added Field Technician Evaluation to the high-priority service assurance path. Thank you OrbitMotion IoT for closing the gap,2026-05-02T22:35:20Z,498,66,33,14182,0.762,,,normal,,2026-05-27T11:26:11Z
47750,4551,instagram,ext_instagram_00003210,Subscribers are asking about Fleet Telematics SIM Pack through OrbitMotion IoT; upgrade and activation demand is rising,2026-04-30T10:10:44Z,1881,1383,291,102369,0.297,,,rising,,2026-05-27T11:26:11Z
47751,4792,youtube,ext_youtube_00003211,Outage follow-up is the top request in our subscriber forum this week,2026-05-13T08:33:45Z,442,29,12,8934,0.302,,,normal,,2026-05-27T11:26:11Z
47752,4771,instagram,ext_instagram_00003212,Coverage update: Home Wi-Fi Mesh Kit capacity at PulsePoint 5G is getting tight after a spike in service orders,2026-05-23T11:15:04Z,440,82,26,8968,0.779,,,normal,,2026-05-27T11:26:11Z
47753,5010,tiktok,ext_tiktok_00003213,Subscriber experience note - WellNest Family Plans Network Congestion Plan Review is the service everyone is trying to schedule right now,2026-05-27T07:22:59Z,3381,480,218,80652,0.544,,,rising,,2026-05-27T11:26:11Z
47754,4964,instagram,ext_instagram_00003214,Coverage gaps are delaying service assurance for several subscriber groups,2026-05-27T07:06:20Z,429,46,3,8773,0.07,,,normal,,2026-05-27T11:26:11Z
47755,4553,twitter,ext_twitter_00003215,Device-support channels are seeing increased activation demand after a handset launch,2026-05-24T22:24:54Z,4069,301,185,90090,0.6,,,rising,,2026-05-27T11:26:11Z
47756,4714,youtube,ext_youtube_00003216,Families keep asking for better Wi-Fi performance before evening streaming starts,2026-05-16T02:08:50Z,444,2,6,4368,0.856,,,normal,,2026-05-27T11:26:11Z
47757,4701,instagram,ext_instagram_00003217,NOC huddle: prioritize WellNest Family Plans Family Data Share Plan installs before the weekend streaming surge,2026-05-24T20:51:56Z,4094,964,746,86199,0.464,,,rising,,2026-05-27T11:26:11Z
47758,4681,instagram,ext_instagram_00003218,Billing and usage signals are surfacing new need for Number Port-In Activation from SignalBridge Mobile,2026-05-06T21:06:17Z,7026,1839,605,173335,0.944,,,rising,,2026-05-27T11:26:11Z
47759,4802,youtube,ext_youtube_00003219,"If your subscribers need Fraud Resolution Case, check ClearMind Customer Care availability early; appointment slots are moving fast",2026-05-25T02:54:03Z,403,40,4,19640,0.817,,,normal,,2026-05-27T11:26:11Z
47760,4899,instagram,ext_instagram_00003220,Subscribers are asking for clearer instructions after fiber installation and faster follow-up windows,2026-05-23T04:18:10Z,670,38,38,1055,-0.008,,,normal,,2026-05-27T11:26:11Z
47761,4894,instagram,ext_instagram_00003221,Recommended OrbitMotion IoT IoT Sensor Gateway Kit to an account manager today because churn risk is the issue,2026-05-25T01:01:45Z,266,16,29,14688,0.861,,,normal,,2026-05-27T11:26:11Z
47762,4889,instagram,ext_instagram_00003222,"Thought Number Port-In Activation demand would level off, but SignalBridge Mobile is still seeing urgent requests",2026-05-27T03:57:38Z,172,53,37,10058,0.824,,,normal,,2026-05-27T11:26:11Z
47763,4607,tiktok,ext_tiktok_00003223,Morning capacity review featuring Fleet Telematics SIM Pack. OrbitMotion IoT needs pre-positioned technician capacity,2026-05-07T04:41:01Z,253,2,12,2850,0.375,,,normal,,2026-05-27T11:26:11Z
47764,4883,threads,ext_threads_00003224,Added Gigabit Fiber Install to the high-priority service assurance path. Thank you FiberPath Broadband for closing the gap,2026-04-29T15:44:57Z,293,7,46,6140,0.512,,,normal,,2026-05-27T11:26:11Z
47765,4796,twitter,ext_twitter_00003225,Subscribers are asking about Smart Home Connectivity Assessment through HomeConnect Fixed Wireless; upgrade and activation demand is rising,2026-05-26T21:59:53Z,70,15,27,14992,0.268,,,normal,,2026-05-27T11:26:11Z
47766,5057,threads,ext_threads_00003226,Network operations is flagging Home Wi-Fi Mesh Kit from PulsePoint 5G as a capacity bottleneck this week,2026-05-23T07:10:08Z,45918,11386,2301,306680,0.764,,,viral,,2026-05-27T11:26:11Z
47767,4985,tiktok,ext_tiktok_00003227,Connected life teams need better outreach after recent storm-related service events,2026-05-11T21:59:12Z,117,21,14,6876,-0.14,,,normal,,2026-05-27T11:26:11Z
47768,4774,youtube,ext_youtube_00003228,Enterprise care teams are coordinating SLA-impact cases across regional service teams today,2026-05-14T17:34:19Z,30,94,18,14104,0.157,,,normal,,2026-05-27T11:26:11Z
47769,4947,youtube,ext_youtube_00003229,Outage follow-up: demand for Edge Compute Reservation is up and EnterpriseEdge Services needs more field slots,2026-05-13T15:18:55Z,213,75,10,1041,0.357,,,normal,,2026-05-27T11:26:11Z
47770,4750,threads,ext_threads_00003230,"Two-week review of FiberPath Broadband Small Business Fiber SLA: strong subscriber response, but capacity planning matters",2026-05-05T23:15:46Z,420,55,45,9466,0.248,,,normal,,2026-05-27T11:26:11Z
47771,4826,twitter,ext_twitter_00003231,Families keep asking where to find Premium International Roaming Pass. SignalBridge Mobile is showing up in every upgrade thread,2026-05-26T15:37:46Z,16525,5314,7574,518671,0.639,,,viral,,2026-05-27T11:26:11Z
47772,4589,youtube,ext_youtube_00003232,NOC huddle: prioritize SignalBridge Mobile Premium International Roaming Pass installs before the weekend streaming surge,2026-05-27T07:20:14Z,771,24,38,5642,0.506,,,normal,,2026-05-27T11:26:11Z
47773,4955,tiktok,ext_tiktok_00003233,Network monitoring alerts are helping the team catch congestion before call volume spikes,2026-05-20T21:00:22Z,252,37,43,2477,0.124,,,normal,,2026-05-27T11:26:11Z
47774,4623,twitter,ext_twitter_00003234,"If your subscribers need Fiber Repair Appointment, check FiberPath Broadband availability early; appointment slots are moving fast",2026-05-26T23:46:43Z,976,1,28,10544,0.392,,,normal,,2026-05-27T11:26:11Z
47775,4992,youtube,ext_youtube_00003235,Day 30 with the Field Technician Evaluation workflow and the field team says OrbitMotion IoT reduced manual follow-up,2026-05-22T10:54:07Z,921,30,8,16235,0.581,,,normal,,2026-05-27T11:26:11Z
47776,5024,instagram,ext_instagram_00003236,Families keep asking for better Wi-Fi performance before evening streaming starts,2026-05-06T23:02:33Z,4391,412,160,127045,0.399,,,rising,,2026-05-27T11:26:11Z
47777,4651,instagram,ext_instagram_00003237,"Thought Outage Follow-Up Call demand would level off, but ClearMind Customer Care is still seeing urgent requests",2026-05-26T06:12:47Z,44096,3129,3390,729907,0.517,,,viral,,2026-05-27T11:26:11Z
47778,4856,twitter,ext_twitter_00003238,Enterprise care teams are coordinating SLA-impact cases across regional service teams today,2026-05-25T18:40:20Z,631,33,47,3161,-0.098,,,normal,,2026-05-27T11:26:11Z
47779,4702,tiktok,ext_tiktok_00003239,Added New Line Activation to the high-priority service assurance path. Thank you WaveFirst Mobile for closing the gap,2026-05-18T08:35:39Z,7825,1388,149,141130,0.893,,,rising,,2026-05-27T11:26:11Z
47780,4650,threads,ext_threads_00003240,Subscribers are asking about Number Port-In Activation through SignalBridge Mobile; upgrade and activation demand is rising,2026-05-02T13:30:24Z,119,46,24,15578,0.664,,,normal,,2026-05-27T11:26:11Z
47781,4969,instagram,ext_instagram_00003241,Outage follow-up is the top request in our subscriber forum this week,2026-05-01T23:33:56Z,557,50,4,5927,0.591,,,normal,,2026-05-27T11:26:11Z
47782,4945,tiktok,ext_tiktok_00003242,Coverage update: Student Mobile Plan capacity at WellNest Family Plans is getting tight after a spike in service orders,2026-05-21T05:39:13Z,811,94,15,10019,0.557,,,normal,,2026-05-27T11:26:11Z
47783,4954,instagram,ext_instagram_00003243,Subscriber experience note - SilverLine Connected Life Family Connectivity Support Session is the service everyone is trying to schedule right now,2026-05-13T11:34:07Z,896,93,17,2047,0.834,,,normal,,2026-05-27T11:26:11Z
47784,4759,youtube,ext_youtube_00003244,Outage follow-up: demand for New Line Activation is up and WaveFirst Mobile needs more field slots,2026-05-03T09:16:04Z,49434,4114,5200,780816,0.88,,,viral,,2026-05-27T11:26:11Z
47785,4590,threads,ext_threads_00003245,"Two-week review of MetroSupply Devices SIM Replacement Starter Kit: strong subscriber response, but capacity planning matters",2026-05-01T15:39:51Z,6467,984,545,94622,0.758,,,rising,,2026-05-27T11:26:11Z
47786,5002,youtube,ext_youtube_00003246,Families keep asking for better Wi-Fi performance before evening streaming starts,2026-04-29T14:27:39Z,45847,10762,6850,353192,0.182,,,viral,,2026-05-27T11:26:11Z
47787,4781,instagram,ext_instagram_00003247,NOC huddle: prioritize RoamFlow Mobility Roaming Cost Coaching installs before the weekend streaming surge,2026-05-23T11:14:46Z,2717,937,896,183579,0.706,,,rising,,2026-05-27T11:26:11Z
47788,4904,instagram,ext_instagram_00003248,Billing and usage signals are surfacing new need for Home Wi-Fi Mesh Kit from PulsePoint 5G,2026-05-17T18:21:33Z,9791,1576,829,87326,0.256,,,rising,,2026-05-27T11:26:11Z
47789,4660,threads,ext_threads_00003249,"If your subscribers need LTE Backup Gateway, check HomeConnect Fixed Wireless availability early; appointment slots are moving fast",2026-05-27T11:23:40Z,453,39,6,3530,0.785,,,normal,,2026-05-27T11:26:11Z
47790,4959,instagram,ext_instagram_00003250,Day 30 with the IoT Sensor Gateway Kit workflow and the field team says OrbitMotion IoT reduced manual follow-up,2026-05-14T02:37:08Z,464,48,10,11723,0.203,,,normal,,2026-05-27T11:26:11Z
47791,4809,instagram,ext_instagram_00003251,Recommended WellNest Family Plans Student Mobile Plan to an account manager today because churn risk is the issue,2026-05-27T10:13:36Z,426,49,5,9527,0.398,,,normal,,2026-05-27T11:26:11Z
47792,4552,tiktok,ext_tiktok_00003252,"Thought 5G Business Consultation demand would level off, but PulsePoint 5G is still seeing urgent requests",2026-05-13T23:01:56Z,119,23,24,4307,0.631,,,normal,,2026-05-27T11:26:11Z
47793,4805,tiktok,ext_tiktok_00003253,Morning capacity review featuring New Line Activation. WaveFirst Mobile needs pre-positioned technician capacity,2026-05-27T10:58:02Z,224,81,46,1451,0.907,,,normal,,2026-05-27T11:26:11Z
47794,4662,tiktok,ext_tiktok_00003254,Added Fleet Telematics SIM Pack to the high-priority service assurance path. Thank you OrbitMotion IoT for closing the gap,2026-05-21T07:42:18Z,863,83,49,13687,0.902,,,normal,,2026-05-27T11:26:11Z
47795,4964,instagram,ext_instagram_00003255,Subscribers are asking about Small Business Fiber SLA through FiberPath Broadband; upgrade and activation demand is rising,2026-05-14T03:01:13Z,2987,933,447,107942,0.658,,,rising,,2026-05-27T11:26:11Z
47796,4797,youtube,ext_youtube_00003256,Network operations is flagging LTE Backup Gateway from HomeConnect Fixed Wireless as a capacity bottleneck this week,2026-04-27T13:40:33Z,456,33,15,6156,0.353,,,normal,,2026-05-27T11:26:11Z
47797,4944,instagram,ext_instagram_00003257,Connected life teams need better outreach after recent storm-related service events,2026-05-25T15:08:01Z,822,52,12,4505,0.234,,,normal,,2026-05-27T11:26:11Z
47798,4996,twitter,ext_twitter_00003258,Subscriber experience note - MetroSupply Devices Connected Device Monitoring Onboarding is the service everyone is trying to schedule right now,2026-05-19T18:23:04Z,696,57,4,19881,0.564,,,normal,,2026-05-27T11:26:11Z
47799,4926,twitter,ext_twitter_00003259,Roaming bill questions are creating new handoffs to billing and retention teams,2026-05-16T22:32:19Z,571,26,6,7045,-0.076,,,normal,,2026-05-27T11:26:11Z
47800,4603,twitter,ext_twitter_00003260,Subscribers are asking for clearer instructions after fiber installation and faster follow-up windows,2026-05-27T07:41:19Z,32,27,48,18925,0.074,,,normal,,2026-05-27T11:26:11Z
47801,4742,tiktok,ext_tiktok_00003261,Outage follow-up is the top request in our subscriber forum this week,2026-05-25T11:20:22Z,664,84,45,1105,0.036,,,normal,,2026-05-27T11:26:11Z
47802,4670,threads,ext_threads_00003262,NOC huddle: prioritize MetroSupply Devices Connected Device Monitoring Onboarding installs before the weekend streaming surge,2026-05-12T23:21:37Z,726,99,45,15746,0.779,,,normal,,2026-05-27T11:26:11Z
47803,4888,threads,ext_threads_00003263,Billing and usage signals are surfacing new need for Enterprise Account Navigation from EnterpriseEdge Services,2026-05-17T22:35:59Z,25450,5001,6326,463298,0.672,,,viral,,2026-05-27T11:26:11Z
47804,4830,tiktok,ext_tiktok_00003264,"If your subscribers need Enterprise Account Navigation, check EnterpriseEdge Services availability early; appointment slots are moving fast",2026-05-27T03:39:30Z,224,24,47,19791,0.826,,,normal,,2026-05-27T11:26:11Z
47805,4975,tiktok,ext_tiktok_00003265,Device-support channels are seeing increased activation demand after a handset launch,2026-05-02T10:06:43Z,24541,14547,2348,768735,0.786,,,viral,,2026-05-27T11:26:11Z
47806,4715,threads,ext_threads_00003266,Recommended OrbitMotion IoT Fleet Telematics SIM Pack to an account manager today because churn risk is the issue,2026-05-23T17:39:51Z,973,51,29,17127,0.2,,,normal,,2026-05-27T11:26:11Z
47807,4907,youtube,ext_youtube_00003267,Connected life teams need better outreach after recent storm-related service events,2026-05-21T13:20:01Z,804,80,41,19575,0.825,,,normal,,2026-05-27T11:26:11Z
47808,4917,youtube,ext_youtube_00003268,Morning capacity review featuring 5G Business Consultation. PulsePoint 5G needs pre-positioned technician capacity,2026-05-16T08:43:28Z,568,8,42,6540,0.217,,,normal,,2026-05-27T11:26:11Z
47809,4594,youtube,ext_youtube_00003269,Added Family Connectivity Support Session to the high-priority service assurance path. Thank you SilverLine Connected Life for closing the gap,2026-05-06T10:21:23Z,9308,1599,811,116163,0.584,,,rising,,2026-05-27T11:26:11Z
47810,4866,twitter,ext_twitter_00003270,Subscribers are asking about Senior Connected Life Plan through SilverLine Connected Life; upgrade and activation demand is rising,2026-05-25T10:58:04Z,499,77,21,13591,0.32,,,normal,,2026-05-27T11:26:11Z
47811,4897,youtube,ext_youtube_00003271,Network operations is flagging Outage Follow-Up Call from ClearMind Customer Care as a capacity bottleneck this week,2026-05-01T09:53:31Z,5928,1985,211,131490,0.657,,,rising,,2026-05-27T11:26:11Z
47812,4843,threads,ext_threads_00003272,Coverage update: Network Congestion Plan Review capacity at WellNest Family Plans is getting tight after a spike in service orders,2026-05-19T21:52:45Z,1426,610,699,97853,0.586,,,rising,,2026-05-27T11:26:11Z
47813,5016,twitter,ext_twitter_00003273,Network monitoring alerts are helping the team catch congestion before call volume spikes,2026-05-26T16:25:37Z,308,14,31,3538,0.861,,,normal,,2026-05-27T11:26:11Z
47814,5017,youtube,ext_youtube_00003274,Outage follow-up: demand for New Line Activation is up and WaveFirst Mobile needs more field slots,2026-05-12T08:31:44Z,220618,68172,17846,5677635,0.282,,,mega_viral,,2026-05-27T11:26:11Z
47815,4909,instagram,ext_instagram_00003275,"Two-week review of OrbitMotion IoT Fleet Telematics SIM Pack: strong subscriber response, but capacity planning matters",2026-05-03T14:40:35Z,358,16,28,7626,0.351,,,normal,,2026-05-27T11:26:11Z
47816,4693,twitter,ext_twitter_00003276,Families keep asking where to find Edge Compute Reservation. EnterpriseEdge Services is showing up in every upgrade thread,2026-04-30T00:13:44Z,8551,457,356,184872,0.846,,,rising,,2026-05-27T11:26:11Z
47817,4830,tiktok,ext_tiktok_00003277,NOC huddle: prioritize SilverLine Connected Life Senior Connected Life Plan installs before the weekend streaming surge,2026-05-26T13:10:52Z,360,35,43,7672,0.404,,,normal,,2026-05-27T11:26:11Z
47818,4724,youtube,ext_youtube_00003278,Billing and usage signals are surfacing new need for Roaming Cost Coaching from RoamFlow Mobility,2026-05-07T22:04:00Z,923,35,11,5737,0.914,,,normal,,2026-05-27T11:26:11Z
47819,4577,tiktok,ext_tiktok_00003279,"If your subscribers need Field Technician Evaluation, check OrbitMotion IoT availability early; appointment slots are moving fast",2026-05-01T13:36:58Z,836,81,7,545,0.856,,,normal,,2026-05-27T11:26:11Z
47820,4550,threads,ext_threads_00003280,Day 30 with the 5G Mobile Hotspot Kit workflow and the field team says MetroSupply Devices reduced manual follow-up,2026-05-27T07:29:17Z,40464,10644,7412,528746,0.601,,,viral,,2026-05-27T11:26:11Z
47821,4712,tiktok,ext_tiktok_00003281,Recommended ClearMind Customer Care Fraud Resolution Case to an account manager today because churn risk is the issue,2026-05-15T00:11:23Z,6167,1336,300,70744,0.474,,,rising,,2026-05-27T11:26:11Z
47822,4857,youtube,ext_youtube_00003282,"Thought Customer Retention Intake demand would level off, but ClearMind Customer Care is still seeing urgent requests",2026-05-27T09:12:25Z,7073,1298,254,189014,0.404,,,rising,,2026-05-27T11:26:11Z
47823,4714,youtube,ext_youtube_00003283,Network monitoring alerts are helping the team catch congestion before call volume spikes,2026-05-18T00:48:36Z,186,94,46,986,0.411,,,normal,,2026-05-27T11:26:11Z
47824,4723,twitter,ext_twitter_00003284,Added Fiber Repair Appointment to the high-priority service assurance path. Thank you FiberPath Broadband for closing the gap,2026-05-20T07:07:49Z,491,27,36,5010,0.49,,,normal,,2026-05-27T11:26:11Z
47825,4766,instagram,ext_instagram_00003285,Device-support channels are seeing increased activation demand after a handset launch,2026-05-26T10:27:19Z,385,63,1,16251,-0.162,,,normal,,2026-05-27T11:26:11Z
47826,4683,twitter,ext_twitter_00003286,Families keep asking for better Wi-Fi performance before evening streaming starts,2026-05-25T00:46:14Z,1010,798,923,96219,0.111,,,rising,,2026-05-27T11:26:11Z
47827,4560,threads,ext_threads_00003287,Connected life teams need better outreach after recent storm-related service events,2026-04-29T20:12:28Z,6683,1886,628,147480,0.25,,,rising,,2026-05-27T11:26:11Z
47828,4697,tiktok,ext_tiktok_00003288,Enterprise care teams are coordinating SLA-impact cases across regional service teams today,2026-05-03T10:45:15Z,650,15,7,6244,0.533,,,normal,,2026-05-27T11:26:11Z
47829,5044,tiktok,ext_tiktok_00003289,Roaming bill questions are creating new handoffs to billing and retention teams,2026-05-11T09:42:48Z,8378,1710,600,62670,0.203,,,rising,,2026-05-27T11:26:11Z
47830,4627,tiktok,ext_tiktok_00003290,"Two-week review of WaveFirst Mobile New Line Activation: strong subscriber response, but capacity planning matters",2026-05-09T19:02:11Z,618,87,39,4115,0.568,,,normal,,2026-05-27T11:26:11Z
47831,4955,tiktok,ext_tiktok_00003291,Families keep asking where to find Field Technician Evaluation. OrbitMotion IoT is showing up in every upgrade thread,2026-05-27T05:56:49Z,262,75,4,19784,0.423,,,normal,,2026-05-27T11:26:11Z
47832,4912,youtube,ext_youtube_00003292,Small businesses need earlier visibility into field technician appointment availability,2026-05-26T00:38:11Z,387,22,21,11011,0.757,,,normal,,2026-05-27T11:26:11Z
47833,4808,threads,ext_threads_00003293,Billing and usage signals are surfacing new need for 5G Unlimited Mobile Plan from SignalBridge Mobile,2026-05-23T08:41:44Z,851,72,29,15586,0.278,,,normal,,2026-05-27T11:26:11Z
47834,4952,youtube,ext_youtube_00003294,"If your subscribers need Premium International Roaming Pass, check SignalBridge Mobile availability early; appointment slots are moving fast",2026-05-20T02:59:51Z,3506,1439,226,96509,0.812,,,rising,,2026-05-27T11:26:11Z
47835,4722,tiktok,ext_tiktok_00003295,Device-support channels are seeing increased activation demand after a handset launch,2026-05-18T13:25:30Z,513,64,26,3653,0.349,,,normal,,2026-05-27T11:26:11Z
47836,5009,instagram,ext_instagram_00003296,Families keep asking for better Wi-Fi performance before evening streaming starts,2026-05-08T00:26:27Z,8953,291,615,23021,0.333,,,rising,,2026-05-27T11:26:11Z
47837,5023,threads,ext_threads_00003297,Connected life teams need better outreach after recent storm-related service events,2026-04-29T04:54:39Z,348,40,5,13049,0.329,,,normal,,2026-05-27T11:26:11Z
47838,4924,instagram,ext_instagram_00003298,Enterprise care teams are coordinating SLA-impact cases across regional service teams today,2026-05-06T19:47:20Z,2607,1724,535,132446,0.261,,,rising,,2026-05-27T11:26:11Z
47839,4871,twitter,ext_twitter_00003299,Added Home Wi-Fi Mesh Kit to the high-priority service assurance path. Thank you PulsePoint 5G for closing the gap,2026-05-04T22:11:13Z,713,84,5,5535,0.498,,,normal,,2026-05-27T11:26:11Z
47840,5015,tiktok,ext_tiktok_00003300,Subscribers are asking for clearer instructions after fiber installation and faster follow-up windows,2026-05-06T13:56:16Z,253,93,5,10057,0.651,,,normal,,2026-05-27T11:26:11Z
47841,5016,twitter,ext_twitter_00003301,Network operations is flagging Premium International Roaming Pass from SignalBridge Mobile as a capacity bottleneck this week,2026-05-26T11:45:05Z,8592,785,227,147091,0.555,,,rising,,2026-05-27T11:26:11Z
47842,4583,twitter,ext_twitter_00003302,Small businesses need earlier visibility into field technician appointment availability,2026-05-26T12:25:49Z,5137,1202,718,176021,0.195,,,rising,,2026-05-27T11:26:11Z
47843,4879,instagram,ext_instagram_00003303,Subscriber experience note - SilverLine Connected Life Senior Connected Life Plan is the service everyone is trying to schedule right now,2026-05-09T14:32:31Z,629,89,37,16169,0.664,,,normal,,2026-05-27T11:26:11Z
47844,4907,youtube,ext_youtube_00003304,Outage follow-up: demand for Fleet Telematics SIM Pack is up and OrbitMotion IoT needs more field slots,2026-05-08T22:30:20Z,6553,506,169,67641,0.625,,,rising,,2026-05-27T11:26:11Z
47845,4543,twitter,ext_twitter_00003305,"Two-week review of RoamFlow Mobility Fiber Appointment Scheduling: strong subscriber response, but capacity planning matters",2026-05-13T23:36:32Z,970,63,22,8398,0.798,,,normal,,2026-05-27T11:26:11Z
47846,4780,threads,ext_threads_00003306,Families keep asking for better Wi-Fi performance before evening streaming starts,2026-05-04T16:44:42Z,296,94,36,3489,0.506,,,normal,,2026-05-27T11:26:11Z
47847,4995,tiktok,ext_tiktok_00003307,NOC huddle: prioritize EnterpriseEdge Services Enterprise Account Navigation installs before the weekend streaming surge,2026-05-05T05:41:38Z,665,13,30,14328,0.785,,,normal,,2026-05-27T11:26:11Z
47848,5059,tiktok,ext_tiktok_00003308,Billing and usage signals are surfacing new need for 5G Business Consultation from PulsePoint 5G,2026-05-26T17:12:34Z,5686,1015,779,49957,0.394,,,rising,,2026-05-27T11:26:11Z
47849,4605,threads,ext_threads_00003309,"If your subscribers need 5G Unlimited Mobile Plan, check SignalBridge Mobile availability early; appointment slots are moving fast",2026-05-27T02:52:42Z,667,57,25,17627,0.233,,,normal,,2026-05-27T11:26:11Z
47850,4782,tiktok,ext_tiktok_00003310,Day 30 with the Student Mobile Plan workflow and the field team says WellNest Family Plans reduced manual follow-up,2026-05-16T13:51:41Z,68,76,17,15031,0.813,,,normal,,2026-05-27T11:26:11Z
47851,4581,instagram,ext_instagram_00003311,Outage follow-up is the top request in our subscriber forum this week,2026-05-26T15:35:14Z,997,55,48,2161,0.414,,,normal,,2026-05-27T11:26:11Z
47852,4572,tiktok,ext_tiktok_00003312,Small businesses need earlier visibility into field technician appointment availability,2026-05-12T01:53:07Z,479,89,12,3850,-0.05,,,normal,,2026-05-27T11:26:11Z
47853,4780,threads,ext_threads_00003313,Morning capacity review featuring New Line Activation. WaveFirst Mobile needs pre-positioned technician capacity,2026-05-24T19:29:01Z,983,41,38,10878,0.618,,,normal,,2026-05-27T11:26:11Z
47854,4615,threads,ext_threads_00003314,Added Fiber Repair Appointment to the high-priority service assurance path. Thank you FiberPath Broadband for closing the gap,2026-05-13T14:48:50Z,646,74,22,625,0.308,,,normal,,2026-05-27T11:26:11Z
47855,5046,youtube,ext_youtube_00003315,Subscribers are asking about 5G Mobile Hotspot Kit through MetroSupply Devices; upgrade and activation demand is rising,2026-05-04T05:09:35Z,378,78,28,13677,0.247,,,normal,,2026-05-27T11:26:11Z
47856,4856,twitter,ext_twitter_00003316,Network operations is flagging Device Upgrade Enrollment from PulsePoint 5G as a capacity bottleneck this week,2026-05-26T05:42:31Z,6274,688,838,129529,0.296,,,rising,,2026-05-27T11:26:11Z
47857,4686,instagram,ext_instagram_00003317,Coverage update: Family Connectivity Support Session capacity at SilverLine Connected Life is getting tight after a spike in service orders,2026-05-23T17:36:46Z,747,47,0,4665,0.339,,,normal,,2026-05-27T11:26:11Z
47858,4922,youtube,ext_youtube_00003318,Enterprise care teams are coordinating SLA-impact cases across regional service teams today,2026-05-21T16:55:34Z,36457,3894,6409,744027,-0.089,,,viral,,2026-05-27T11:26:11Z
47859,4928,threads,ext_threads_00003319,Roaming bill questions are creating new handoffs to billing and retention teams,2026-04-28T03:53:48Z,993,53,23,5905,0.158,,,normal,,2026-05-27T11:26:11Z
47860,4548,twitter,ext_twitter_00003320,"Two-week review of HomeConnect Fixed Wireless LTE Backup Gateway: strong subscriber response, but capacity planning matters",2026-05-18T15:39:53Z,719,43,20,18023,0.455,,,normal,,2026-05-27T11:26:11Z
47861,4998,threads,ext_threads_00003321,Families keep asking where to find Number Port-In Activation. SignalBridge Mobile is showing up in every upgrade thread,2026-05-17T03:24:57Z,194,61,27,6833,0.525,,,normal,,2026-05-27T11:26:11Z
47862,4959,instagram,ext_instagram_00003322,NOC huddle: prioritize WellNest Family Plans Network Congestion Plan Review installs before the weekend streaming surge,2026-05-27T11:25:54Z,506,50,31,5305,0.466,,,normal,,2026-05-27T11:26:11Z
47863,5041,youtube,ext_youtube_00003323,Billing and usage signals are surfacing new need for IoT Sensor Gateway Kit from OrbitMotion IoT,2026-04-29T08:40:00Z,744,45,27,14805,0.518,,,normal,,2026-05-27T11:26:11Z
47864,4705,threads,ext_threads_00003324,Coverage gaps are delaying service assurance for several subscriber groups,2026-05-25T04:48:46Z,286,81,22,8478,0.654,,,normal,,2026-05-27T11:26:11Z
47865,4948,threads,ext_threads_00003325,Day 30 with the Network Congestion Plan Review workflow and the field team says WellNest Family Plans reduced manual follow-up,2026-05-27T08:19:31Z,343,93,23,4526,0.528,,,normal,,2026-05-27T11:26:11Z
47866,4856,twitter,ext_twitter_00003326,Families keep asking for better Wi-Fi performance before evening streaming starts,2026-05-07T06:28:29Z,781,51,42,485,0.332,,,normal,,2026-05-27T11:26:11Z
47867,4842,youtube,ext_youtube_00003327,Connected life teams need better outreach after recent storm-related service events,2026-05-27T05:35:20Z,295,89,0,14933,0.725,,,normal,,2026-05-27T11:26:11Z
47868,5053,instagram,ext_instagram_00003328,Morning capacity review featuring 5G Mobile Hotspot Kit. MetroSupply Devices needs pre-positioned technician capacity,2026-05-04T12:23:55Z,661,91,16,7730,0.573,,,normal,,2026-05-27T11:26:11Z
47869,4631,instagram,ext_instagram_00003329,Roaming bill questions are creating new handoffs to billing and retention teams,2026-05-26T08:29:22Z,229,60,38,5818,0.755,,,normal,,2026-05-27T11:26:11Z
47870,4773,twitter,ext_twitter_00003330,Subscribers are asking about New Line Activation through WaveFirst Mobile; upgrade and activation demand is rising,2026-05-20T04:58:04Z,1511,1000,180,196842,0.264,,,rising,,2026-05-27T11:26:11Z
47871,4879,instagram,ext_instagram_00003331,Network operations is flagging Number Port-In Activation from SignalBridge Mobile as a capacity bottleneck this week,2026-05-27T09:16:30Z,501,86,18,4762,0.921,,,normal,,2026-05-27T11:26:11Z
47872,4975,tiktok,ext_tiktok_00003332,Coverage update: Fixed Wireless Home Internet capacity at HomeConnect Fixed Wireless is getting tight after a spike in service orders,2026-05-16T22:54:55Z,433,3,45,10368,0.252,,,normal,,2026-05-27T11:26:11Z
47873,4693,twitter,ext_twitter_00003333,Subscriber experience note - WellNest Family Plans Network Congestion Plan Review is the service everyone is trying to schedule right now,2026-05-27T09:11:44Z,724,51,2,2072,0.587,,,normal,,2026-05-27T11:26:11Z
47874,4895,tiktok,ext_tiktok_00003334,Outage follow-up: demand for Enterprise Account Navigation is up and EnterpriseEdge Services needs more field slots,2026-05-17T20:17:22Z,145,0,12,13982,0.414,,,normal,,2026-05-27T11:26:11Z
47875,4868,threads,ext_threads_00003335,Device-support channels are seeing increased activation demand after a handset launch,2026-05-22T07:34:31Z,317,53,30,19155,0.673,,,normal,,2026-05-27T11:26:11Z
47876,4986,twitter,ext_twitter_00003336,Families keep asking for better Wi-Fi performance before evening streaming starts,2026-05-24T04:33:37Z,488,39,21,4833,0.67,,,normal,,2026-05-27T11:26:11Z
47877,4654,youtube,ext_youtube_00003337,Connected life teams need better outreach after recent storm-related service events,2026-05-10T13:50:42Z,390,94,17,3795,0.477,,,normal,,2026-05-27T11:26:11Z
47878,4911,twitter,ext_twitter_00003338,Billing and usage signals are surfacing new need for Roaming Cost Coaching from RoamFlow Mobility,2026-05-16T15:16:58Z,941,90,18,17398,0.314,,,normal,,2026-05-27T11:26:11Z
47879,4884,instagram,ext_instagram_00003339,"If your subscribers need IoT Sensor Gateway Kit, check OrbitMotion IoT availability early; appointment slots are moving fast",2026-04-30T16:51:47Z,773,96,19,14052,0.575,,,normal,,2026-05-27T11:26:11Z
47880,4566,instagram,ext_instagram_00003340,Day 30 with the Edge Compute Reservation workflow and the field team says EnterpriseEdge Services reduced manual follow-up,2026-05-17T17:01:51Z,953,1,9,15703,0.215,,,normal,,2026-05-27T11:26:11Z
47881,4806,twitter,ext_twitter_00003341,Recommended SignalBridge Mobile 5G Unlimited Mobile Plan to an account manager today because churn risk is the issue,2026-05-26T23:38:36Z,618,42,43,10385,0.293,,,normal,,2026-05-27T11:26:11Z
47882,4860,tiktok,ext_tiktok_00003342,"Thought IoT Sensor Gateway Kit demand would level off, but OrbitMotion IoT is still seeing urgent requests",2026-05-18T12:41:47Z,20707,10113,6879,882421,0.45,,,viral,,2026-05-27T11:26:11Z
47883,4589,youtube,ext_youtube_00003343,Network monitoring alerts are helping the team catch congestion before call volume spikes,2026-05-25T14:30:11Z,446,45,20,3529,0.006,,,normal,,2026-05-27T11:26:11Z
47884,4802,youtube,ext_youtube_00003344,Coverage gaps are delaying service assurance for several subscriber groups,2026-05-03T21:29:57Z,37821,5407,1878,451325,0.411,,,viral,,2026-05-27T11:26:11Z
47885,4998,threads,ext_threads_00003345,Subscribers are asking about IoT Sensor Gateway Kit through OrbitMotion IoT; upgrade and activation demand is rising,2026-05-22T11:42:21Z,5806,1727,682,117789,0.933,,,rising,,2026-05-27T11:26:11Z
47886,4893,threads,ext_threads_00003346,Network operations is flagging Home Wi-Fi Mesh Kit from PulsePoint 5G as a capacity bottleneck this week,2026-05-21T15:46:01Z,210,66,26,19643,0.725,,,normal,,2026-05-27T11:26:11Z
47887,5050,twitter,ext_twitter_00003347,Coverage update: LTE Backup Gateway capacity at HomeConnect Fixed Wireless is getting tight after a spike in service orders,2026-04-30T17:34:01Z,975,63,12,6402,0.867,,,normal,,2026-05-27T11:26:11Z
47888,4573,twitter,ext_twitter_00003348,Subscriber experience note - WaveFirst Mobile Churn Risk Save Offer is the service everyone is trying to schedule right now,2026-05-09T01:44:20Z,361,1,29,13491,0.79,,,normal,,2026-05-27T11:26:11Z
47889,4826,twitter,ext_twitter_00003349,Outage follow-up: demand for LTE Backup Gateway is up and HomeConnect Fixed Wireless needs more field slots,2026-05-24T16:12:28Z,8798,557,118,178142,0.73,,,rising,,2026-05-27T11:26:11Z
47890,4779,youtube,ext_youtube_00003350,Subscribers are asking for clearer instructions after fiber installation and faster follow-up windows,2026-05-07T04:36:44Z,21076,11657,4191,904125,-0.072,,,viral,,2026-05-27T11:26:11Z
47891,4597,tiktok,ext_tiktok_00003351,Families keep asking where to find Smart Home Connectivity Assessment. HomeConnect Fixed Wireless is showing up in every upgrade thread,2026-05-05T02:48:23Z,2231,1170,230,22125,0.587,,,rising,,2026-05-27T11:26:11Z
47892,4871,twitter,ext_twitter_00003352,Small businesses need earlier visibility into field technician appointment availability,2026-04-29T01:14:17Z,38,6,30,8758,0.054,,,normal,,2026-05-27T11:26:11Z
47893,4896,twitter,ext_twitter_00003353,Billing and usage signals are surfacing new need for Senior Connected Life Plan from SilverLine Connected Life,2026-05-13T22:10:42Z,873,58,41,16674,0.912,,,normal,,2026-05-27T11:26:11Z
47894,5019,instagram,ext_instagram_00003354,Coverage gaps are delaying service assurance for several subscriber groups,2026-05-02T23:04:53Z,756,41,22,9073,-0.159,,,normal,,2026-05-27T11:26:11Z
47895,4673,twitter,ext_twitter_00003355,Day 30 with the Field Technician Evaluation workflow and the field team says OrbitMotion IoT reduced manual follow-up,2026-05-20T03:01:56Z,36243,14059,6851,487953,0.381,,,viral,,2026-05-27T11:26:11Z
47896,5024,instagram,ext_instagram_00003356,Recommended PulsePoint 5G Home Wi-Fi Mesh Kit to an account manager today because churn risk is the issue,2026-05-16T09:59:29Z,884,38,28,11867,0.665,,,normal,,2026-05-27T11:26:11Z
47897,4718,twitter,ext_twitter_00003357,"Thought Fraud Resolution Case demand would level off, but ClearMind Customer Care is still seeing urgent requests",2026-05-26T22:18:42Z,827,31,34,19665,0.217,,,normal,,2026-05-27T11:26:11Z
47898,4712,tiktok,ext_tiktok_00003358,Enterprise care teams are coordinating SLA-impact cases across regional service teams today,2026-05-23T23:12:49Z,768,24,44,13108,0.787,,,normal,,2026-05-27T11:26:11Z
47899,4985,tiktok,ext_tiktok_00003359,Added Premium International Roaming Pass to the high-priority service assurance path. Thank you SignalBridge Mobile for closing the gap,2026-05-27T04:27:53Z,49,96,21,7723,0.208,,,normal,,2026-05-27T11:26:11Z
47900,5027,youtube,ext_youtube_00003360,Subscribers are asking for clearer instructions after fiber installation and faster follow-up windows,2026-05-08T03:05:04Z,110,58,31,14032,-0.234,,,normal,,2026-05-27T11:26:11Z
47901,4645,threads,ext_threads_00003361,Outage follow-up is the top request in our subscriber forum this week,2026-05-25T10:47:30Z,29560,11771,1836,477339,-0.028,,,viral,,2026-05-27T11:26:11Z
47902,4756,instagram,ext_instagram_00003362,Coverage update: Smart Home Connectivity Assessment capacity at HomeConnect Fixed Wireless is getting tight after a spike in service orders,2026-05-24T00:53:49Z,966,82,10,16369,0.571,,,normal,,2026-05-27T11:26:11Z
47903,4901,twitter,ext_twitter_00003363,Network monitoring alerts are helping the team catch congestion before call volume spikes,2026-05-25T12:08:07Z,448,10,19,7178,0.539,,,normal,,2026-05-27T11:26:11Z
47904,4748,twitter,ext_twitter_00003364,Coverage gaps are delaying service assurance for several subscriber groups,2026-05-15T16:40:23Z,40689,11730,1072,852189,-0.2,,,viral,,2026-05-27T11:26:11Z
47905,5024,instagram,ext_instagram_00003365,Device-support channels are seeing increased activation demand after a handset launch,2026-05-27T03:47:02Z,701,88,36,10565,0.021,,,normal,,2026-05-27T11:26:11Z
47906,4794,instagram,ext_instagram_00003366,Families keep asking where to find SIM Replacement Starter Kit. MetroSupply Devices is showing up in every upgrade thread,2026-05-27T11:11:23Z,1579,250,289,73831,0.848,,,rising,,2026-05-27T11:26:11Z
47907,4842,youtube,ext_youtube_00003367,NOC huddle: prioritize SilverLine Connected Life Senior Connected Life Plan installs before the weekend streaming surge,2026-05-24T20:13:46Z,188,44,29,18489,0.285,,,normal,,2026-05-27T11:26:11Z
47908,4558,twitter,ext_twitter_00003368,Billing and usage signals are surfacing new need for 5G Business Consultation from PulsePoint 5G,2026-05-27T10:32:13Z,382,8,46,9678,0.795,,,normal,,2026-05-27T11:26:11Z
47909,4568,twitter,ext_twitter_00003369,Roaming bill questions are creating new handoffs to billing and retention teams,2026-05-20T12:56:39Z,4393,1447,836,139394,0.695,,,rising,,2026-05-27T11:26:11Z
47910,4883,threads,ext_threads_00003370,Day 30 with the Churn Risk Save Offer workflow and the field team says WaveFirst Mobile reduced manual follow-up,2026-05-20T17:41:00Z,361,2,47,7157,0.356,,,normal,,2026-05-27T11:26:11Z
47911,4830,tiktok,ext_tiktok_00003371,Outage follow-up is the top request in our subscriber forum this week,2026-05-10T17:10:38Z,423,55,6,14126,0.659,,,normal,,2026-05-27T11:26:11Z
47912,5042,threads,ext_threads_00003372,"Thought Senior Connected Life Plan demand would level off, but SilverLine Connected Life is still seeing urgent requests",2026-05-27T09:02:42Z,2125,1784,125,44219,0.878,,,rising,,2026-05-27T11:26:11Z
47913,4947,youtube,ext_youtube_00003373,Morning capacity review featuring Senior Connected Life Plan. SilverLine Connected Life needs pre-positioned technician capacity,2026-05-07T15:48:19Z,148,79,23,17907,0.891,,,normal,,2026-05-27T11:26:11Z
47914,4759,youtube,ext_youtube_00003374,Coverage gaps are delaying service assurance for several subscriber groups,2026-05-21T12:57:55Z,729,70,28,16774,0.665,,,normal,,2026-05-27T11:26:11Z
47915,4675,threads,ext_threads_00003375,Subscribers are asking about Churn Risk Save Offer through WaveFirst Mobile; upgrade and activation demand is rising,2026-05-19T01:14:55Z,3120,1257,924,156050,0.215,,,rising,,2026-05-27T11:26:11Z
47916,4661,instagram,ext_instagram_00003376,Network operations is flagging 5G Unlimited Mobile Plan from SignalBridge Mobile as a capacity bottleneck this week,2026-05-14T03:24:56Z,9635,1563,801,37901,0.78,,,rising,,2026-05-27T11:26:11Z
47917,4956,twitter,ext_twitter_00003377,Coverage update: New Line Activation capacity at WaveFirst Mobile is getting tight after a spike in service orders,2026-05-21T03:54:59Z,341,63,42,1886,0.475,,,normal,,2026-05-27T11:26:11Z
47918,4659,youtube,ext_youtube_00003378,Subscriber experience note - OrbitMotion IoT Field Technician Evaluation is the service everyone is trying to schedule right now,2026-05-20T21:18:30Z,325,10,0,11193,0.522,,,normal,,2026-05-27T11:26:11Z
47919,4573,twitter,ext_twitter_00003379,Roaming bill questions are creating new handoffs to billing and retention teams,2026-05-26T18:46:09Z,4698,1150,542,176338,0.822,,,rising,,2026-05-27T11:26:11Z
47920,4601,instagram,ext_instagram_00003380,"Two-week review of SignalBridge Mobile Number Port-In Activation: strong subscriber response, but capacity planning matters",2026-05-15T01:06:33Z,850,58,25,4976,0.87,,,normal,,2026-05-27T11:26:11Z
47921,4552,tiktok,ext_tiktok_00003381,Families keep asking where to find Device Upgrade Enrollment. PulsePoint 5G is showing up in every upgrade thread,2026-05-17T22:40:42Z,87,2,45,840,0.584,,,normal,,2026-05-27T11:26:11Z
47922,4706,instagram,ext_instagram_00003382,NOC huddle: prioritize ClearMind Customer Care Fraud Resolution Case installs before the weekend streaming surge,2026-05-05T18:56:31Z,960,64,23,1491,0.733,,,normal,,2026-05-27T11:26:11Z
47923,4861,twitter,ext_twitter_00003383,Network monitoring alerts are helping the team catch congestion before call volume spikes,2026-05-27T07:44:15Z,666,29,9,14113,0.613,,,normal,,2026-05-27T11:26:11Z
47924,4733,twitter,ext_twitter_00003384,"If your subscribers need Network Congestion Plan Review, check WellNest Family Plans availability early; appointment slots are moving fast",2026-05-20T08:17:15Z,754,87,37,1930,0.429,,,normal,,2026-05-27T11:26:11Z
47925,5009,instagram,ext_instagram_00003385,Day 30 with the SIM Replacement Starter Kit workflow and the field team says MetroSupply Devices reduced manual follow-up,2026-05-26T06:26:04Z,2676,1221,939,173433,0.738,,,rising,,2026-05-27T11:26:11Z
47926,5047,threads,ext_threads_00003386,Families keep asking for better Wi-Fi performance before evening streaming starts,2026-04-30T18:50:39Z,338,46,15,8258,0.301,,,normal,,2026-05-27T11:26:11Z
47927,4624,youtube,ext_youtube_00003387,Connected life teams need better outreach after recent storm-related service events,2026-05-16T08:21:43Z,139,33,14,10041,0.567,,,normal,,2026-05-27T11:26:11Z
47928,4880,tiktok,ext_tiktok_00003388,Morning capacity review featuring Premium International Roaming Pass. SignalBridge Mobile needs pre-positioned technician capacity,2026-05-21T19:47:46Z,516,47,36,10341,0.313,,,normal,,2026-05-27T11:26:11Z
47929,4602,tiktok,ext_tiktok_00003389,Roaming bill questions are creating new handoffs to billing and retention teams,2026-05-27T10:33:09Z,104,62,24,5784,0.324,,,normal,,2026-05-27T11:26:11Z
47930,4794,instagram,ext_instagram_00003390,Subscribers are asking for clearer instructions after fiber installation and faster follow-up windows,2026-04-28T04:26:20Z,342,38,31,18821,0.483,,,normal,,2026-05-27T11:26:11Z
47931,4629,youtube,ext_youtube_00003391,Network operations is flagging Smart Home Connectivity Assessment from HomeConnect Fixed Wireless as a capacity bottleneck this week,2026-05-27T03:56:28Z,614,66,19,15196,0.847,,,normal,,2026-05-27T11:26:11Z
47932,4596,instagram,ext_instagram_00003392,Small businesses need earlier visibility into field technician appointment availability,2026-05-27T11:18:12Z,628,80,9,8766,-0.028,,,normal,,2026-05-27T11:26:11Z
47933,4567,tiktok,ext_tiktok_00003393,Subscriber experience note - WaveFirst Mobile Churn Risk Save Offer is the service everyone is trying to schedule right now,2026-05-25T13:06:38Z,5030,1020,758,63722,0.491,,,rising,,2026-05-27T11:26:11Z
47934,4554,youtube,ext_youtube_00003394,Outage follow-up: demand for Enterprise Account Navigation is up and EnterpriseEdge Services needs more field slots,2026-05-20T22:04:44Z,638,78,4,16362,0.232,,,normal,,2026-05-27T11:26:11Z
47935,5026,twitter,ext_twitter_00003395,"Two-week review of EnterpriseEdge Services Enterprise Account Navigation: strong subscriber response, but capacity planning matters",2026-05-04T05:41:54Z,676,27,45,19182,0.481,,,normal,,2026-05-27T11:26:11Z
47936,5047,threads,ext_threads_00003396,Families keep asking for better Wi-Fi performance before evening streaming starts,2026-05-03T15:17:33Z,159,56,22,17709,0.449,,,normal,,2026-05-27T11:26:11Z
47937,4960,tiktok,ext_tiktok_00003397,NOC huddle: prioritize ClearMind Customer Care Outage Follow-Up Call installs before the weekend streaming surge,2026-05-27T06:35:58Z,598,57,2,8700,0.329,,,normal,,2026-05-27T11:26:11Z
47938,4992,youtube,ext_youtube_00003398,Billing and usage signals are surfacing new need for Network Congestion Plan Review from WellNest Family Plans,2026-05-17T18:07:53Z,41527,10648,5723,209562,0.468,,,viral,,2026-05-27T11:26:11Z
47939,4878,threads,ext_threads_00003399,"If your subscribers need Family Connectivity Support Session, check SilverLine Connected Life availability early; appointment slots are moving fast",2026-05-01T11:06:59Z,4841,890,663,57495,0.614,,,rising,,2026-05-27T11:26:11Z
47940,4582,tiktok,ext_tiktok_00003400,Day 30 with the Premium International Roaming Pass workflow and the field team says SignalBridge Mobile reduced manual follow-up,2026-05-26T22:37:31Z,1595,989,155,140351,0.724,,,rising,,2026-05-27T11:26:11Z
47941,4741,instagram,ext_instagram_00003401,Recommended PulsePoint 5G 5G Business Consultation to an account manager today because churn risk is the issue,2026-05-12T19:54:22Z,220,62,43,16891,0.774,,,normal,,2026-05-27T11:26:11Z
47942,4997,youtube,ext_youtube_00003402,Small businesses need earlier visibility into field technician appointment availability,2026-05-15T10:41:39Z,1977,633,669,94300,-0.049,,,rising,,2026-05-27T11:26:11Z
47943,4750,threads,ext_threads_00003403,Morning capacity review featuring LTE Backup Gateway. HomeConnect Fixed Wireless needs pre-positioned technician capacity,2026-05-27T03:02:16Z,344,80,36,2240,0.207,,,normal,,2026-05-27T11:26:11Z
47944,4726,instagram,ext_instagram_00003404,Added Connected Device Monitoring Onboarding to the high-priority service assurance path. Thank you MetroSupply Devices for closing the gap,2026-05-04T16:41:08Z,8557,369,114,49737,0.815,,,rising,,2026-05-27T11:26:11Z
47945,4699,youtube,ext_youtube_00003405,Subscribers are asking about Fiber Repair Appointment through FiberPath Broadband; upgrade and activation demand is rising,2026-05-25T19:26:37Z,581,60,22,19232,0.897,,,normal,,2026-05-27T11:26:11Z
47946,4582,tiktok,ext_tiktok_00003406,Network operations is flagging Senior Connected Life Plan from SilverLine Connected Life as a capacity bottleneck this week,2026-05-04T14:56:43Z,39144,8328,4236,676522,0.233,,,viral,,2026-05-27T11:26:11Z
47947,4687,tiktok,ext_tiktok_00003407,Coverage update: Premium International Roaming Pass capacity at SignalBridge Mobile is getting tight after a spike in service orders,2026-05-27T08:22:46Z,45,40,33,16461,0.874,,,normal,,2026-05-27T11:26:11Z
47948,4796,twitter,ext_twitter_00003408,Subscriber experience note - ClearMind Customer Care Customer Retention Intake is the service everyone is trying to schedule right now,2026-05-26T06:27:20Z,620,56,47,8473,0.421,,,normal,,2026-05-27T11:26:11Z
47949,4782,tiktok,ext_tiktok_00003409,Outage follow-up: demand for Enterprise Account Navigation is up and EnterpriseEdge Services needs more field slots,2026-04-27T18:05:53Z,390,54,15,6559,0.89,,,normal,,2026-05-27T11:26:11Z
47950,4599,youtube,ext_youtube_00003410,Subscribers are asking for clearer instructions after fiber installation and faster follow-up windows,2026-05-23T09:10:10Z,782,75,9,18645,0.379,,,normal,,2026-05-27T11:26:11Z
47951,4768,twitter,ext_twitter_00003411,Families keep asking where to find Outage Follow-Up Call. ClearMind Customer Care is showing up in every upgrade thread,2026-05-21T15:57:37Z,45640,11089,7929,703416,0.367,,,viral,,2026-05-27T11:26:11Z
47952,4763,twitter,ext_twitter_00003412,NOC huddle: prioritize HomeConnect Fixed Wireless Fixed Wireless Home Internet installs before the weekend streaming surge,2026-05-25T03:32:37Z,655,87,49,13249,0.834,,,normal,,2026-05-27T11:26:11Z
47953,5028,threads,ext_threads_00003413,Billing and usage signals are surfacing new need for LTE Backup Gateway from HomeConnect Fixed Wireless,2026-05-11T09:28:43Z,736,72,44,10076,0.926,,,normal,,2026-05-27T11:26:11Z
47954,5013,threads,ext_threads_00003414,Coverage gaps are delaying service assurance for several subscriber groups,2026-05-24T19:37:34Z,5063,426,877,34705,-0.131,,,rising,,2026-05-27T11:26:11Z
47955,4778,twitter,ext_twitter_00003415,Device-support channels are seeing increased activation demand after a handset launch,2026-05-06T17:29:29Z,384,28,37,13271,0.665,,,normal,,2026-05-27T11:26:11Z
47956,4922,youtube,ext_youtube_00003416,Recommended FiberPath Broadband Fiber Repair Appointment to an account manager today because churn risk is the issue,2026-05-17T18:08:51Z,742,31,31,10929,0.727,,,normal,,2026-05-27T11:26:11Z
47957,4631,instagram,ext_instagram_00003417,"Thought LTE Backup Gateway demand would level off, but HomeConnect Fixed Wireless is still seeing urgent requests",2026-05-02T23:18:21Z,88,62,27,3551,0.694,,,normal,,2026-05-27T11:26:11Z
47958,4779,youtube,ext_youtube_00003418,Morning capacity review featuring Small Business Fiber SLA. FiberPath Broadband needs pre-positioned technician capacity,2026-05-23T15:13:46Z,472,8,14,6954,0.932,,,normal,,2026-05-27T11:26:11Z
47959,4779,youtube,ext_youtube_00003419,Added Network Congestion Plan Review to the high-priority service assurance path. Thank you WellNest Family Plans for closing the gap,2026-05-21T21:10:24Z,128,15,7,13874,0.524,,,normal,,2026-05-27T11:26:11Z
47960,5054,tiktok,ext_tiktok_00003420,Subscribers are asking about 5G Mobile Hotspot Kit through MetroSupply Devices; upgrade and activation demand is rising,2026-04-30T18:37:07Z,181,31,46,6839,0.309,,,normal,,2026-05-27T11:26:11Z
47961,4545,threads,ext_threads_00003421,Outage follow-up is the top request in our subscriber forum this week,2026-05-26T02:06:54Z,492,75,37,17338,-0.127,,,normal,,2026-05-27T11:26:11Z
47962,4663,twitter,ext_twitter_00003422,Small businesses need earlier visibility into field technician appointment availability,2026-05-27T00:15:46Z,591,17,15,15269,0.51,,,normal,,2026-05-27T11:26:11Z
47963,5051,youtube,ext_youtube_00003423,Subscriber experience note - MetroSupply Devices SIM Replacement Starter Kit is the service everyone is trying to schedule right now,2026-05-15T09:36:52Z,294,89,31,14172,0.675,,,normal,,2026-05-27T11:26:11Z
47964,4712,tiktok,ext_tiktok_00003424,Outage follow-up: demand for SIM Replacement Starter Kit is up and MetroSupply Devices needs more field slots,2026-05-23T22:07:34Z,10,84,24,4694,0.797,,,normal,,2026-05-27T11:26:11Z
47965,4695,threads,ext_threads_00003425,"Two-week review of WellNest Family Plans Student Mobile Plan: strong subscriber response, but capacity planning matters",2026-05-27T04:33:16Z,690,78,24,6958,0.833,,,normal,,2026-05-27T11:26:11Z
47966,4670,threads,ext_threads_00003426,Families keep asking where to find Outage Follow-Up Call. ClearMind Customer Care is showing up in every upgrade thread,2026-05-27T03:30:53Z,788,36,36,8441,0.926,,,normal,,2026-05-27T11:26:11Z
47967,4591,instagram,ext_instagram_00003427,NOC huddle: prioritize HomeConnect Fixed Wireless LTE Backup Gateway installs before the weekend streaming surge,2026-05-25T13:15:53Z,116,99,38,3855,0.232,,,normal,,2026-05-27T11:26:11Z
47968,5043,instagram,ext_instagram_00003428,Enterprise care teams are coordinating SLA-impact cases across regional service teams today,2026-05-09T07:18:59Z,14666,2727,7237,437316,0.615,,,viral,,2026-05-27T11:26:11Z
47969,4571,instagram,ext_instagram_00003429,"If your subscribers need Fraud Resolution Case, check ClearMind Customer Care availability early; appointment slots are moving fast",2026-05-24T15:44:02Z,9872,1858,813,28130,0.762,,,rising,,2026-05-27T11:26:11Z
47970,4674,youtube,ext_youtube_00003430,Subscribers are asking for clearer instructions after fiber installation and faster follow-up windows,2026-05-20T12:21:08Z,273,39,13,7863,0.321,,,normal,,2026-05-27T11:26:11Z
47971,4782,tiktok,ext_tiktok_00003431,Recommended SilverLine Connected Life Senior Connected Life Plan to an account manager today because churn risk is the issue,2026-05-26T21:10:08Z,320,15,35,2954,0.809,,,normal,,2026-05-27T11:26:11Z
47972,4908,threads,ext_threads_00003432,"Thought Device Upgrade Enrollment demand would level off, but PulsePoint 5G is still seeing urgent requests",2026-05-26T16:56:58Z,5417,1979,223,79657,0.479,,,rising,,2026-05-27T11:26:11Z
47973,4816,twitter,ext_twitter_00003433,Morning capacity review featuring Family Data Share Plan. WellNest Family Plans needs pre-positioned technician capacity,2026-05-26T17:15:23Z,4962,1799,332,143857,0.406,,,rising,,2026-05-27T11:26:11Z
47974,4620,threads,ext_threads_00003434,Coverage gaps are delaying service assurance for several subscriber groups,2026-05-27T08:33:38Z,8036,380,478,130539,0.491,,,rising,,2026-05-27T11:26:11Z
47975,4714,youtube,ext_youtube_00003435,Subscribers are asking about Fraud Resolution Case through ClearMind Customer Care; upgrade and activation demand is rising,2026-05-27T04:53:27Z,347,29,47,4326,0.23,,,normal,,2026-05-27T11:26:11Z
47976,4868,threads,ext_threads_00003436,Network operations is flagging Outage Follow-Up Call from ClearMind Customer Care as a capacity bottleneck this week,2026-05-16T21:31:21Z,15,70,0,1806,0.477,,,normal,,2026-05-27T11:26:11Z
47977,4891,twitter,ext_twitter_00003437,Coverage update: Network Congestion Plan Review capacity at WellNest Family Plans is getting tight after a spike in service orders,2026-05-23T22:19:49Z,984,13,41,3637,0.658,,,normal,,2026-05-27T11:26:11Z
47978,4694,youtube,ext_youtube_00003438,Subscriber experience note - EnterpriseEdge Services Enterprise Account Navigation is the service everyone is trying to schedule right now,2026-05-12T02:20:53Z,21822,12284,2682,878754,0.405,,,viral,,2026-05-27T11:26:11Z
47979,4732,tiktok,ext_tiktok_00003439,Roaming bill questions are creating new handoffs to billing and retention teams,2026-05-26T01:47:51Z,759,26,19,7672,0.581,,,normal,,2026-05-27T11:26:11Z
47980,4835,tiktok,ext_tiktok_00003440,"Two-week review of WellNest Family Plans Network Congestion Plan Review: strong subscriber response, but capacity planning matters",2026-05-26T04:24:32Z,866,6,0,8901,0.774,,,normal,,2026-05-27T11:26:11Z
47981,4746,instagram,ext_instagram_00003441,Outage follow-up is the top request in our subscriber forum this week,2026-05-19T00:08:07Z,359,75,21,6503,-0.294,,,normal,,2026-05-27T11:26:11Z
47982,4602,tiktok,ext_tiktok_00003442,NOC huddle: prioritize HomeConnect Fixed Wireless Fixed Wireless Home Internet installs before the weekend streaming surge,2026-05-11T11:20:20Z,729,99,44,15456,0.276,,,normal,,2026-05-27T11:26:11Z
47983,4689,youtube,ext_youtube_00003443,Network monitoring alerts are helping the team catch congestion before call volume spikes,2026-05-23T01:49:15Z,29875,12066,3469,249055,-0.116,,,viral,,2026-05-27T11:26:11Z
47984,4860,tiktok,ext_tiktok_00003444,"If your subscribers need Number Port-In Activation, check SignalBridge Mobile availability early; appointment slots are moving fast",2026-05-19T04:32:35Z,669,44,14,18488,0.785,,,normal,,2026-05-27T11:26:11Z
47985,4583,twitter,ext_twitter_00003445,Day 30 with the Gigabit Fiber Install workflow and the field team says FiberPath Broadband reduced manual follow-up,2026-05-26T10:16:53Z,9836,1259,299,47992,0.722,,,rising,,2026-05-27T11:26:11Z
47986,4843,threads,ext_threads_00003446,Recommended PulsePoint 5G Home Wi-Fi Mesh Kit to an account manager today because churn risk is the issue,2026-05-25T11:30:48Z,610,92,13,18072,0.494,,,normal,,2026-05-27T11:26:11Z
47987,4623,twitter,ext_twitter_00003447,"Thought Field Technician Evaluation demand would level off, but OrbitMotion IoT is still seeing urgent requests",2026-05-20T04:33:18Z,428,0,21,13594,0.617,,,normal,,2026-05-27T11:26:11Z
47988,5001,twitter,ext_twitter_00003448,Morning capacity review featuring Gigabit Fiber Install. FiberPath Broadband needs pre-positioned technician capacity,2026-05-10T21:22:50Z,8351,1248,132,91064,0.411,,,rising,,2026-05-27T11:26:11Z
47989,4927,youtube,ext_youtube_00003449,Added Field Technician Evaluation to the high-priority service assurance path. Thank you OrbitMotion IoT for closing the gap,2026-05-15T11:32:22Z,963,68,1,7068,0.923,,,normal,,2026-05-27T11:26:11Z
47990,4872,youtube,ext_youtube_00003450,Subscribers are asking about SIM Replacement Starter Kit through MetroSupply Devices; upgrade and activation demand is rising,2026-05-02T00:03:47Z,479,52,2,15430,0.795,,,normal,,2026-05-27T11:26:11Z
47991,5058,instagram,ext_instagram_00003451,Network operations is flagging Fleet Telematics SIM Pack from OrbitMotion IoT as a capacity bottleneck this week,2026-05-22T20:01:34Z,968,98,40,12766,0.503,,,normal,,2026-05-27T11:26:11Z
47992,4868,threads,ext_threads_00003452,Coverage update: SIM Replacement Starter Kit capacity at MetroSupply Devices is getting tight after a spike in service orders,2026-05-07T10:18:09Z,7344,537,436,150763,0.801,,,rising,,2026-05-27T11:26:11Z
47993,4908,threads,ext_threads_00003453,Subscriber experience note - WellNest Family Plans Student Mobile Plan is the service everyone is trying to schedule right now,2026-05-01T15:39:54Z,5920,1154,980,175363,0.497,,,rising,,2026-05-27T11:26:11Z
47994,4877,youtube,ext_youtube_00003454,Coverage gaps are delaying service assurance for several subscriber groups,2026-05-25T03:57:36Z,322,25,4,9484,0.491,,,normal,,2026-05-27T11:26:11Z
47995,4995,tiktok,ext_tiktok_00003455,"Two-week review of OrbitMotion IoT Fleet Telematics SIM Pack: strong subscriber response, but capacity planning matters",2026-05-26T02:30:10Z,519,55,42,770,0.258,,,normal,,2026-05-27T11:26:11Z
47996,4721,instagram,ext_instagram_00003456,Families keep asking where to find Customer Retention Intake. ClearMind Customer Care is showing up in every upgrade thread,2026-05-17T05:29:50Z,313,70,19,14778,0.543,,,normal,,2026-05-27T11:26:11Z
47997,4620,threads,ext_threads_00003457,NOC huddle: prioritize FiberPath Broadband Fiber Repair Appointment installs before the weekend streaming surge,2026-05-13T13:07:01Z,915,57,34,11555,0.473,,,normal,,2026-05-27T11:26:11Z
47998,4677,tiktok,ext_tiktok_00003458,Billing and usage signals are surfacing new need for Smart Home Connectivity Assessment from HomeConnect Fixed Wireless,2026-05-06T15:01:34Z,9578,1185,745,27072,0.286,,,rising,,2026-05-27T11:26:11Z
47999,4969,instagram,ext_instagram_00003459,"If your subscribers need Senior Connected Life Plan, check SilverLine Connected Life availability early; appointment slots are moving fast",2026-05-07T23:22:40Z,8022,1114,741,124635,0.393,,,rising,,2026-05-27T11:26:11Z
48000,4954,instagram,ext_instagram_00003460,Day 30 with the Fiber Appointment Scheduling workflow and the field team says RoamFlow Mobility reduced manual follow-up,2026-05-21T05:26:53Z,1836,1565,456,115541,0.708,,,rising,,2026-05-27T11:26:11Z
48001,4560,threads,ext_threads_00003461,Recommended FiberPath Broadband Gigabit Fiber Install to an account manager today because churn risk is the issue,2026-05-13T20:38:38Z,118,84,22,12733,0.456,,,normal,,2026-05-27T11:26:11Z
48002,4863,threads,ext_threads_00003462,"Thought Churn Risk Save Offer demand would level off, but WaveFirst Mobile is still seeing urgent requests",2026-05-26T08:37:47Z,471,1,40,19494,0.903,,,normal,,2026-05-27T11:26:11Z
48003,4722,tiktok,ext_tiktok_00003463,Morning capacity review featuring Device Upgrade Enrollment. PulsePoint 5G needs pre-positioned technician capacity,2026-05-26T13:09:16Z,214,94,36,11371,0.382,,,normal,,2026-05-27T11:26:11Z
48004,4919,instagram,ext_instagram_00003464,Added Fraud Resolution Case to the high-priority service assurance path. Thank you ClearMind Customer Care for closing the gap,2026-05-15T03:22:44Z,654,64,41,18082,0.448,,,normal,,2026-05-27T11:26:11Z
48005,4929,instagram,ext_instagram_00003465,Subscribers are asking about IoT Sensor Gateway Kit through OrbitMotion IoT; upgrade and activation demand is rising,2026-05-25T00:08:03Z,154,10,36,1983,0.941,,,normal,,2026-05-27T11:26:11Z
48006,4845,tiktok,ext_tiktok_00003466,Families keep asking for better Wi-Fi performance before evening streaming starts,2026-05-24T21:37:09Z,327,88,41,9690,0.682,,,normal,,2026-05-27T11:26:11Z
48007,5010,tiktok,ext_tiktok_00003467,Coverage update: 5G Mobile Hotspot Kit capacity at MetroSupply Devices is getting tight after a spike in service orders,2026-05-17T23:27:36Z,854,41,32,10497,0.695,,,normal,,2026-05-27T11:26:11Z
48008,4893,threads,ext_threads_00003468,Subscriber experience note - WaveFirst Mobile New Line Activation is the service everyone is trying to schedule right now,2026-05-25T05:40:24Z,935,59,21,18929,0.308,,,normal,,2026-05-27T11:26:11Z
48009,4828,threads,ext_threads_00003469,Roaming bill questions are creating new handoffs to billing and retention teams,2026-05-16T19:38:28Z,7807,1617,111,53589,0.751,,,rising,,2026-05-27T11:26:11Z
48010,4954,instagram,ext_instagram_00003470,Subscribers are asking for clearer instructions after fiber installation and faster follow-up windows,2026-05-03T19:37:33Z,9576,1323,671,194229,0.263,,,rising,,2026-05-27T11:26:11Z
48011,4795,tiktok,ext_tiktok_00003471,Families keep asking where to find SIM Replacement Starter Kit. MetroSupply Devices is showing up in every upgrade thread,2026-05-08T15:34:02Z,4349,928,687,57587,0.706,,,rising,,2026-05-27T11:26:11Z
48012,4694,youtube,ext_youtube_00003472,Small businesses need earlier visibility into field technician appointment availability,2026-05-12T14:22:43Z,92,63,5,8931,0.815,,,normal,,2026-05-27T11:26:11Z
48013,4779,youtube,ext_youtube_00003473,Billing and usage signals are surfacing new need for 5G Business Consultation from PulsePoint 5G,2026-05-03T00:35:32Z,693,76,19,8371,0.416,,,normal,,2026-05-27T11:26:11Z
48014,4620,threads,ext_threads_00003474,Coverage gaps are delaying service assurance for several subscriber groups,2026-05-26T12:20:39Z,975,80,17,4786,0.343,,,normal,,2026-05-27T11:26:11Z
48015,4965,tiktok,ext_tiktok_00003475,Device-support channels are seeing increased activation demand after a handset launch,2026-05-27T10:44:17Z,4993,348,871,78136,0.086,,,rising,,2026-05-27T11:26:11Z
48016,4669,youtube,ext_youtube_00003476,Recommended SignalBridge Mobile Number Port-In Activation to an account manager today because churn risk is the issue,2026-05-27T07:52:53Z,739,59,14,11483,0.891,,,normal,,2026-05-27T11:26:11Z
48017,5029,instagram,ext_instagram_00003477,"Thought Small Business Fiber SLA demand would level off, but FiberPath Broadband is still seeing urgent requests",2026-05-25T19:15:36Z,839,51,33,14423,0.546,,,normal,,2026-05-27T11:26:11Z
48018,4626,instagram,ext_instagram_00003478,Enterprise care teams are coordinating SLA-impact cases across regional service teams today,2026-05-08T15:43:25Z,193,99,1,4963,0.561,,,normal,,2026-05-27T11:26:11Z
48019,4628,twitter,ext_twitter_00003479,Added Outage Follow-Up Call to the high-priority service assurance path. Thank you ClearMind Customer Care for closing the gap,2026-05-23T19:59:17Z,115,14,13,892,0.672,,,normal,,2026-05-27T11:26:11Z
48020,4657,tiktok,ext_tiktok_00003480,Subscribers are asking about 5G Unlimited Mobile Plan through SignalBridge Mobile; upgrade and activation demand is rising,2026-05-27T11:04:01Z,892,34,30,13941,0.894,,,normal,,2026-05-27T11:26:11Z
48021,4920,tiktok,ext_tiktok_00003481,Outage follow-up is the top request in our subscriber forum this week,2026-05-27T07:32:38Z,283,82,0,12505,0.591,,,normal,,2026-05-27T11:26:11Z
48022,4612,tiktok,ext_tiktok_00003482,Coverage update: Student Mobile Plan capacity at WellNest Family Plans is getting tight after a spike in service orders,2026-05-13T14:17:27Z,193,82,37,17796,0.801,,,normal,,2026-05-27T11:26:11Z
48023,4699,youtube,ext_youtube_00003483,Subscriber experience note - RoamFlow Mobility Fiber Appointment Scheduling is the service everyone is trying to schedule right now,2026-05-25T07:08:19Z,457,45,49,17415,0.387,,,normal,,2026-05-27T11:26:11Z
48024,4827,youtube,ext_youtube_00003484,Outage follow-up: demand for Edge Compute Reservation is up and EnterpriseEdge Services needs more field slots,2026-05-18T05:19:24Z,254,94,47,17297,0.7,,,normal,,2026-05-27T11:26:11Z
48025,4768,twitter,ext_twitter_00003485,"Two-week review of FiberPath Broadband Gigabit Fiber Install: strong subscriber response, but capacity planning matters",2026-05-27T11:26:11Z,3180,1219,206,30156,0.849,,,rising,,2026-05-27T11:26:11Z
48026,4545,threads,ext_threads_00003486,Families keep asking where to find 5G Business Consultation. PulsePoint 5G is showing up in every upgrade thread,2026-05-06T04:47:27Z,526,49,40,18009,0.454,,,normal,,2026-05-27T11:26:11Z
48027,4571,instagram,ext_instagram_00003487,Connected life teams need better outreach after recent storm-related service events,2026-05-27T07:53:51Z,280,71,23,3119,0.178,,,normal,,2026-05-27T11:26:11Z
48028,4680,threads,ext_threads_00003488,Billing and usage signals are surfacing new need for New Line Activation from WaveFirst Mobile,2026-05-02T02:52:21Z,540,99,0,8013,0.54,,,normal,,2026-05-27T11:26:11Z
48029,4651,instagram,ext_instagram_00003489,"If your subscribers need Small Business Fiber SLA, check FiberPath Broadband availability early; appointment slots are moving fast",2026-05-05T06:50:32Z,361,55,14,13439,0.837,,,normal,,2026-05-27T11:26:11Z
48030,4887,youtube,ext_youtube_00003490,Day 30 with the Enterprise Account Navigation workflow and the field team says EnterpriseEdge Services reduced manual follow-up,2026-05-25T21:41:34Z,2728,307,877,180991,0.899,,,rising,,2026-05-27T11:26:11Z
48031,4633,twitter,ext_twitter_00003491,Outage follow-up is the top request in our subscriber forum this week,2026-05-23T23:10:24Z,538,27,37,15969,0.572,,,normal,,2026-05-27T11:26:11Z
48032,4767,tiktok,ext_tiktok_00003492,Small businesses need earlier visibility into field technician appointment availability,2026-05-25T16:47:41Z,874,63,18,17409,0.378,,,normal,,2026-05-27T11:26:11Z
48033,5022,youtube,ext_youtube_00003493,Morning capacity review featuring Churn Risk Save Offer. WaveFirst Mobile needs pre-positioned technician capacity,2026-05-05T19:47:05Z,959,15,48,3202,0.507,,,normal,,2026-05-27T11:26:11Z
48034,4968,threads,ext_threads_00003494,Added Customer Retention Intake to the high-priority service assurance path. Thank you ClearMind Customer Care for closing the gap,2026-05-16T16:40:24Z,180,78,18,16209,0.47,,,normal,,2026-05-27T11:26:11Z
48035,4644,youtube,ext_youtube_00003495,Device-support channels are seeing increased activation demand after a handset launch,2026-04-29T12:25:54Z,88,78,6,12108,-0.28,,,normal,,2026-05-27T11:26:11Z
48036,4924,instagram,ext_instagram_00003496,Network operations is flagging Gigabit Fiber Install from FiberPath Broadband as a capacity bottleneck this week,2026-04-30T05:12:19Z,41515,11412,7110,454688,0.627,,,viral,,2026-05-27T11:26:11Z
48037,4645,threads,ext_threads_00003497,Connected life teams need better outreach after recent storm-related service events,2026-05-05T15:43:23Z,701,48,6,15031,0.119,,,normal,,2026-05-27T11:26:11Z
48038,4752,tiktok,ext_tiktok_00003498,Subscriber experience note - RoamFlow Mobility Roaming Cost Coaching is the service everyone is trying to schedule right now,2026-05-20T13:53:10Z,978,33,23,18450,0.65,,,normal,,2026-05-27T11:26:11Z
48039,4758,twitter,ext_twitter_00003499,Outage follow-up: demand for Small Business Fiber SLA is up and FiberPath Broadband needs more field slots,2026-05-06T16:36:15Z,8637,975,481,41258,0.462,,,rising,,2026-05-27T11:26:11Z
48040,4697,tiktok,ext_tiktok_00003500,"Two-week review of WaveFirst Mobile New Line Activation: strong subscriber response, but capacity planning matters",2026-05-26T15:16:19Z,5920,1405,441,75603,0.904,,,rising,,2026-05-27T11:26:11Z
48041,4663,twitter,ext_twitter_00003501,Families keep asking where to find Home Wi-Fi Mesh Kit. PulsePoint 5G is showing up in every upgrade thread,2026-05-15T11:51:39Z,500,70,29,15059,0.205,,,normal,,2026-05-27T11:26:11Z
48042,4671,instagram,ext_instagram_00003502,NOC huddle: prioritize SignalBridge Mobile Number Port-In Activation installs before the weekend streaming surge,2026-05-25T04:45:20Z,5318,841,361,125172,0.524,,,rising,,2026-05-27T11:26:11Z
48043,4811,twitter,ext_twitter_00003503,Network monitoring alerts are helping the team catch congestion before call volume spikes,2026-04-30T06:22:05Z,5560,1021,490,164399,-0.173,,,rising,,2026-05-27T11:26:11Z
48044,4627,tiktok,ext_tiktok_00003504,Coverage gaps are delaying service assurance for several subscriber groups,2026-05-15T22:21:52Z,676,71,29,4787,0.252,,,normal,,2026-05-27T11:26:11Z
48045,5020,tiktok,ext_tiktok_00003505,Day 30 with the Fiber Appointment Scheduling workflow and the field team says RoamFlow Mobility reduced manual follow-up,2026-05-07T20:10:56Z,502,98,29,6832,0.706,,,normal,,2026-05-27T11:26:11Z
48046,4819,instagram,ext_instagram_00003506,Families keep asking for better Wi-Fi performance before evening streaming starts,2026-05-25T15:32:31Z,19407,8378,4353,544317,0.629,,,viral,,2026-05-27T11:26:11Z
48047,4870,tiktok,ext_tiktok_00003507,"Thought Smart Home Connectivity Assessment demand would level off, but HomeConnect Fixed Wireless is still seeing urgent requests",2026-05-07T22:01:32Z,118,76,25,4877,0.674,,,normal,,2026-05-27T11:26:11Z
48048,4579,youtube,ext_youtube_00003508,Morning capacity review featuring Network Congestion Plan Review. WellNest Family Plans needs pre-positioned technician capacity,2026-05-05T22:42:37Z,45,53,14,16076,0.307,,,normal,,2026-05-27T11:26:11Z
48049,4726,instagram,ext_instagram_00003509,Added SIM Replacement Starter Kit to the high-priority service assurance path. Thank you MetroSupply Devices for closing the gap,2026-05-26T07:50:49Z,308,16,13,2487,0.926,,,normal,,2026-05-27T11:26:11Z
48050,4841,twitter,ext_twitter_00003510,Subscribers are asking about Gigabit Fiber Install through FiberPath Broadband; upgrade and activation demand is rising,2026-04-30T06:51:40Z,761,93,6,3253,0.336,,,normal,,2026-05-27T11:26:11Z
48051,4701,instagram,ext_instagram_00003511,Network operations is flagging Connected Device Monitoring Onboarding from MetroSupply Devices as a capacity bottleneck this week,2026-05-08T13:10:11Z,445,75,5,19229,0.587,,,normal,,2026-05-27T11:26:11Z
48052,4958,threads,ext_threads_00003512,Coverage update: Network Congestion Plan Review capacity at WellNest Family Plans is getting tight after a spike in service orders,2026-05-09T03:19:57Z,621,11,7,10023,0.277,,,normal,,2026-05-27T11:26:11Z
48053,4648,twitter,ext_twitter_00003513,Network monitoring alerts are helping the team catch congestion before call volume spikes,2026-05-27T06:55:50Z,8500,1764,389,40893,0.468,,,rising,,2026-05-27T11:26:11Z
48054,4982,youtube,ext_youtube_00003514,Coverage gaps are delaying service assurance for several subscriber groups,2026-05-24T14:36:47Z,689,80,23,18709,0.369,,,normal,,2026-05-27T11:26:11Z
48055,4555,threads,ext_threads_00003515,"Two-week review of WaveFirst Mobile Churn Risk Save Offer: strong subscriber response, but capacity planning matters",2026-05-26T20:41:32Z,219,13,24,5637,0.595,,,normal,,2026-05-27T11:26:11Z
48056,4981,twitter,ext_twitter_00003516,Families keep asking where to find Edge Compute Reservation. EnterpriseEdge Services is showing up in every upgrade thread,2026-05-24T09:04:22Z,101,39,4,16491,0.306,,,normal,,2026-05-27T11:26:11Z
48057,4710,threads,ext_threads_00003517,NOC huddle: prioritize MetroSupply Devices Connected Device Monitoring Onboarding installs before the weekend streaming surge,2026-05-18T14:14:24Z,598,51,42,19035,0.277,,,normal,,2026-05-27T11:26:11Z
48058,4914,instagram,ext_instagram_00003518,Enterprise care teams are coordinating SLA-impact cases across regional service teams today,2026-05-18T20:26:20Z,771,2,19,16162,-0.109,,,normal,,2026-05-27T11:26:11Z
48059,4909,instagram,ext_instagram_00003519,"If your subscribers need Customer Retention Intake, check ClearMind Customer Care availability early; appointment slots are moving fast",2026-05-17T03:41:09Z,10042,10092,6574,661151,0.915,,,viral,,2026-05-27T11:26:11Z
48060,4645,threads,ext_threads_00003520,Day 30 with the Home Wi-Fi Mesh Kit workflow and the field team says PulsePoint 5G reduced manual follow-up,2026-05-27T06:32:53Z,592,25,0,8919,0.461,,,normal,,2026-05-27T11:26:11Z
48061,4605,threads,ext_threads_00003521,Recommended RoamFlow Mobility Roaming Cost Coaching to an account manager today because churn risk is the issue,2026-05-20T17:13:20Z,300,57,5,16349,0.746,,,normal,,2026-05-27T11:26:11Z
48062,4934,instagram,ext_instagram_00003522,"Thought Family Data Share Plan demand would level off, but WellNest Family Plans is still seeing urgent requests",2026-05-03T03:13:19Z,338,52,18,2040,0.819,,,normal,,2026-05-27T11:26:11Z
48063,5053,instagram,ext_instagram_00003523,Morning capacity review featuring Network Congestion Plan Review. WellNest Family Plans needs pre-positioned technician capacity,2026-05-12T01:37:50Z,25,65,48,17843,0.551,,,normal,,2026-05-27T11:26:11Z
48064,4968,threads,ext_threads_00003524,Added Senior Connected Life Plan to the high-priority service assurance path. Thank you SilverLine Connected Life for closing the gap,2026-05-26T05:48:48Z,28116,7706,1262,610780,0.751,,,viral,,2026-05-27T11:26:11Z
48065,4631,instagram,ext_instagram_00003525,Subscribers are asking about Premium International Roaming Pass through SignalBridge Mobile; upgrade and activation demand is rising,2026-05-24T18:50:04Z,320,91,27,10476,0.353,,,normal,,2026-05-27T11:26:11Z
48066,4601,instagram,ext_instagram_00003526,Network operations is flagging Number Port-In Activation from SignalBridge Mobile as a capacity bottleneck this week,2026-05-14T04:55:52Z,370590,38894,20646,11846226,0.47,,,mega_viral,,2026-05-27T11:26:11Z
48067,4858,threads,ext_threads_00003527,Coverage update: Family Data Share Plan capacity at WellNest Family Plans is getting tight after a spike in service orders,2026-04-28T02:43:08Z,694,89,12,7758,0.495,,,normal,,2026-05-27T11:26:11Z
48068,5042,threads,ext_threads_00003528,Subscriber experience note - SignalBridge Mobile Premium International Roaming Pass is the service everyone is trying to schedule right now,2026-05-15T03:10:00Z,7259,1674,369,196053,0.216,,,rising,,2026-05-27T11:26:11Z
48069,4761,instagram,ext_instagram_00003529,Outage follow-up: demand for Family Data Share Plan is up and WellNest Family Plans needs more field slots,2026-05-07T14:13:28Z,591,99,20,8343,0.726,,,normal,,2026-05-27T11:26:11Z
48070,4830,tiktok,ext_tiktok_00003530,"Two-week review of ClearMind Customer Care Customer Retention Intake: strong subscriber response, but capacity planning matters",2026-05-06T03:12:45Z,2761,543,759,82001,0.555,,,rising,,2026-05-27T11:26:11Z
48071,4990,tiktok,ext_tiktok_00003531,Families keep asking where to find IoT Sensor Gateway Kit. OrbitMotion IoT is showing up in every upgrade thread,2026-05-25T22:12:38Z,871,86,17,6327,0.623,,,normal,,2026-05-27T11:26:11Z
48072,4711,instagram,ext_instagram_00003532,Small businesses need earlier visibility into field technician appointment availability,2026-05-24T09:55:22Z,255,85,11,17478,0.328,,,normal,,2026-05-27T11:26:11Z
48073,4928,threads,ext_threads_00003533,Billing and usage signals are surfacing new need for Fraud Resolution Case from ClearMind Customer Care,2026-05-03T09:31:56Z,5849,1984,990,100137,0.75,,,rising,,2026-05-27T11:26:11Z
48074,4762,tiktok,ext_tiktok_00003534,"If your subscribers need Fiber Repair Appointment, check FiberPath Broadband availability early; appointment slots are moving fast",2026-05-21T14:23:49Z,232,89,23,8328,0.258,,,normal,,2026-05-27T11:26:11Z
48075,4720,threads,ext_threads_00003535,Day 30 with the LTE Backup Gateway workflow and the field team says HomeConnect Fixed Wireless reduced manual follow-up,2026-05-05T23:14:57Z,25364,8266,3483,583777,0.926,,,viral,,2026-05-27T11:26:11Z
48076,4989,instagram,ext_instagram_00003536,Recommended HomeConnect Fixed Wireless Fixed Wireless Home Internet to an account manager today because churn risk is the issue,2026-05-18T07:29:39Z,782,51,3,9687,0.611,,,normal,,2026-05-27T11:26:11Z
48077,4681,instagram,ext_instagram_00003537,Connected life teams need better outreach after recent storm-related service events,2026-05-24T01:38:26Z,238,25,37,10597,-0.108,,,normal,,2026-05-27T11:26:11Z
48078,4842,youtube,ext_youtube_00003538,Morning capacity review featuring SIM Replacement Starter Kit. MetroSupply Devices needs pre-positioned technician capacity,2026-05-12T08:07:54Z,9870,489,877,198230,0.313,,,rising,,2026-05-27T11:26:11Z
48079,4575,threads,ext_threads_00003539,Added IoT Sensor Gateway Kit to the high-priority service assurance path. Thank you OrbitMotion IoT for closing the gap,2026-05-26T00:01:38Z,703,92,3,19213,0.409,,,normal,,2026-05-27T11:26:11Z
48080,4770,threads,ext_threads_00003540,Subscribers are asking about Fraud Resolution Case through ClearMind Customer Care; upgrade and activation demand is rising,2026-05-01T01:20:43Z,821,37,34,7472,0.334,,,normal,,2026-05-27T11:26:11Z
48081,4596,instagram,ext_instagram_00003541,Network operations is flagging Network Congestion Plan Review from WellNest Family Plans as a capacity bottleneck this week,2026-05-07T15:16:43Z,370,54,25,14465,0.538,,,normal,,2026-05-27T11:26:11Z
48082,4712,tiktok,ext_tiktok_00003542,Coverage update: LTE Backup Gateway capacity at HomeConnect Fixed Wireless is getting tight after a spike in service orders,2026-05-23T08:32:44Z,2316,1104,249,189791,0.427,,,rising,,2026-05-27T11:26:11Z
48083,4982,youtube,ext_youtube_00003543,Network monitoring alerts are helping the team catch congestion before call volume spikes,2026-05-04T21:06:52Z,83,34,1,13946,0.465,,,normal,,2026-05-27T11:26:11Z
48084,4731,instagram,ext_instagram_00003544,Outage follow-up: demand for Field Technician Evaluation is up and OrbitMotion IoT needs more field slots,2026-05-20T02:28:27Z,9945,202,410,68363,0.553,,,rising,,2026-05-27T11:26:11Z
48085,5031,twitter,ext_twitter_00003545,"Two-week review of HomeConnect Fixed Wireless Smart Home Connectivity Assessment: strong subscriber response, but capacity planning matters",2026-05-24T12:32:22Z,4358,1496,722,199025,0.541,,,rising,,2026-05-27T11:26:11Z
48086,4969,instagram,ext_instagram_00003546,Families keep asking where to find Home Wi-Fi Mesh Kit. PulsePoint 5G is showing up in every upgrade thread,2026-05-16T19:42:54Z,2690,699,494,117526,0.362,,,rising,,2026-05-27T11:26:11Z
48087,4930,tiktok,ext_tiktok_00003547,NOC huddle: prioritize EnterpriseEdge Services Enterprise Account Navigation installs before the weekend streaming surge,2026-05-26T23:02:13Z,946,98,5,8358,0.386,,,normal,,2026-05-27T11:26:11Z
48088,4886,twitter,ext_twitter_00003548,Billing and usage signals are surfacing new need for Churn Risk Save Offer from WaveFirst Mobile,2026-05-27T09:14:42Z,177,90,21,14877,0.786,,,normal,,2026-05-27T11:26:11Z
48089,4655,threads,ext_threads_00003549,"If your subscribers need Premium International Roaming Pass, check SignalBridge Mobile availability early; appointment slots are moving fast",2026-05-19T22:38:21Z,3242,478,324,57376,0.337,,,rising,,2026-05-27T11:26:11Z
48090,5016,twitter,ext_twitter_00003550,Subscribers are asking for clearer instructions after fiber installation and faster follow-up windows,2026-05-23T16:00:02Z,3807,309,265,27997,0.821,,,rising,,2026-05-27T11:26:11Z
48091,4922,youtube,ext_youtube_00003551,Recommended MetroSupply Devices 5G Mobile Hotspot Kit to an account manager today because churn risk is the issue,2026-05-09T10:21:26Z,126,56,31,18119,0.762,,,normal,,2026-05-27T11:26:11Z
48092,4953,threads,ext_threads_00003552,Small businesses need earlier visibility into field technician appointment availability,2026-05-25T14:14:40Z,144,93,31,17533,0.651,,,normal,,2026-05-27T11:26:11Z
48093,4993,threads,ext_threads_00003553,Network monitoring alerts are helping the team catch congestion before call volume spikes,2026-05-19T15:04:54Z,9848,1802,790,103749,-0.118,,,rising,,2026-05-27T11:26:11Z
48094,4742,tiktok,ext_tiktok_00003554,Added Roaming Cost Coaching to the high-priority service assurance path. Thank you RoamFlow Mobility for closing the gap,2026-05-16T14:15:01Z,768,57,28,4834,0.844,,,normal,,2026-05-27T11:26:11Z
48095,4565,threads,ext_threads_00003555,Subscribers are asking about Family Data Share Plan through WellNest Family Plans; upgrade and activation demand is rising,2026-05-22T22:01:05Z,878,36,22,5313,0.29,,,normal,,2026-05-27T11:26:11Z
48096,4612,tiktok,ext_tiktok_00003556,Network operations is flagging Senior Connected Life Plan from SilverLine Connected Life as a capacity bottleneck this week,2026-05-15T21:34:42Z,959,80,26,9711,0.377,,,normal,,2026-05-27T11:26:11Z
48097,4845,tiktok,ext_tiktok_00003557,Coverage update: Number Port-In Activation capacity at SignalBridge Mobile is getting tight after a spike in service orders,2026-05-26T03:16:42Z,317,68,14,18259,0.739,,,normal,,2026-05-27T11:26:11Z
48098,4920,tiktok,ext_tiktok_00003558,Subscriber experience note - SignalBridge Mobile Premium International Roaming Pass is the service everyone is trying to schedule right now,2026-05-22T16:53:25Z,611,43,21,19965,0.687,,,normal,,2026-05-27T11:26:11Z
48099,4843,threads,ext_threads_00003559,Roaming bill questions are creating new handoffs to billing and retention teams,2026-05-18T08:29:08Z,19553,5982,2763,246532,0.763,,,viral,,2026-05-27T11:26:11Z
48100,4603,twitter,ext_twitter_00003560,"Two-week review of WellNest Family Plans Family Data Share Plan: strong subscriber response, but capacity planning matters",2026-05-02T15:04:24Z,4234,487,926,20112,0.544,,,rising,,2026-05-27T11:26:11Z
48101,4774,youtube,ext_youtube_00003561,Families keep asking where to find Fraud Resolution Case. ClearMind Customer Care is showing up in every upgrade thread,2026-05-26T07:08:15Z,409,68,7,603,0.577,,,normal,,2026-05-27T11:26:11Z
48102,4607,tiktok,ext_tiktok_00003562,NOC huddle: prioritize ClearMind Customer Care Customer Retention Intake installs before the weekend streaming surge,2026-05-06T17:16:13Z,44,69,2,15106,0.578,,,normal,,2026-05-27T11:26:11Z
48103,4995,tiktok,ext_tiktok_00003563,Billing and usage signals are surfacing new need for 5G Mobile Hotspot Kit from MetroSupply Devices,2026-05-05T23:51:35Z,743,32,25,12176,0.375,,,normal,,2026-05-27T11:26:11Z
48104,4692,tiktok,ext_tiktok_00003564,Coverage gaps are delaying service assurance for several subscriber groups,2026-05-05T08:46:30Z,657,60,20,9748,0.107,,,normal,,2026-05-27T11:26:11Z
48105,4831,twitter,ext_twitter_00003565,Day 30 with the Number Port-In Activation workflow and the field team says SignalBridge Mobile reduced manual follow-up,2026-05-26T10:23:18Z,236045,80040,20301,14485942,0.319,,,mega_viral,,2026-05-27T11:26:11Z
48106,4656,instagram,ext_instagram_00003566,Recommended WaveFirst Mobile Churn Risk Save Offer to an account manager today because churn risk is the issue,2026-05-14T04:54:05Z,26424,6483,7331,819401,0.493,,,viral,,2026-05-27T11:26:11Z
48107,4558,twitter,ext_twitter_00003567,Connected life teams need better outreach after recent storm-related service events,2026-05-14T18:27:01Z,233,3,7,12734,0.025,,,normal,,2026-05-27T11:26:11Z
48108,4595,threads,ext_threads_00003568,Morning capacity review featuring Fleet Telematics SIM Pack. OrbitMotion IoT needs pre-positioned technician capacity,2026-05-21T04:19:24Z,867,84,24,16240,0.827,,,normal,,2026-05-27T11:26:11Z
48109,5024,instagram,ext_instagram_00003569,Roaming bill questions are creating new handoffs to billing and retention teams,2026-05-26T03:31:49Z,3034,1323,794,136666,-0.178,,,rising,,2026-05-27T11:26:11Z
48110,4852,youtube,ext_youtube_00003570,Subscribers are asking about New Line Activation through WaveFirst Mobile; upgrade and activation demand is rising,2026-04-27T19:22:08Z,44933,5951,5706,315081,0.938,,,viral,,2026-05-27T11:26:11Z
48111,4649,youtube,ext_youtube_00003571,Outage follow-up is the top request in our subscriber forum this week,2026-05-06T11:13:52Z,8800,535,665,56168,0.01,,,rising,,2026-05-27T11:26:11Z
48112,4559,youtube,ext_youtube_00003572,Small businesses need earlier visibility into field technician appointment availability,2026-05-10T05:32:48Z,877,87,23,2368,0.307,,,normal,,2026-05-27T11:26:11Z
48113,4644,youtube,ext_youtube_00003573,Subscriber experience note - RoamFlow Mobility Fiber Appointment Scheduling is the service everyone is trying to schedule right now,2026-05-13T13:56:27Z,732,30,43,5579,0.784,,,normal,,2026-05-27T11:26:11Z
48114,4674,youtube,ext_youtube_00003574,Outage follow-up: demand for Home Wi-Fi Mesh Kit is up and PulsePoint 5G needs more field slots,2026-05-19T20:04:41Z,508,19,38,5096,0.434,,,normal,,2026-05-27T11:26:11Z
48115,4758,twitter,ext_twitter_00003575,Device-support channels are seeing increased activation demand after a handset launch,2026-05-27T11:14:24Z,152,75,21,2042,0.474,,,normal,,2026-05-27T11:26:11Z
48116,4976,twitter,ext_twitter_00003576,Families keep asking where to find Family Data Share Plan. WellNest Family Plans is showing up in every upgrade thread,2026-05-23T05:56:57Z,312,82,39,11043,0.803,,,normal,,2026-05-27T11:26:11Z
48117,4544,youtube,ext_youtube_00003577,NOC huddle: prioritize SilverLine Connected Life Family Connectivity Support Session installs before the weekend streaming surge,2026-05-18T18:25:28Z,4615,898,108,125360,0.248,,,rising,,2026-05-27T11:26:11Z
48118,4835,tiktok,ext_tiktok_00003578,Enterprise care teams are coordinating SLA-impact cases across regional service teams today,2026-05-19T01:13:13Z,9980,1036,820,159209,0.748,,,rising,,2026-05-27T11:26:11Z
48119,5021,twitter,ext_twitter_00003579,"If your subscribers need Customer Retention Intake, check ClearMind Customer Care availability early; appointment slots are moving fast",2026-05-22T23:04:30Z,236,24,41,5578,0.377,,,normal,,2026-05-27T11:26:11Z
48120,4576,instagram,ext_instagram_00003580,Day 30 with the Home Wi-Fi Mesh Kit workflow and the field team says PulsePoint 5G reduced manual follow-up,2026-05-26T22:02:31Z,973,34,28,1823,0.229,,,normal,,2026-05-27T11:26:11Z
48121,4715,threads,ext_threads_00003581,Recommended ClearMind Customer Care Fraud Resolution Case to an account manager today because churn risk is the issue,2026-05-20T22:11:13Z,8554,1780,558,198673,0.694,,,rising,,2026-05-27T11:26:11Z
48122,4605,threads,ext_threads_00003582,"Thought Home Wi-Fi Mesh Kit demand would level off, but PulsePoint 5G is still seeing urgent requests",2026-05-03T23:57:05Z,239,6,11,12200,0.722,,,normal,,2026-05-27T11:26:11Z
48123,4978,threads,ext_threads_00003583,Morning capacity review featuring Field Technician Evaluation. OrbitMotion IoT needs pre-positioned technician capacity,2026-05-17T09:49:28Z,459,15,38,12053,0.223,,,normal,,2026-05-27T11:26:11Z
48124,4887,youtube,ext_youtube_00003584,Added Field Technician Evaluation to the high-priority service assurance path. Thank you OrbitMotion IoT for closing the gap,2026-05-01T04:18:55Z,641,29,49,12238,0.844,,,normal,,2026-05-27T11:26:11Z
48125,4975,tiktok,ext_tiktok_00003585,Subscribers are asking about Roaming Cost Coaching through RoamFlow Mobility; upgrade and activation demand is rising,2026-05-14T13:15:26Z,9797,1718,758,175722,0.722,,,rising,,2026-05-27T11:26:11Z
48126,4674,youtube,ext_youtube_00003586,Families keep asking for better Wi-Fi performance before evening streaming starts,2026-05-13T03:55:01Z,645,78,34,19542,-0.154,,,normal,,2026-05-27T11:26:11Z
48127,4791,twitter,ext_twitter_00003587,Coverage update: Device Upgrade Enrollment capacity at PulsePoint 5G is getting tight after a spike in service orders,2026-04-30T15:51:43Z,294,81,35,17442,0.657,,,normal,,2026-05-27T11:26:11Z
48128,4667,tiktok,ext_tiktok_00003588,Subscriber experience note - OrbitMotion IoT Fleet Telematics SIM Pack is the service everyone is trying to schedule right now,2026-05-22T19:12:32Z,972,15,9,655,0.473,,,normal,,2026-05-27T11:26:11Z
48129,5019,instagram,ext_instagram_00003589,Outage follow-up: demand for Smart Home Connectivity Assessment is up and HomeConnect Fixed Wireless needs more field slots,2026-05-13T09:40:28Z,561,28,35,18393,0.286,,,normal,,2026-05-27T11:26:11Z
48130,4559,youtube,ext_youtube_00003590,"Two-week review of RoamFlow Mobility Fiber Appointment Scheduling: strong subscriber response, but capacity planning matters",2026-05-26T16:17:10Z,736,98,3,19916,0.659,,,normal,,2026-05-27T11:26:11Z
48131,4604,youtube,ext_youtube_00003591,Outage follow-up is the top request in our subscriber forum this week,2026-05-19T14:59:16Z,500,97,35,7855,0.124,,,normal,,2026-05-27T11:26:11Z
48132,4849,instagram,ext_instagram_00003592,NOC huddle: prioritize OrbitMotion IoT IoT Sensor Gateway Kit installs before the weekend streaming surge,2026-05-20T11:42:55Z,902,52,38,9499,0.401,,,normal,,2026-05-27T11:26:11Z
48133,4797,youtube,ext_youtube_00003593,Network monitoring alerts are helping the team catch congestion before call volume spikes,2026-05-13T10:46:11Z,47505,13988,1855,397186,-0.174,,,viral,,2026-05-27T11:26:11Z
48134,4775,threads,ext_threads_00003594,"If your subscribers need SIM Replacement Starter Kit, check MetroSupply Devices availability early; appointment slots are moving fast",2026-05-23T11:37:17Z,469,62,11,19568,0.273,,,normal,,2026-05-27T11:26:11Z
48135,4661,instagram,ext_instagram_00003595,Day 30 with the Family Data Share Plan workflow and the field team says WellNest Family Plans reduced manual follow-up,2026-05-20T09:59:06Z,433,58,32,9220,0.867,,,normal,,2026-05-27T11:26:11Z
48136,4568,twitter,ext_twitter_00003596,Recommended MetroSupply Devices Connected Device Monitoring Onboarding to an account manager today because churn risk is the issue,2026-05-12T06:40:35Z,869,62,22,8944,0.597,,,normal,,2026-05-27T11:26:11Z
48137,4924,instagram,ext_instagram_00003597,"Thought Device Upgrade Enrollment demand would level off, but PulsePoint 5G is still seeing urgent requests",2026-05-25T02:36:03Z,519,16,40,7679,0.338,,,normal,,2026-05-27T11:26:11Z
48138,4544,youtube,ext_youtube_00003598,Enterprise care teams are coordinating SLA-impact cases across regional service teams today,2026-05-27T10:45:26Z,1789,1036,460,135303,0.517,,,rising,,2026-05-27T11:26:11Z
48139,4925,tiktok,ext_tiktok_00003599,Added Fixed Wireless Home Internet to the high-priority service assurance path. Thank you HomeConnect Fixed Wireless for closing the gap,2026-04-28T08:47:00Z,603,42,15,11958,0.284,,,normal,,2026-05-27T11:26:11Z
48140,4683,twitter,ext_twitter_00003600,Subscribers are asking for clearer instructions after fiber installation and faster follow-up windows,2026-05-08T13:47:28Z,122,62,33,3556,0.255,,,normal,,2026-05-27T11:26:11Z
48141,4781,instagram,ext_instagram_00003601,Network operations is flagging Home Wi-Fi Mesh Kit from PulsePoint 5G as a capacity bottleneck this week,2026-05-19T05:51:34Z,448912,23548,22571,17425216,0.758,,,mega_viral,,2026-05-27T11:26:11Z
48142,4687,tiktok,ext_tiktok_00003602,Coverage update: Premium International Roaming Pass capacity at SignalBridge Mobile is getting tight after a spike in service orders,2026-05-18T22:36:47Z,17436,8780,1993,717501,0.369,,,viral,,2026-05-27T11:26:11Z
48143,4877,youtube,ext_youtube_00003603,Network monitoring alerts are helping the team catch congestion before call volume spikes,2026-05-17T14:05:55Z,633,50,44,18237,0.551,,,normal,,2026-05-27T11:26:11Z
48144,4632,tiktok,ext_tiktok_00003604,Coverage gaps are delaying service assurance for several subscriber groups,2026-05-13T14:38:53Z,663,18,25,12213,-0.076,,,normal,,2026-05-27T11:26:11Z
48145,4747,tiktok,ext_tiktok_00003605,Device-support channels are seeing increased activation demand after a handset launch,2026-05-23T20:48:35Z,33,6,2,17755,-0.03,,,normal,,2026-05-27T11:26:11Z
48146,4560,threads,ext_threads_00003606,Families keep asking where to find Fixed Wireless Home Internet. HomeConnect Fixed Wireless is showing up in every upgrade thread,2026-05-21T02:08:17Z,3446,1842,264,58228,0.222,,,rising,,2026-05-27T11:26:11Z
48147,4549,youtube,ext_youtube_00003607,NOC huddle: prioritize FiberPath Broadband Fiber Repair Appointment installs before the weekend streaming surge,2026-05-17T21:45:45Z,172,21,24,4499,0.317,,,normal,,2026-05-27T11:26:11Z
48148,4824,instagram,ext_instagram_00003608,Billing and usage signals are surfacing new need for 5G Mobile Hotspot Kit from MetroSupply Devices,2026-05-20T09:31:58Z,832,97,42,11778,0.656,,,normal,,2026-05-27T11:26:11Z
48149,4946,twitter,ext_twitter_00003609,Roaming bill questions are creating new handoffs to billing and retention teams,2026-04-29T04:17:53Z,317722,98161,25246,6519625,0.419,,,mega_viral,,2026-05-27T11:26:11Z
48150,4716,instagram,ext_instagram_00003610,Day 30 with the Family Connectivity Support Session workflow and the field team says SilverLine Connected Life reduced manual follow-up,2026-05-03T04:48:14Z,797,50,13,18879,0.668,,,normal,,2026-05-27T11:26:11Z
48151,4625,threads,ext_threads_00003611,Recommended FiberPath Broadband Small Business Fiber SLA to an account manager today because churn risk is the issue,2026-05-27T10:43:40Z,6044,1035,118,69198,0.869,,,rising,,2026-05-27T11:26:11Z
48152,5052,threads,ext_threads_00003612,Small businesses need earlier visibility into field technician appointment availability,2026-05-06T16:55:37Z,228,99,5,5056,-0.228,,,normal,,2026-05-27T11:26:11Z
48153,4558,twitter,ext_twitter_00003613,Morning capacity review featuring Customer Retention Intake. ClearMind Customer Care needs pre-positioned technician capacity,2026-05-23T04:18:23Z,13,14,22,492,0.575,,,normal,,2026-05-27T11:26:11Z
48154,4574,youtube,ext_youtube_00003614,Added Fraud Resolution Case to the high-priority service assurance path. Thank you ClearMind Customer Care for closing the gap,2026-04-29T01:17:29Z,89,33,17,863,0.351,,,normal,,2026-05-27T11:26:11Z
48155,4725,threads,ext_threads_00003615,Subscribers are asking about Student Mobile Plan through WellNest Family Plans; upgrade and activation demand is rising,2026-05-17T03:04:05Z,45,24,23,3395,0.492,,,normal,,2026-05-27T11:26:11Z
48156,4841,twitter,ext_twitter_00003616,Network operations is flagging Senior Connected Life Plan from SilverLine Connected Life as a capacity bottleneck this week,2026-05-25T06:31:18Z,60,87,11,12902,0.435,,,normal,,2026-05-27T11:26:11Z
48157,4792,youtube,ext_youtube_00003617,Connected life teams need better outreach after recent storm-related service events,2026-05-05T10:03:15Z,3744,1926,860,65426,0.172,,,rising,,2026-05-27T11:26:11Z
48158,4685,threads,ext_threads_00003618,Subscriber experience note - FiberPath Broadband Small Business Fiber SLA is the service everyone is trying to schedule right now,2026-05-05T06:01:51Z,25068,10410,7557,304016,0.949,,,viral,,2026-05-27T11:26:11Z
48159,4629,youtube,ext_youtube_00003619,Roaming bill questions are creating new handoffs to billing and retention teams,2026-05-26T22:23:01Z,40983,9514,5382,826060,0.341,,,viral,,2026-05-27T11:26:11Z
48160,4794,instagram,ext_instagram_00003620,"Two-week review of RoamFlow Mobility Fiber Appointment Scheduling: strong subscriber response, but capacity planning matters",2026-05-10T01:15:42Z,784,59,5,16664,0.755,,,normal,,2026-05-27T11:26:11Z
48161,4573,twitter,ext_twitter_00003621,Families keep asking where to find New Line Activation. WaveFirst Mobile is showing up in every upgrade thread,2026-05-05T04:06:01Z,264,12,48,18735,0.853,,,normal,,2026-05-27T11:26:11Z
48162,5012,youtube,ext_youtube_00003622,NOC huddle: prioritize HomeConnect Fixed Wireless Fixed Wireless Home Internet installs before the weekend streaming surge,2026-05-09T06:36:20Z,850,39,35,14986,0.839,,,normal,,2026-05-27T11:26:11Z
48163,4570,threads,ext_threads_00003623,Network monitoring alerts are helping the team catch congestion before call volume spikes,2026-05-27T10:15:30Z,26765,7892,1291,619258,0.696,,,viral,,2026-05-27T11:26:11Z
48164,4684,youtube,ext_youtube_00003624,"If your subscribers need Outage Follow-Up Call, check ClearMind Customer Care availability early; appointment slots are moving fast",2026-05-05T06:09:26Z,796,49,4,16685,0.731,,,normal,,2026-05-27T11:26:11Z
48165,4798,threads,ext_threads_00003625,Day 30 with the Family Data Share Plan workflow and the field team says WellNest Family Plans reduced manual follow-up,2026-05-27T03:34:20Z,7730,1456,639,162070,0.851,,,rising,,2026-05-27T11:26:11Z
48166,4985,tiktok,ext_tiktok_00003626,Recommended ClearMind Customer Care Customer Retention Intake to an account manager today because churn risk is the issue,2026-05-13T13:44:59Z,959,30,36,3662,0.234,,,normal,,2026-05-27T11:26:11Z
48167,4942,youtube,ext_youtube_00003627,"Thought Small Business Fiber SLA demand would level off, but FiberPath Broadband is still seeing urgent requests",2026-05-19T01:47:47Z,273,39,41,17333,0.671,,,normal,,2026-05-27T11:26:11Z
48168,4564,youtube,ext_youtube_00003628,Morning capacity review featuring Churn Risk Save Offer. WaveFirst Mobile needs pre-positioned technician capacity,2026-05-23T06:46:52Z,927,27,16,12070,0.884,,,normal,,2026-05-27T11:26:11Z
48169,4607,tiktok,ext_tiktok_00003629,Added 5G Unlimited Mobile Plan to the high-priority service assurance path. Thank you SignalBridge Mobile for closing the gap,2026-05-25T00:32:39Z,390,36,45,11578,0.715,,,normal,,2026-05-27T11:26:11Z
48170,4575,threads,ext_threads_00003630,Subscribers are asking for clearer instructions after fiber installation and faster follow-up windows,2026-05-27T07:36:24Z,731,59,15,16907,0.459,,,normal,,2026-05-27T11:26:11Z
48171,4915,tiktok,ext_tiktok_00003631,Network operations is flagging Number Port-In Activation from SignalBridge Mobile as a capacity bottleneck this week,2026-05-27T07:43:53Z,195,22,23,10866,0.272,,,normal,,2026-05-27T11:26:11Z
48172,4666,instagram,ext_instagram_00003632,Small businesses need earlier visibility into field technician appointment availability,2026-05-14T09:04:29Z,540,85,0,7701,-0.222,,,normal,,2026-05-27T11:26:11Z
48173,4752,tiktok,ext_tiktok_00003633,Network monitoring alerts are helping the team catch congestion before call volume spikes,2026-05-27T09:25:50Z,284,88,39,6626,0.092,,,normal,,2026-05-27T11:26:11Z
48174,4899,instagram,ext_instagram_00003634,Outage follow-up: demand for Customer Retention Intake is up and ClearMind Customer Care needs more field slots,2026-05-09T04:38:06Z,1930,225,683,55027,0.297,,,rising,,2026-05-27T11:26:11Z
48175,4858,threads,ext_threads_00003635,"Two-week review of RoamFlow Mobility Fiber Appointment Scheduling: strong subscriber response, but capacity planning matters",2026-05-23T07:55:40Z,37832,5475,4838,378688,0.545,,,viral,,2026-05-27T11:26:11Z
48176,4864,instagram,ext_instagram_00003636,Families keep asking where to find Student Mobile Plan. WellNest Family Plans is showing up in every upgrade thread,2026-05-27T04:22:17Z,8571,316,128,73022,0.873,,,rising,,2026-05-27T11:26:11Z
48177,4573,twitter,ext_twitter_00003637,Connected life teams need better outreach after recent storm-related service events,2026-05-27T00:58:16Z,636,72,5,12435,0.854,,,normal,,2026-05-27T11:26:11Z
48178,5003,threads,ext_threads_00003638,Billing and usage signals are surfacing new need for Edge Compute Reservation from EnterpriseEdge Services,2026-05-26T23:22:16Z,856,53,6,693,0.791,,,normal,,2026-05-27T11:26:11Z
48179,4791,twitter,ext_twitter_00003639,Roaming bill questions are creating new handoffs to billing and retention teams,2026-05-16T01:01:57Z,62,83,38,5684,-0.207,,,normal,,2026-05-27T11:26:11Z
48180,5042,threads,ext_threads_00003640,Day 30 with the New Line Activation workflow and the field team says WaveFirst Mobile reduced manual follow-up,2026-05-18T07:33:54Z,5851,447,868,49700,0.799,,,rising,,2026-05-27T11:26:11Z
48181,4720,threads,ext_threads_00003641,Recommended MetroSupply Devices SIM Replacement Starter Kit to an account manager today because churn risk is the issue,2026-05-24T18:40:20Z,8506,1797,128,46246,0.72,,,rising,,2026-05-27T11:26:11Z
48182,5012,youtube,ext_youtube_00003642,"Thought Smart Home Connectivity Assessment demand would level off, but HomeConnect Fixed Wireless is still seeing urgent requests",2026-05-27T00:32:28Z,3522,663,401,21913,0.796,,,rising,,2026-05-27T11:26:11Z
48183,4571,instagram,ext_instagram_00003643,Morning capacity review featuring 5G Business Consultation. PulsePoint 5G needs pre-positioned technician capacity,2026-05-24T09:32:47Z,351,20,8,6310,0.919,,,normal,,2026-05-27T11:26:11Z
48184,4617,tiktok,ext_tiktok_00003644,Coverage gaps are delaying service assurance for several subscriber groups,2026-05-05T03:14:02Z,163,93,10,1177,0.3,,,normal,,2026-05-27T11:26:11Z
48185,4924,instagram,ext_instagram_00003645,Device-support channels are seeing increased activation demand after a handset launch,2026-05-23T08:57:02Z,859,44,0,12846,0.81,,,normal,,2026-05-27T11:26:11Z
48186,4774,youtube,ext_youtube_00003646,Families keep asking for better Wi-Fi performance before evening streaming starts,2026-05-06T12:19:58Z,38627,8821,1310,696653,0.881,,,viral,,2026-05-27T11:26:11Z
48187,4880,tiktok,ext_tiktok_00003647,Coverage update: SIM Replacement Starter Kit capacity at MetroSupply Devices is getting tight after a spike in service orders,2026-05-27T04:55:51Z,668,1,41,16756,0.381,,,normal,,2026-05-27T11:26:11Z
48188,4759,youtube,ext_youtube_00003648,Enterprise care teams are coordinating SLA-impact cases across regional service teams today,2026-05-17T05:50:43Z,826,77,4,16498,-0.249,,,normal,,2026-05-27T11:26:11Z
48189,4554,youtube,ext_youtube_00003649,Outage follow-up: demand for IoT Sensor Gateway Kit is up and OrbitMotion IoT needs more field slots,2026-05-26T16:15:42Z,8683,1974,418,183345,0.258,,,rising,,2026-05-27T11:26:11Z
48190,4593,twitter,ext_twitter_00003650,Subscribers are asking for clearer instructions after fiber installation and faster follow-up windows,2026-05-27T06:30:08Z,510,6,9,8127,0.874,,,normal,,2026-05-27T11:26:11Z
48191,4590,threads,ext_threads_00003651,Families keep asking where to find Roaming Cost Coaching. RoamFlow Mobility is showing up in every upgrade thread,2026-05-27T11:03:37Z,809,28,0,9818,0.882,,,normal,,2026-05-27T11:26:11Z
48192,4763,twitter,ext_twitter_00003652,NOC huddle: prioritize HomeConnect Fixed Wireless Fixed Wireless Home Internet installs before the weekend streaming surge,2026-05-22T07:21:12Z,425,76,24,7172,0.383,,,normal,,2026-05-27T11:26:11Z
48193,4925,tiktok,ext_tiktok_00003653,Billing and usage signals are surfacing new need for Premium International Roaming Pass from SignalBridge Mobile,2026-05-24T01:34:23Z,869,98,21,9179,0.42,,,normal,,2026-05-27T11:26:11Z
48194,4712,tiktok,ext_tiktok_00003654,"If your subscribers need 5G Business Consultation, check PulsePoint 5G availability early; appointment slots are moving fast",2026-05-26T17:07:26Z,97,68,24,8566,0.232,,,normal,,2026-05-27T11:26:11Z
48195,4703,twitter,ext_twitter_00003655,Device-support channels are seeing increased activation demand after a handset launch,2026-05-13T15:27:01Z,136,44,14,1557,0.4,,,normal,,2026-05-27T11:26:11Z
48196,4912,youtube,ext_youtube_00003656,Recommended MetroSupply Devices 5G Mobile Hotspot Kit to an account manager today because churn risk is the issue,2026-05-19T00:36:58Z,850,65,19,7614,0.203,,,normal,,2026-05-27T11:26:11Z
48197,4549,youtube,ext_youtube_00003657,"Thought Student Mobile Plan demand would level off, but WellNest Family Plans is still seeing urgent requests",2026-05-16T23:23:14Z,995,86,2,885,0.782,,,normal,,2026-05-27T11:26:11Z
48198,5029,instagram,ext_instagram_00003658,Morning capacity review featuring Device Upgrade Enrollment. PulsePoint 5G needs pre-positioned technician capacity,2026-05-13T17:08:17Z,362,83,49,5559,0.446,,,normal,,2026-05-27T11:26:11Z
48199,4913,threads,ext_threads_00003659,Roaming bill questions are creating new handoffs to billing and retention teams,2026-05-08T17:03:25Z,9209,1030,710,107370,0.588,,,rising,,2026-05-27T11:26:11Z
48200,4746,instagram,ext_instagram_00003660,Subscribers are asking for clearer instructions after fiber installation and faster follow-up windows,2026-05-27T10:42:15Z,36,18,40,18507,0.075,,,normal,,2026-05-27T11:26:11Z
48201,4570,threads,ext_threads_00003661,Outage follow-up is the top request in our subscriber forum this week,2026-05-17T13:36:18Z,132,73,21,6809,-0.049,,,normal,,2026-05-27T11:26:11Z
48202,4634,youtube,ext_youtube_00003662,Coverage update: Fleet Telematics SIM Pack capacity at OrbitMotion IoT is getting tight after a spike in service orders,2026-05-11T22:48:00Z,675,75,39,8626,0.46,,,normal,,2026-05-27T11:26:11Z
48203,4607,tiktok,ext_tiktok_00003663,Network monitoring alerts are helping the team catch congestion before call volume spikes,2026-05-17T13:14:24Z,4324,1471,399,181810,-0.116,,,rising,,2026-05-27T11:26:11Z
48204,4720,threads,ext_threads_00003664,Outage follow-up: demand for LTE Backup Gateway is up and HomeConnect Fixed Wireless needs more field slots,2026-05-25T23:45:03Z,921,88,30,11861,0.669,,,normal,,2026-05-27T11:26:11Z
48205,5046,youtube,ext_youtube_00003665,"Two-week review of SignalBridge Mobile Number Port-In Activation: strong subscriber response, but capacity planning matters",2026-04-30T13:53:49Z,3313,1968,955,159699,0.594,,,rising,,2026-05-27T11:26:11Z
48206,4856,twitter,ext_twitter_00003666,Families keep asking where to find LTE Backup Gateway. HomeConnect Fixed Wireless is showing up in every upgrade thread,2026-04-29T11:21:01Z,592,41,6,2162,0.279,,,normal,,2026-05-27T11:26:11Z
48207,4617,tiktok,ext_tiktok_00003667,NOC huddle: prioritize WellNest Family Plans Network Congestion Plan Review installs before the weekend streaming surge,2026-05-17T02:15:31Z,879,15,36,1654,0.291,,,normal,,2026-05-27T11:26:11Z
48208,4823,threads,ext_threads_00003668,Enterprise care teams are coordinating SLA-impact cases across regional service teams today,2026-05-23T20:15:16Z,195,10,12,14963,0.128,,,normal,,2026-05-27T11:26:11Z
48209,4926,twitter,ext_twitter_00003669,Roaming bill questions are creating new handoffs to billing and retention teams,2026-05-19T14:17:55Z,62,48,42,12878,-0.003,,,normal,,2026-05-27T11:26:11Z
48210,5025,tiktok,ext_tiktok_00003670,Day 30 with the Fraud Resolution Case workflow and the field team says ClearMind Customer Care reduced manual follow-up,2026-05-23T01:54:07Z,42,90,36,15533,0.639,,,normal,,2026-05-27T11:26:11Z
48211,4684,youtube,ext_youtube_00003671,Outage follow-up is the top request in our subscriber forum this week,2026-05-22T21:28:24Z,577,82,27,17429,0.252,,,normal,,2026-05-27T11:26:11Z
48212,4834,instagram,ext_instagram_00003672,"Thought Network Congestion Plan Review demand would level off, but WellNest Family Plans is still seeing urgent requests",2026-05-24T05:42:33Z,412,65,7,10279,0.431,,,normal,,2026-05-27T11:26:11Z
48213,4926,twitter,ext_twitter_00003673,Morning capacity review featuring Enterprise Account Navigation. EnterpriseEdge Services needs pre-positioned technician capacity,2026-04-28T12:29:53Z,236,1,49,15352,0.521,,,normal,,2026-05-27T11:26:11Z
48214,4591,instagram,ext_instagram_00003674,Added Smart Home Connectivity Assessment to the high-priority service assurance path. Thank you HomeConnect Fixed Wireless for closing the gap,2026-05-13T14:36:50Z,657,88,36,15763,0.84,,,normal,,2026-05-27T11:26:11Z
48215,4864,instagram,ext_instagram_00003675,Subscribers are asking about Fiber Appointment Scheduling through RoamFlow Mobility; upgrade and activation demand is rising,2026-05-16T11:19:21Z,932,3,13,2459,0.737,,,normal,,2026-05-27T11:26:11Z
48216,4733,twitter,ext_twitter_00003676,Families keep asking for better Wi-Fi performance before evening streaming starts,2026-04-30T17:55:45Z,612,76,23,7469,0.291,,,normal,,2026-05-27T11:26:11Z
48217,4714,youtube,ext_youtube_00003677,Coverage update: Connected Device Monitoring Onboarding capacity at MetroSupply Devices is getting tight after a spike in service orders,2026-05-27T10:46:51Z,22678,13167,3534,599405,0.715,,,viral,,2026-05-27T11:26:11Z
48218,4566,instagram,ext_instagram_00003678,Enterprise care teams are coordinating SLA-impact cases across regional service teams today,2026-05-08T10:37:54Z,34674,10376,2690,969485,0.255,,,viral,,2026-05-27T11:26:11Z
48219,4632,tiktok,ext_tiktok_00003679,Outage follow-up: demand for Connected Device Monitoring Onboarding is up and MetroSupply Devices needs more field slots,2026-05-26T07:58:48Z,976,76,34,5094,0.304,,,normal,,2026-05-27T11:26:11Z
48220,4626,instagram,ext_instagram_00003680,"Two-week review of EnterpriseEdge Services Edge Compute Reservation: strong subscriber response, but capacity planning matters",2026-05-08T14:30:20Z,115,54,27,15035,0.212,,,normal,,2026-05-27T11:26:11Z
48221,4761,instagram,ext_instagram_00003681,Families keep asking where to find Outage Follow-Up Call. ClearMind Customer Care is showing up in every upgrade thread,2026-05-27T05:50:23Z,614,1,23,3371,0.265,,,normal,,2026-05-27T11:26:11Z
48222,4701,instagram,ext_instagram_00003682,NOC huddle: prioritize SignalBridge Mobile 5G Unlimited Mobile Plan installs before the weekend streaming surge,2026-05-04T03:53:31Z,358,68,46,2105,0.564,,,normal,,2026-05-27T11:26:11Z
48223,4989,instagram,ext_instagram_00003683,Billing and usage signals are surfacing new need for Gigabit Fiber Install from FiberPath Broadband,2026-05-25T15:49:57Z,6318,1164,695,46450,0.342,,,rising,,2026-05-27T11:26:11Z
48224,4582,tiktok,ext_tiktok_00003684,Coverage gaps are delaying service assurance for several subscriber groups,2026-05-09T20:17:15Z,16919,3173,2827,435675,0.645,,,viral,,2026-05-27T11:26:11Z
48225,5045,twitter,ext_twitter_00003685,Day 30 with the 5G Mobile Hotspot Kit workflow and the field team says MetroSupply Devices reduced manual follow-up,2026-05-25T20:20:16Z,770,47,49,13079,0.501,,,normal,,2026-05-27T11:26:11Z
48226,4585,threads,ext_threads_00003686,Recommended MetroSupply Devices 5G Mobile Hotspot Kit to an account manager today because churn risk is the issue,2026-05-24T18:43:47Z,1550,922,789,21384,0.253,,,rising,,2026-05-27T11:26:11Z
48227,5020,tiktok,ext_tiktok_00003687,"Thought 5G Business Consultation demand would level off, but PulsePoint 5G is still seeing urgent requests",2026-05-12T05:30:42Z,8415,603,951,35000,0.444,,,rising,,2026-05-27T11:26:11Z
48228,4962,youtube,ext_youtube_00003688,Morning capacity review featuring IoT Sensor Gateway Kit. OrbitMotion IoT needs pre-positioned technician capacity,2026-05-26T12:36:58Z,22427,12807,5903,947322,0.862,,,viral,,2026-05-27T11:26:11Z
48229,4934,instagram,ext_instagram_00003689,Added Home Wi-Fi Mesh Kit to the high-priority service assurance path. Thank you PulsePoint 5G for closing the gap,2026-05-12T17:57:40Z,425,90,37,8410,0.258,,,normal,,2026-05-27T11:26:11Z
48230,4951,twitter,ext_twitter_00003690,Subscribers are asking about New Line Activation through WaveFirst Mobile; upgrade and activation demand is rising,2026-05-14T10:45:19Z,42856,7495,3587,213228,0.919,,,viral,,2026-05-27T11:26:11Z
48231,4868,threads,ext_threads_00003691,Network operations is flagging Churn Risk Save Offer from WaveFirst Mobile as a capacity bottleneck this week,2026-05-27T09:37:41Z,4374,957,975,68555,0.942,,,rising,,2026-05-27T11:26:11Z
48232,4701,instagram,ext_instagram_00003692,Coverage update: Fraud Resolution Case capacity at ClearMind Customer Care is getting tight after a spike in service orders,2026-05-08T21:14:16Z,6488,283,855,117505,0.345,,,rising,,2026-05-27T11:26:11Z
48233,4593,twitter,ext_twitter_00003693,Network monitoring alerts are helping the team catch congestion before call volume spikes,2026-05-27T06:14:37Z,32,81,7,9640,0.637,,,normal,,2026-05-27T11:26:11Z
48234,4956,twitter,ext_twitter_00003694,Outage follow-up: demand for Family Data Share Plan is up and WellNest Family Plans needs more field slots,2026-05-27T05:10:19Z,352,85,7,17088,0.546,,,normal,,2026-05-27T11:26:11Z
48235,4748,twitter,ext_twitter_00003695,"Two-week review of WellNest Family Plans Network Congestion Plan Review: strong subscriber response, but capacity planning matters",2026-05-05T11:51:45Z,8123,740,474,156149,0.744,,,rising,,2026-05-27T11:26:11Z
48236,4650,threads,ext_threads_00003696,Families keep asking where to find Student Mobile Plan. WellNest Family Plans is showing up in every upgrade thread,2026-05-20T10:56:32Z,8844,1891,512,90692,0.333,,,rising,,2026-05-27T11:26:11Z
48237,4868,threads,ext_threads_00003697,NOC huddle: prioritize EnterpriseEdge Services Enterprise Account Navigation installs before the weekend streaming surge,2026-05-25T01:51:11Z,18682,8581,1121,771637,0.44,,,viral,,2026-05-27T11:26:11Z
48238,4734,youtube,ext_youtube_00003698,Billing and usage signals are surfacing new need for Enterprise Account Navigation from EnterpriseEdge Services,2026-05-07T11:04:51Z,108,52,41,2082,0.87,,,normal,,2026-05-27T11:26:11Z
48239,4919,instagram,ext_instagram_00003699,"If your subscribers need Fiber Repair Appointment, check FiberPath Broadband availability early; appointment slots are moving fast",2026-05-27T06:25:34Z,3495,1545,686,163155,0.664,,,rising,,2026-05-27T11:26:11Z
48240,4842,youtube,ext_youtube_00003700,Subscribers are asking for clearer instructions after fiber installation and faster follow-up windows,2026-05-10T20:03:28Z,68,7,17,9704,0.886,,,normal,,2026-05-27T11:26:11Z
48241,4725,threads,ext_threads_00003701,Recommended FiberPath Broadband Small Business Fiber SLA to an account manager today because churn risk is the issue,2026-05-25T09:30:20Z,191,62,16,17463,0.598,,,normal,,2026-05-27T11:26:11Z
48242,4754,youtube,ext_youtube_00003702,Small businesses need earlier visibility into field technician appointment availability,2026-05-25T08:29:28Z,621,47,11,5623,0.592,,,normal,,2026-05-27T11:26:11Z
48243,5058,instagram,ext_instagram_00003703,Network monitoring alerts are helping the team catch congestion before call volume spikes,2026-05-07T22:54:39Z,973,14,46,5043,0.714,,,normal,,2026-05-27T11:26:11Z
48244,5054,tiktok,ext_tiktok_00003704,Added Fixed Wireless Home Internet to the high-priority service assurance path. Thank you HomeConnect Fixed Wireless for closing the gap,2026-05-07T07:06:13Z,723,78,33,17329,0.288,,,normal,,2026-05-27T11:26:11Z
48245,4985,tiktok,ext_tiktok_00003705,Device-support channels are seeing increased activation demand after a handset launch,2026-05-22T11:03:08Z,930,53,43,14019,0.725,,,normal,,2026-05-27T11:26:11Z
48246,4966,twitter,ext_twitter_00003706,Families keep asking for better Wi-Fi performance before evening streaming starts,2026-05-20T14:54:38Z,724,60,43,16867,0.378,,,normal,,2026-05-27T11:26:11Z
48247,4896,twitter,ext_twitter_00003707,Coverage update: LTE Backup Gateway capacity at HomeConnect Fixed Wireless is getting tight after a spike in service orders,2026-05-27T02:49:22Z,813,1,21,405,0.624,,,normal,,2026-05-27T11:26:11Z
48248,4977,youtube,ext_youtube_00003708,Subscriber experience note - SignalBridge Mobile Number Port-In Activation is the service everyone is trying to schedule right now,2026-05-03T01:56:59Z,5715,1114,536,33558,0.813,,,rising,,2026-05-27T11:26:11Z
48249,4617,tiktok,ext_tiktok_00003709,Outage follow-up: demand for Customer Retention Intake is up and ClearMind Customer Care needs more field slots,2026-05-18T07:10:22Z,423,11,23,17505,0.352,,,normal,,2026-05-27T11:26:11Z
48250,5051,youtube,ext_youtube_00003710,"Two-week review of WellNest Family Plans Student Mobile Plan: strong subscriber response, but capacity planning matters",2026-05-27T01:13:04Z,2033,1781,740,176623,0.461,,,rising,,2026-05-27T11:26:11Z
48251,4660,threads,ext_threads_00003711,Families keep asking where to find Smart Home Connectivity Assessment. HomeConnect Fixed Wireless is showing up in every upgrade thread,2026-05-26T09:48:08Z,2926,891,814,178576,0.551,,,rising,,2026-05-27T11:26:11Z
48252,4559,youtube,ext_youtube_00003712,Small businesses need earlier visibility into field technician appointment availability,2026-05-06T19:02:08Z,728,44,12,15024,0.127,,,normal,,2026-05-27T11:26:11Z
48253,4903,threads,ext_threads_00003713,Billing and usage signals are surfacing new need for Student Mobile Plan from WellNest Family Plans,2026-05-11T16:29:40Z,409,85,37,6868,0.541,,,normal,,2026-05-27T11:26:11Z
48254,4816,twitter,ext_twitter_00003714,"If your subscribers need IoT Sensor Gateway Kit, check OrbitMotion IoT availability early; appointment slots are moving fast",2026-05-10T12:22:58Z,884,57,41,4182,0.669,,,normal,,2026-05-27T11:26:11Z
48255,4803,threads,ext_threads_00003715,Day 30 with the LTE Backup Gateway workflow and the field team says HomeConnect Fixed Wireless reduced manual follow-up,2026-05-05T15:35:45Z,1662,314,810,22164,0.422,,,rising,,2026-05-27T11:26:11Z
48256,4749,youtube,ext_youtube_00003716,Recommended FiberPath Broadband Small Business Fiber SLA to an account manager today because churn risk is the issue,2026-05-26T09:20:18Z,962,95,4,713,0.796,,,normal,,2026-05-27T11:26:11Z
48257,4930,tiktok,ext_tiktok_00003717,"Thought Churn Risk Save Offer demand would level off, but WaveFirst Mobile is still seeing urgent requests",2026-05-22T22:42:42Z,4202,588,890,124912,0.88,,,rising,,2026-05-27T11:26:11Z
48258,4731,instagram,ext_instagram_00003718,Enterprise care teams are coordinating SLA-impact cases across regional service teams today,2026-05-11T05:21:50Z,855,0,31,13854,-0.062,,,normal,,2026-05-27T11:26:11Z
48259,4657,tiktok,ext_tiktok_00003719,Added Connected Device Monitoring Onboarding to the high-priority service assurance path. Thank you MetroSupply Devices for closing the gap,2026-05-26T13:01:15Z,5341,1940,338,75071,0.32,,,rising,,2026-05-27T11:26:11Z
48260,4550,threads,ext_threads_00003720,Subscribers are asking about Connected Device Monitoring Onboarding through MetroSupply Devices; upgrade and activation demand is rising,2026-05-11T07:01:17Z,5290,1386,877,178205,0.631,,,rising,,2026-05-27T11:26:11Z
48261,4923,threads,ext_threads_00003721,Network operations is flagging New Line Activation from WaveFirst Mobile as a capacity bottleneck this week,2026-05-20T04:28:09Z,747,20,34,15332,0.407,,,normal,,2026-05-27T11:26:11Z
48262,4776,instagram,ext_instagram_00003722,Coverage update: Roaming Cost Coaching capacity at RoamFlow Mobility is getting tight after a spike in service orders,2026-05-25T04:20:17Z,9198,1762,652,127595,0.944,,,rising,,2026-05-27T11:26:11Z
48263,5051,youtube,ext_youtube_00003723,Subscriber experience note - SignalBridge Mobile 5G Unlimited Mobile Plan is the service everyone is trying to schedule right now,2026-05-24T21:09:24Z,517,67,32,10202,0.269,,,normal,,2026-05-27T11:26:11Z
48264,4931,twitter,ext_twitter_00003724,Outage follow-up: demand for LTE Backup Gateway is up and HomeConnect Fixed Wireless needs more field slots,2026-05-22T17:45:01Z,79,45,6,5724,0.532,,,normal,,2026-05-27T11:26:11Z
48265,4947,youtube,ext_youtube_00003725,"Two-week review of FiberPath Broadband Gigabit Fiber Install: strong subscriber response, but capacity planning matters",2026-05-24T12:03:45Z,4418,915,433,151216,0.506,,,rising,,2026-05-27T11:26:11Z
48266,4545,threads,ext_threads_00003726,Families keep asking where to find Gigabit Fiber Install. FiberPath Broadband is showing up in every upgrade thread,2026-05-26T17:22:56Z,1345,1636,779,195042,0.767,,,rising,,2026-05-27T11:26:11Z
48267,4744,youtube,ext_youtube_00003727,NOC huddle: prioritize WaveFirst Mobile New Line Activation installs before the weekend streaming surge,2026-05-26T02:52:42Z,340,9,49,6571,0.828,,,normal,,2026-05-27T11:26:11Z
48268,4892,youtube,ext_youtube_00003728,Billing and usage signals are surfacing new need for Family Connectivity Support Session from SilverLine Connected Life,2026-05-14T12:03:18Z,5569,1908,373,127491,0.206,,,rising,,2026-05-27T11:26:11Z
48269,4603,twitter,ext_twitter_00003729,"If your subscribers need Small Business Fiber SLA, check FiberPath Broadband availability early; appointment slots are moving fast",2026-05-23T22:37:31Z,747,34,10,1974,0.322,,,normal,,2026-05-27T11:26:11Z
48270,4971,twitter,ext_twitter_00003730,Subscribers are asking for clearer instructions after fiber installation and faster follow-up windows,2026-05-27T10:17:45Z,610,80,26,3822,-0.28,,,normal,,2026-05-27T11:26:11Z
48271,5003,threads,ext_threads_00003731,Recommended RoamFlow Mobility Roaming Cost Coaching to an account manager today because churn risk is the issue,2026-04-28T00:11:01Z,9328,421,855,86764,0.79,,,rising,,2026-05-27T11:26:11Z
48272,4930,tiktok,ext_tiktok_00003732,Small businesses need earlier visibility into field technician appointment availability,2026-05-01T12:11:57Z,1916,534,282,137123,-0.146,,,rising,,2026-05-27T11:26:11Z
48273,5044,tiktok,ext_tiktok_00003733,Network monitoring alerts are helping the team catch congestion before call volume spikes,2026-05-03T02:51:41Z,527,51,3,16883,-0.189,,,normal,,2026-05-27T11:26:11Z
48274,4999,instagram,ext_instagram_00003734,Added Student Mobile Plan to the high-priority service assurance path. Thank you WellNest Family Plans for closing the gap,2026-05-26T20:59:15Z,597,28,33,8243,0.824,,,normal,,2026-05-27T11:26:11Z
48275,4878,threads,ext_threads_00003735,Device-support channels are seeing increased activation demand after a handset launch,2026-05-20T07:43:49Z,926,94,10,17021,0.329,,,normal,,2026-05-27T11:26:11Z
48276,4972,youtube,ext_youtube_00003736,Families keep asking for better Wi-Fi performance before evening streaming starts,2026-05-25T14:05:13Z,870,28,41,3608,0.633,,,normal,,2026-05-27T11:26:11Z
48277,4719,youtube,ext_youtube_00003737,Coverage update: New Line Activation capacity at WaveFirst Mobile is getting tight after a spike in service orders,2026-05-01T05:16:27Z,2671,1727,765,124729,0.255,,,rising,,2026-05-27T11:26:11Z
48278,4778,twitter,ext_twitter_00003738,Subscriber experience note - HomeConnect Fixed Wireless Fixed Wireless Home Internet is the service everyone is trying to schedule right now,2026-04-28T20:23:40Z,7922,878,742,20797,0.451,,,rising,,2026-05-27T11:26:11Z
48279,4617,tiktok,ext_tiktok_00003739,Outage follow-up: demand for SIM Replacement Starter Kit is up and MetroSupply Devices needs more field slots,2026-05-25T11:52:44Z,258,78,18,1527,0.673,,,normal,,2026-05-27T11:26:11Z
48280,4681,instagram,ext_instagram_00003740,Subscribers are asking for clearer instructions after fiber installation and faster follow-up windows,2026-05-27T06:26:12Z,266,84,44,1851,-0.029,,,normal,,2026-05-27T11:26:11Z
48281,4652,tiktok,ext_tiktok_00003741,Families keep asking where to find Fleet Telematics SIM Pack. OrbitMotion IoT is showing up in every upgrade thread,2026-05-05T18:46:48Z,8746,1338,386,22107,0.491,,,rising,,2026-05-27T11:26:11Z
48282,5005,tiktok,ext_tiktok_00003742,NOC huddle: prioritize WellNest Family Plans Student Mobile Plan installs before the weekend streaming surge,2026-05-24T22:26:07Z,22,72,3,2355,0.383,,,normal,,2026-05-27T11:26:11Z
48283,4942,youtube,ext_youtube_00003743,Billing and usage signals are surfacing new need for Number Port-In Activation from SignalBridge Mobile,2026-05-22T04:46:10Z,3436,1020,780,58481,0.327,,,rising,,2026-05-27T11:26:11Z
48284,5004,instagram,ext_instagram_00003744,Coverage gaps are delaying service assurance for several subscriber groups,2026-04-30T09:29:40Z,250,90,21,16638,0.069,,,normal,,2026-05-27T11:26:11Z
48285,4556,instagram,ext_instagram_00003745,Device-support channels are seeing increased activation demand after a handset launch,2026-05-17T20:57:05Z,886,8,17,7464,0.858,,,normal,,2026-05-27T11:26:11Z
48286,4661,instagram,ext_instagram_00003746,Families keep asking for better Wi-Fi performance before evening streaming starts,2026-05-22T18:49:52Z,611,12,24,7693,0.436,,,normal,,2026-05-27T11:26:11Z
48287,4675,threads,ext_threads_00003747,"Thought Field Technician Evaluation demand would level off, but OrbitMotion IoT is still seeing urgent requests",2026-05-22T22:49:25Z,18,61,4,9143,0.936,,,normal,,2026-05-27T11:26:11Z
48288,4861,twitter,ext_twitter_00003748,Morning capacity review featuring Premium International Roaming Pass. SignalBridge Mobile needs pre-positioned technician capacity,2026-05-22T19:42:42Z,735,61,33,2650,0.815,,,normal,,2026-05-27T11:26:11Z
48289,4873,threads,ext_threads_00003749,Added Outage Follow-Up Call to the high-priority service assurance path. Thank you ClearMind Customer Care for closing the gap,2026-05-19T17:59:35Z,29631,3516,2132,942868,0.802,,,viral,,2026-05-27T11:26:11Z
48290,4900,tiktok,ext_tiktok_00003750,Subscribers are asking about Network Congestion Plan Review through WellNest Family Plans; upgrade and activation demand is rising,2026-05-13T14:46:59Z,910,37,26,12970,0.808,,,normal,,2026-05-27T11:26:11Z
48291,4650,threads,ext_threads_00003751,Outage follow-up is the top request in our subscriber forum this week,2026-05-24T16:42:21Z,125,28,5,5419,0.775,,,normal,,2026-05-27T11:26:11Z
48292,4893,threads,ext_threads_00003752,Coverage update: Premium International Roaming Pass capacity at SignalBridge Mobile is getting tight after a spike in service orders,2026-05-24T10:23:57Z,9995,1540,667,193030,0.378,,,rising,,2026-05-27T11:26:11Z
48293,4632,tiktok,ext_tiktok_00003753,Network monitoring alerts are helping the team catch congestion before call volume spikes,2026-05-14T09:37:36Z,5220,350,770,106807,0.446,,,rising,,2026-05-27T11:26:11Z
48294,4764,youtube,ext_youtube_00003754,Outage follow-up: demand for Outage Follow-Up Call is up and ClearMind Customer Care needs more field slots,2026-05-18T17:08:27Z,699,53,24,11673,0.254,,,normal,,2026-05-27T11:26:11Z
48295,4689,youtube,ext_youtube_00003755,"Two-week review of MetroSupply Devices 5G Mobile Hotspot Kit: strong subscriber response, but capacity planning matters",2026-05-08T13:07:32Z,438,84,17,8505,0.343,,,normal,,2026-05-27T11:26:11Z
48296,5060,twitter,ext_twitter_00003756,Families keep asking where to find Fleet Telematics SIM Pack. OrbitMotion IoT is showing up in every upgrade thread,2026-05-27T07:58:10Z,158,8,44,6730,0.728,,,normal,,2026-05-27T11:26:11Z
48297,4558,twitter,ext_twitter_00003757,Connected life teams need better outreach after recent storm-related service events,2026-04-30T19:21:51Z,82,23,35,274,-0.192,,,normal,,2026-05-27T11:26:11Z
48298,4908,threads,ext_threads_00003758,Enterprise care teams are coordinating SLA-impact cases across regional service teams today,2026-05-13T04:46:39Z,1152,232,611,60357,0.022,,,rising,,2026-05-27T11:26:11Z
48299,4917,youtube,ext_youtube_00003759,"If your subscribers need Smart Home Connectivity Assessment, check HomeConnect Fixed Wireless availability early; appointment slots are moving fast",2026-05-14T10:08:49Z,662,93,46,5818,0.413,,,normal,,2026-05-27T11:26:11Z
48300,4627,tiktok,ext_tiktok_00003760,Day 30 with the Outage Follow-Up Call workflow and the field team says ClearMind Customer Care reduced manual follow-up,2026-05-27T08:10:29Z,745,75,37,15956,0.575,,,normal,,2026-05-27T11:26:11Z
48301,5003,threads,ext_threads_00003761,Recommended FiberPath Broadband Fiber Repair Appointment to an account manager today because churn risk is the issue,2026-05-27T06:28:36Z,707,9,7,13835,0.839,,,normal,,2026-05-27T11:26:11Z
48302,5060,twitter,ext_twitter_00003762,"Thought SIM Replacement Starter Kit demand would level off, but MetroSupply Devices is still seeing urgent requests",2026-05-25T21:56:10Z,2137,1223,759,170751,0.408,,,rising,,2026-05-27T11:26:11Z
48303,4863,threads,ext_threads_00003763,Network monitoring alerts are helping the team catch congestion before call volume spikes,2026-05-01T12:47:28Z,294,3,4,4699,0.282,,,normal,,2026-05-27T11:26:11Z
48304,4962,youtube,ext_youtube_00003764,Added Fraud Resolution Case to the high-priority service assurance path. Thank you ClearMind Customer Care for closing the gap,2026-05-24T14:52:42Z,945,6,12,12269,0.238,,,normal,,2026-05-27T11:26:11Z
48305,4821,twitter,ext_twitter_00003765,Subscribers are asking about Fiber Repair Appointment through FiberPath Broadband; upgrade and activation demand is rising,2026-05-18T23:38:50Z,954,82,39,19687,0.411,,,normal,,2026-05-27T11:26:11Z
48306,4910,tiktok,ext_tiktok_00003766,Network operations is flagging Family Data Share Plan from WellNest Family Plans as a capacity bottleneck this week,2026-05-06T14:23:23Z,93180,82644,17164,5682951,0.277,,,mega_viral,,2026-05-27T11:26:11Z
48307,4860,tiktok,ext_tiktok_00003767,Coverage update: Student Mobile Plan capacity at WellNest Family Plans is getting tight after a spike in service orders,2026-05-22T23:17:54Z,525,16,9,13923,0.29,,,normal,,2026-05-27T11:26:11Z
48308,4932,youtube,ext_youtube_00003768,Subscriber experience note - FiberPath Broadband Small Business Fiber SLA is the service everyone is trying to schedule right now,2026-05-14T05:15:30Z,617,47,21,15369,0.41,,,normal,,2026-05-27T11:26:11Z
48309,4878,threads,ext_threads_00003769,Roaming bill questions are creating new handoffs to billing and retention teams,2026-05-02T18:15:45Z,578,10,7,13321,-0.196,,,normal,,2026-05-27T11:26:11Z
48310,4819,instagram,ext_instagram_00003770,"Two-week review of OrbitMotion IoT IoT Sensor Gateway Kit: strong subscriber response, but capacity planning matters",2026-05-15T18:12:18Z,44534,10407,2099,526986,0.7,,,viral,,2026-05-27T11:26:11Z
48311,4627,tiktok,ext_tiktok_00003771,Families keep asking where to find Fiber Appointment Scheduling. RoamFlow Mobility is showing up in every upgrade thread,2026-05-20T04:28:09Z,168,27,0,8643,0.217,,,normal,,2026-05-27T11:26:11Z
48312,4602,tiktok,ext_tiktok_00003772,NOC huddle: prioritize SilverLine Connected Life Family Connectivity Support Session installs before the weekend streaming surge,2026-05-20T00:35:21Z,450,24,25,8324,0.867,,,normal,,2026-05-27T11:26:11Z
48313,4647,tiktok,ext_tiktok_00003773,Billing and usage signals are surfacing new need for Number Port-In Activation from SignalBridge Mobile,2026-05-20T17:13:21Z,465,88,43,15374,0.847,,,normal,,2026-05-27T11:26:11Z
48314,4846,twitter,ext_twitter_00003774,"If your subscribers need Fraud Resolution Case, check ClearMind Customer Care availability early; appointment slots are moving fast",2026-05-24T12:39:39Z,578,95,17,7853,0.32,,,normal,,2026-05-27T11:26:11Z
48315,4744,youtube,ext_youtube_00003775,Day 30 with the Home Wi-Fi Mesh Kit workflow and the field team says PulsePoint 5G reduced manual follow-up,2026-05-26T21:02:31Z,97,50,43,15906,0.536,,,normal,,2026-05-27T11:26:11Z
48316,4827,youtube,ext_youtube_00003776,Families keep asking for better Wi-Fi performance before evening streaming starts,2026-04-29T21:03:54Z,963,72,27,556,0.714,,,normal,,2026-05-27T11:26:11Z
48317,4544,youtube,ext_youtube_00003777,"Thought Roaming Cost Coaching demand would level off, but RoamFlow Mobility is still seeing urgent requests",2026-05-25T13:08:56Z,380,65,34,16737,0.914,,,normal,,2026-05-27T11:26:11Z
48318,4963,threads,ext_threads_00003778,Morning capacity review featuring Fleet Telematics SIM Pack. OrbitMotion IoT needs pre-positioned technician capacity,2026-05-25T21:37:57Z,660,7,47,18476,0.526,,,normal,,2026-05-27T11:26:11Z
48319,4801,twitter,ext_twitter_00003779,Added Enterprise Account Navigation to the high-priority service assurance path. Thank you EnterpriseEdge Services for closing the gap,2026-05-27T02:59:42Z,131,34,29,6127,0.317,,,normal,,2026-05-27T11:26:11Z
48320,5004,instagram,ext_instagram_00003780,Subscribers are asking about Roaming Cost Coaching through RoamFlow Mobility; upgrade and activation demand is rising,2026-05-09T09:11:46Z,3854,540,561,97871,0.728,,,rising,,2026-05-27T11:26:11Z
48321,4924,instagram,ext_instagram_00003781,Outage follow-up is the top request in our subscriber forum this week,2026-05-08T11:28:51Z,308,16,31,18506,-0.237,,,normal,,2026-05-27T11:26:11Z
48322,4597,tiktok,ext_tiktok_00003782,Coverage update: Roaming Cost Coaching capacity at RoamFlow Mobility is getting tight after a spike in service orders,2026-05-20T20:20:27Z,435346,64934,18343,3081813,0.222,,,mega_viral,,2026-05-27T11:26:11Z
48323,4592,tiktok,ext_tiktok_00003783,Network monitoring alerts are helping the team catch congestion before call volume spikes,2026-05-17T06:49:49Z,426,85,1,19643,0.743,,,normal,,2026-05-27T11:26:11Z
48324,4571,instagram,ext_instagram_00003784,Outage follow-up: demand for Field Technician Evaluation is up and OrbitMotion IoT needs more field slots,2026-05-27T07:43:58Z,969,60,35,12725,0.582,,,normal,,2026-05-27T11:26:11Z
48325,4999,instagram,ext_instagram_00003785,Device-support channels are seeing increased activation demand after a handset launch,2026-05-27T07:29:12Z,803,23,23,616,0.073,,,normal,,2026-05-27T11:26:11Z
48326,4604,youtube,ext_youtube_00003786,Families keep asking where to find Customer Retention Intake. ClearMind Customer Care is showing up in every upgrade thread,2026-05-27T00:12:58Z,750,60,12,15318,0.31,,,normal,,2026-05-27T11:26:11Z
48327,4616,instagram,ext_instagram_00003787,NOC huddle: prioritize EnterpriseEdge Services Enterprise Account Navigation installs before the weekend streaming surge,2026-05-27T11:13:50Z,17023,3084,2515,513071,0.55,,,viral,,2026-05-27T11:26:11Z
48328,4914,instagram,ext_instagram_00003788,Enterprise care teams are coordinating SLA-impact cases across regional service teams today,2026-05-06T15:10:23Z,1135,1308,279,151792,0.599,,,rising,,2026-05-27T11:26:11Z
48329,4896,twitter,ext_twitter_00003789,"If your subscribers need Family Data Share Plan, check WellNest Family Plans availability early; appointment slots are moving fast",2026-04-30T04:24:15Z,972,3,19,15746,0.526,,,normal,,2026-05-27T11:26:11Z
48330,4795,tiktok,ext_tiktok_00003790,Day 30 with the Fiber Appointment Scheduling workflow and the field team says RoamFlow Mobility reduced manual follow-up,2026-05-23T15:14:02Z,684,20,8,13843,0.807,,,normal,,2026-05-27T11:26:11Z
48331,5005,tiktok,ext_tiktok_00003791,Recommended FiberPath Broadband Gigabit Fiber Install to an account manager today because churn risk is the issue,2026-05-05T12:16:59Z,775,47,5,3418,0.668,,,normal,,2026-05-27T11:26:11Z
48332,4795,tiktok,ext_tiktok_00003792,Small businesses need earlier visibility into field technician appointment availability,2026-05-10T13:02:02Z,48343,3509,1141,598314,0.149,,,viral,,2026-05-27T11:26:11Z
48333,4575,threads,ext_threads_00003793,Morning capacity review featuring Premium International Roaming Pass. SignalBridge Mobile needs pre-positioned technician capacity,2026-05-19T22:44:47Z,6113,503,460,134038,0.522,,,rising,,2026-05-27T11:26:11Z
48334,4791,twitter,ext_twitter_00003794,Added Small Business Fiber SLA to the high-priority service assurance path. Thank you FiberPath Broadband for closing the gap,2026-04-30T22:29:54Z,651,15,29,2295,0.267,,,normal,,2026-05-27T11:26:11Z
48335,4726,instagram,ext_instagram_00003795,Subscribers are asking about Customer Retention Intake through ClearMind Customer Care; upgrade and activation demand is rising,2026-05-17T04:36:30Z,309,71,13,2332,0.638,,,normal,,2026-05-27T11:26:11Z
48336,4842,youtube,ext_youtube_00003796,Network operations is flagging Connected Device Monitoring Onboarding from MetroSupply Devices as a capacity bottleneck this week,2026-05-19T21:07:09Z,16646,12001,6884,946429,0.783,,,viral,,2026-05-27T11:26:11Z
48337,4872,youtube,ext_youtube_00003797,Coverage update: Churn Risk Save Offer capacity at WaveFirst Mobile is getting tight after a spike in service orders,2026-05-11T19:17:48Z,33606,2550,4856,531110,0.827,,,viral,,2026-05-27T11:26:11Z
48338,5047,threads,ext_threads_00003798,Enterprise care teams are coordinating SLA-impact cases across regional service teams today,2026-05-01T22:18:29Z,843,15,41,8789,0.443,,,normal,,2026-05-27T11:26:11Z
48339,4612,tiktok,ext_tiktok_00003799,Roaming bill questions are creating new handoffs to billing and retention teams,2026-05-06T09:52:13Z,6199,922,489,119766,-0.139,,,rising,,2026-05-27T11:26:11Z
48340,4762,tiktok,ext_tiktok_00003800,Subscribers are asking for clearer instructions after fiber installation and faster follow-up windows,2026-05-09T22:37:03Z,813,76,40,2608,0.616,,,normal,,2026-05-27T11:26:11Z
48341,4965,tiktok,ext_tiktok_00003801,Outage follow-up is the top request in our subscriber forum this week,2026-05-27T11:02:32Z,296,58,32,17888,0.233,,,normal,,2026-05-27T11:26:11Z
48342,4769,youtube,ext_youtube_00003802,NOC huddle: prioritize MetroSupply Devices SIM Replacement Starter Kit installs before the weekend streaming surge,2026-05-26T05:27:40Z,33,65,5,10420,0.621,,,normal,,2026-05-27T11:26:11Z
48343,4544,youtube,ext_youtube_00003803,Billing and usage signals are surfacing new need for Fiber Repair Appointment from FiberPath Broadband,2026-05-08T10:22:48Z,801,59,1,13726,0.402,,,normal,,2026-05-27T11:26:11Z
48344,4889,instagram,ext_instagram_00003804,Coverage gaps are delaying service assurance for several subscriber groups,2026-05-21T17:29:17Z,757,25,18,12285,0.492,,,normal,,2026-05-27T11:26:11Z
48345,5055,twitter,ext_twitter_00003805,Day 30 with the Number Port-In Activation workflow and the field team says SignalBridge Mobile reduced manual follow-up,2026-05-01T17:24:56Z,974,39,44,5174,0.587,,,normal,,2026-05-27T11:26:11Z
48346,4948,threads,ext_threads_00003806,Families keep asking for better Wi-Fi performance before evening streaming starts,2026-05-06T05:14:08Z,976,2,39,10238,0.038,,,normal,,2026-05-27T11:26:11Z
48347,4954,instagram,ext_instagram_00003807,"Thought Fiber Repair Appointment demand would level off, but FiberPath Broadband is still seeing urgent requests",2026-05-27T09:00:39Z,944,98,11,2705,0.63,,,normal,,2026-05-27T11:26:11Z
48348,4674,youtube,ext_youtube_00003808,Morning capacity review featuring Student Mobile Plan. WellNest Family Plans needs pre-positioned technician capacity,2026-05-27T09:59:54Z,149,7,13,4288,0.846,,,normal,,2026-05-27T11:26:11Z
48349,4808,threads,ext_threads_00003809,Added Network Congestion Plan Review to the high-priority service assurance path. Thank you WellNest Family Plans for closing the gap,2026-05-25T04:27:28Z,312,79,19,12184,0.634,,,normal,,2026-05-27T11:26:11Z
48350,4685,threads,ext_threads_00003810,Subscribers are asking about Premium International Roaming Pass through SignalBridge Mobile; upgrade and activation demand is rising,2026-04-29T06:08:56Z,268,17,2,16411,0.251,,,normal,,2026-05-27T11:26:11Z
48351,4844,instagram,ext_instagram_00003811,Outage follow-up is the top request in our subscriber forum this week,2026-05-10T12:26:34Z,6008,479,960,171539,0.088,,,rising,,2026-05-27T11:26:11Z
48352,4926,twitter,ext_twitter_00003812,Coverage update: 5G Unlimited Mobile Plan capacity at SignalBridge Mobile is getting tight after a spike in service orders,2026-05-17T13:50:54Z,893,1,33,16081,0.812,,,normal,,2026-05-27T11:26:11Z
48353,4679,youtube,ext_youtube_00003813,Subscriber experience note - EnterpriseEdge Services Enterprise Account Navigation is the service everyone is trying to schedule right now,2026-05-10T22:52:51Z,425,74,9,5928,0.288,,,normal,,2026-05-27T11:26:11Z
48354,4794,instagram,ext_instagram_00003814,Coverage gaps are delaying service assurance for several subscriber groups,2026-05-03T01:15:11Z,188,1,31,4293,0.681,,,normal,,2026-05-27T11:26:11Z
48355,4596,instagram,ext_instagram_00003815,Device-support channels are seeing increased activation demand after a handset launch,2026-05-09T12:58:34Z,159,9,45,6843,0.819,,,normal,,2026-05-27T11:26:11Z
48356,4900,tiktok,ext_tiktok_00003816,Families keep asking where to find Fraud Resolution Case. ClearMind Customer Care is showing up in every upgrade thread,2026-05-22T10:32:26Z,649,14,30,9808,0.939,,,normal,,2026-05-27T11:26:11Z
48357,4857,youtube,ext_youtube_00003817,NOC huddle: prioritize WellNest Family Plans Network Congestion Plan Review installs before the weekend streaming surge,2026-04-29T12:56:29Z,812,63,43,9479,0.339,,,normal,,2026-05-27T11:26:11Z
48358,4568,twitter,ext_twitter_00003818,Billing and usage signals are surfacing new need for Fraud Resolution Case from ClearMind Customer Care,2026-04-29T02:39:52Z,750,94,34,17886,0.655,,,normal,,2026-05-27T11:26:11Z
48359,4682,tiktok,ext_tiktok_00003819,"If your subscribers need Connected Device Monitoring Onboarding, check MetroSupply Devices availability early; appointment slots are moving fast",2026-05-15T09:00:06Z,552,96,40,11676,0.234,,,normal,,2026-05-27T11:26:11Z
48360,4749,youtube,ext_youtube_00003820,Day 30 with the New Line Activation workflow and the field team says WaveFirst Mobile reduced manual follow-up,2026-05-05T11:38:49Z,583,56,36,148,0.56,,,normal,,2026-05-27T11:26:11Z
48361,4831,twitter,ext_twitter_00003821,Recommended ClearMind Customer Care Outage Follow-Up Call to an account manager today because churn risk is the issue,2026-05-17T09:32:25Z,519,58,3,9992,0.468,,,normal,,2026-05-27T11:26:11Z
48362,4827,youtube,ext_youtube_00003822,"Thought Fleet Telematics SIM Pack demand would level off, but OrbitMotion IoT is still seeing urgent requests",2026-05-05T04:14:35Z,628,2,10,12273,0.458,,,normal,,2026-05-27T11:26:11Z
48363,5050,twitter,ext_twitter_00003823,Morning capacity review featuring Field Technician Evaluation. OrbitMotion IoT needs pre-positioned technician capacity,2026-05-27T07:25:16Z,919,8,9,15480,0.777,,,normal,,2026-05-27T11:26:11Z
48364,4692,tiktok,ext_tiktok_00003824,Coverage gaps are delaying service assurance for several subscriber groups,2026-05-25T17:25:04Z,9115,836,778,22637,0.254,,,rising,,2026-05-27T11:26:11Z
48365,4806,twitter,ext_twitter_00003825,Device-support channels are seeing increased activation demand after a handset launch,2026-05-08T21:05:20Z,19,73,16,14585,0.031,,,normal,,2026-05-27T11:26:11Z
48366,5044,tiktok,ext_tiktok_00003826,Network operations is flagging Small Business Fiber SLA from FiberPath Broadband as a capacity bottleneck this week,2026-05-05T18:20:23Z,887,69,42,19836,0.769,,,normal,,2026-05-27T11:26:11Z
48367,5024,instagram,ext_instagram_00003827,Connected life teams need better outreach after recent storm-related service events,2026-05-26T22:59:22Z,608,43,45,619,-0.143,,,normal,,2026-05-27T11:26:11Z
48368,4957,youtube,ext_youtube_00003828,Subscriber experience note - HomeConnect Fixed Wireless Smart Home Connectivity Assessment is the service everyone is trying to schedule right now,2026-05-27T08:01:18Z,7414,661,475,137750,0.446,,,rising,,2026-05-27T11:26:11Z
48369,4761,instagram,ext_instagram_00003829,Roaming bill questions are creating new handoffs to billing and retention teams,2026-05-26T23:17:50Z,155,49,41,11815,0.596,,,normal,,2026-05-27T11:26:11Z
48370,4904,instagram,ext_instagram_00003830,Subscribers are asking for clearer instructions after fiber installation and faster follow-up windows,2026-05-21T03:21:18Z,146,87,15,18311,0.864,,,normal,,2026-05-27T11:26:11Z
48371,4766,instagram,ext_instagram_00003831,Outage follow-up is the top request in our subscriber forum this week,2026-05-26T23:53:05Z,372021,29031,26323,5518134,0.799,,,mega_viral,,2026-05-27T11:26:11Z
48372,4554,youtube,ext_youtube_00003832,NOC huddle: prioritize OrbitMotion IoT Field Technician Evaluation installs before the weekend streaming surge,2026-05-10T22:21:24Z,722,46,25,3800,0.448,,,normal,,2026-05-27T11:26:11Z
48373,4948,threads,ext_threads_00003833,Billing and usage signals are surfacing new need for Home Wi-Fi Mesh Kit from PulsePoint 5G,2026-05-18T00:47:39Z,507,61,1,15693,0.577,,,normal,,2026-05-27T11:26:11Z
48374,4729,youtube,ext_youtube_00003834,"If your subscribers need Senior Connected Life Plan, check SilverLine Connected Life availability early; appointment slots are moving fast",2026-05-11T17:16:56Z,20514,5847,6259,211887,0.415,,,viral,,2026-05-27T11:26:11Z
48375,4683,twitter,ext_twitter_00003835,Device-support channels are seeing increased activation demand after a handset launch,2026-05-26T06:26:42Z,344,86,7,18658,-0.086,,,normal,,2026-05-27T11:26:11Z
48376,5023,threads,ext_threads_00003836,Recommended ClearMind Customer Care Customer Retention Intake to an account manager today because churn risk is the issue,2026-05-24T06:13:57Z,6679,1821,324,24478,0.634,,,rising,,2026-05-27T11:26:11Z
48377,4595,threads,ext_threads_00003837,"Thought LTE Backup Gateway demand would level off, but HomeConnect Fixed Wireless is still seeing urgent requests",2026-05-26T22:06:28Z,948,55,14,12746,0.824,,,normal,,2026-05-27T11:26:11Z
48378,4750,threads,ext_threads_00003838,Morning capacity review featuring Connected Device Monitoring Onboarding. MetroSupply Devices needs pre-positioned technician capacity,2026-05-15T14:50:27Z,57,74,0,16497,0.499,,,normal,,2026-05-27T11:26:11Z
48379,4679,youtube,ext_youtube_00003839,Added Fraud Resolution Case to the high-priority service assurance path. Thank you ClearMind Customer Care for closing the gap,2026-05-21T05:41:51Z,814,89,46,1604,0.805,,,normal,,2026-05-27T11:26:11Z
48380,4591,instagram,ext_instagram_00003840,Subscribers are asking about Customer Retention Intake through ClearMind Customer Care; upgrade and activation demand is rising,2026-04-28T04:28:30Z,3441,977,906,167610,0.74,,,rising,,2026-05-27T11:26:11Z
48381,4742,tiktok,ext_tiktok_00003841,Network operations is flagging Edge Compute Reservation from EnterpriseEdge Services as a capacity bottleneck this week,2026-05-07T07:45:23Z,252,33,48,6576,0.872,,,normal,,2026-05-27T11:26:11Z
48382,5027,youtube,ext_youtube_00003842,Coverage update: Fiber Appointment Scheduling capacity at RoamFlow Mobility is getting tight after a spike in service orders,2026-05-15T04:00:38Z,327,77,25,14436,0.407,,,normal,,2026-05-27T11:26:11Z
48383,4719,youtube,ext_youtube_00003843,Subscriber experience note - HomeConnect Fixed Wireless Fixed Wireless Home Internet is the service everyone is trying to schedule right now,2026-05-18T06:55:25Z,154,37,41,6082,0.945,,,normal,,2026-05-27T11:26:11Z
48384,4934,instagram,ext_instagram_00003844,Coverage gaps are delaying service assurance for several subscriber groups,2026-04-27T15:12:32Z,779,63,24,17985,0.102,,,normal,,2026-05-27T11:26:11Z
48385,4553,twitter,ext_twitter_00003845,Device-support channels are seeing increased activation demand after a handset launch,2026-05-27T11:17:04Z,846,31,28,19575,0.857,,,normal,,2026-05-27T11:26:11Z
48386,4941,twitter,ext_twitter_00003846,Families keep asking where to find Senior Connected Life Plan. SilverLine Connected Life is showing up in every upgrade thread,2026-05-10T12:45:59Z,2288,634,622,112309,0.283,,,rising,,2026-05-27T11:26:11Z
48387,4927,youtube,ext_youtube_00003847,NOC huddle: prioritize ClearMind Customer Care Customer Retention Intake installs before the weekend streaming surge,2026-05-07T18:55:00Z,614,78,11,859,0.886,,,normal,,2026-05-27T11:26:11Z
48388,4928,threads,ext_threads_00003848,Enterprise care teams are coordinating SLA-impact cases across regional service teams today,2026-05-15T15:58:57Z,772,91,2,7123,0.174,,,normal,,2026-05-27T11:26:11Z
48389,4795,tiktok,ext_tiktok_00003849,"If your subscribers need 5G Mobile Hotspot Kit, check MetroSupply Devices availability early; appointment slots are moving fast",2026-05-27T10:44:48Z,3176,1657,793,173349,0.58,,,rising,,2026-05-27T11:26:11Z
48390,4996,twitter,ext_twitter_00003850,Day 30 with the Outage Follow-Up Call workflow and the field team says ClearMind Customer Care reduced manual follow-up,2026-05-14T17:19:18Z,262,82,5,4643,0.639,,,normal,,2026-05-27T11:26:11Z
48391,5027,youtube,ext_youtube_00003851,Recommended ClearMind Customer Care Fraud Resolution Case to an account manager today because churn risk is the issue,2026-04-30T21:16:11Z,352,94,13,6510,0.861,,,normal,,2026-05-27T11:26:11Z
48392,4704,youtube,ext_youtube_00003852,"Thought Family Connectivity Support Session demand would level off, but SilverLine Connected Life is still seeing urgent requests",2026-05-22T18:28:34Z,5318,1135,316,155190,0.367,,,rising,,2026-05-27T11:26:11Z
48393,5042,threads,ext_threads_00003853,Morning capacity review featuring Senior Connected Life Plan. SilverLine Connected Life needs pre-positioned technician capacity,2026-05-26T18:17:03Z,487,50,24,10306,0.759,,,normal,,2026-05-27T11:26:11Z
48394,4990,tiktok,ext_tiktok_00003854,Added Customer Retention Intake to the high-priority service assurance path. Thank you ClearMind Customer Care for closing the gap,2026-05-22T16:08:30Z,3756,408,927,159534,0.332,,,rising,,2026-05-27T11:26:11Z
48395,4753,twitter,ext_twitter_00003855,Device-support channels are seeing increased activation demand after a handset launch,2026-05-21T06:56:37Z,192,47,30,9213,0.547,,,normal,,2026-05-27T11:26:11Z
48396,4697,tiktok,ext_tiktok_00003856,Families keep asking for better Wi-Fi performance before evening streaming starts,2026-05-15T23:50:47Z,194,30,49,12324,0.339,,,normal,,2026-05-27T11:26:11Z
48397,4766,instagram,ext_instagram_00003857,Coverage update: LTE Backup Gateway capacity at HomeConnect Fixed Wireless is getting tight after a spike in service orders,2026-05-18T01:07:23Z,474,44,26,4259,0.606,,,normal,,2026-05-27T11:26:11Z
48398,4954,instagram,ext_instagram_00003858,Enterprise care teams are coordinating SLA-impact cases across regional service teams today,2026-05-16T07:51:20Z,401,68,7,9146,0.78,,,normal,,2026-05-27T11:26:11Z
48399,4991,twitter,ext_twitter_00003859,Roaming bill questions are creating new handoffs to billing and retention teams,2026-05-18T20:55:36Z,482,53,16,10951,-0.191,,,normal,,2026-05-27T11:26:11Z
48400,4812,youtube,ext_youtube_00003860,"Two-week review of WellNest Family Plans Network Congestion Plan Review: strong subscriber response, but capacity planning matters",2026-05-26T09:59:23Z,350,41,26,11696,0.315,,,normal,,2026-05-27T11:26:11Z
48401,4563,twitter,ext_twitter_00003861,Families keep asking where to find Smart Home Connectivity Assessment. HomeConnect Fixed Wireless is showing up in every upgrade thread,2026-05-07T04:57:00Z,34,18,17,427,0.679,,,normal,,2026-05-27T11:26:11Z
48402,4714,youtube,ext_youtube_00003862,NOC huddle: prioritize HomeConnect Fixed Wireless Fixed Wireless Home Internet installs before the weekend streaming surge,2026-05-04T20:52:21Z,9164,1622,429,87044,0.494,,,rising,,2026-05-27T11:26:11Z
48403,4697,tiktok,ext_tiktok_00003863,Billing and usage signals are surfacing new need for Student Mobile Plan from WellNest Family Plans,2026-05-03T13:18:16Z,8730,1828,477,109982,0.397,,,rising,,2026-05-27T11:26:11Z
48404,4959,instagram,ext_instagram_00003864,"If your subscribers need Student Mobile Plan, check WellNest Family Plans availability early; appointment slots are moving fast",2026-05-11T14:03:05Z,38038,6801,5961,523099,0.625,,,viral,,2026-05-27T11:26:11Z
48405,4945,tiktok,ext_tiktok_00003865,Day 30 with the Enterprise Account Navigation workflow and the field team says EnterpriseEdge Services reduced manual follow-up,2026-05-05T23:52:49Z,343064,33689,18498,3298595,0.235,,,mega_viral,,2026-05-27T11:26:11Z
48406,5044,tiktok,ext_tiktok_00003866,Recommended WaveFirst Mobile New Line Activation to an account manager today because churn risk is the issue,2026-05-17T00:11:00Z,3840,685,825,192503,0.279,,,rising,,2026-05-27T11:26:11Z
48407,4871,twitter,ext_twitter_00003867,"Thought 5G Mobile Hotspot Kit demand would level off, but MetroSupply Devices is still seeing urgent requests",2026-05-27T04:53:44Z,651,52,8,3344,0.237,,,normal,,2026-05-27T11:26:11Z
48408,4677,tiktok,ext_tiktok_00003868,Enterprise care teams are coordinating SLA-impact cases across regional service teams today,2026-05-23T08:18:46Z,113,3,11,6106,0.853,,,normal,,2026-05-27T11:26:11Z
48409,4796,twitter,ext_twitter_00003869,Added Student Mobile Plan to the high-priority service assurance path. Thank you WellNest Family Plans for closing the gap,2026-05-17T08:31:37Z,3962,680,484,147956,0.346,,,rising,,2026-05-27T11:26:11Z
48410,4606,instagram,ext_instagram_00003870,Subscribers are asking about Small Business Fiber SLA through FiberPath Broadband; upgrade and activation demand is rising,2026-05-15T17:37:21Z,678,45,34,13420,0.696,,,normal,,2026-05-27T11:26:11Z
48411,4719,youtube,ext_youtube_00003871,Network operations is flagging Fleet Telematics SIM Pack from OrbitMotion IoT as a capacity bottleneck this week,2026-05-21T04:29:41Z,574,95,46,6561,0.607,,,normal,,2026-05-27T11:26:11Z
48412,4650,threads,ext_threads_00003872,Coverage update: Field Technician Evaluation capacity at OrbitMotion IoT is getting tight after a spike in service orders,2026-05-05T08:56:26Z,264,51,34,7808,0.432,,,normal,,2026-05-27T11:26:11Z
48413,5024,instagram,ext_instagram_00003873,Subscriber experience note - MetroSupply Devices 5G Mobile Hotspot Kit is the service everyone is trying to schedule right now,2026-05-10T03:12:09Z,21,41,25,6612,0.688,,,normal,,2026-05-27T11:26:11Z
48414,5058,instagram,ext_instagram_00003874,Outage follow-up: demand for Fleet Telematics SIM Pack is up and OrbitMotion IoT needs more field slots,2026-05-26T08:40:19Z,19632,2372,6664,447512,0.478,,,viral,,2026-05-27T11:26:11Z
48415,4768,twitter,ext_twitter_00003875,"Two-week review of SilverLine Connected Life Senior Connected Life Plan: strong subscriber response, but capacity planning matters",2026-04-30T21:19:36Z,119,69,43,3604,0.237,,,normal,,2026-05-27T11:26:11Z
48416,4592,tiktok,ext_tiktok_00003876,Families keep asking where to find Home Wi-Fi Mesh Kit. PulsePoint 5G is showing up in every upgrade thread,2026-05-14T11:34:09Z,712,74,39,11239,0.861,,,normal,,2026-05-27T11:26:11Z
48417,4710,threads,ext_threads_00003877,NOC huddle: prioritize MetroSupply Devices 5G Mobile Hotspot Kit installs before the weekend streaming surge,2026-05-20T00:20:39Z,15886,9300,7364,365370,0.794,,,viral,,2026-05-27T11:26:11Z
48418,4800,tiktok,ext_tiktok_00003878,Billing and usage signals are surfacing new need for Outage Follow-Up Call from ClearMind Customer Care,2026-05-27T08:05:24Z,847,28,12,18295,0.347,,,normal,,2026-05-27T11:26:11Z
48419,4870,tiktok,ext_tiktok_00003879,Roaming bill questions are creating new handoffs to billing and retention teams,2026-05-26T13:32:06Z,439,86,15,8519,0.136,,,normal,,2026-05-27T11:26:11Z
48420,5003,threads,ext_threads_00003880,Day 30 with the 5G Mobile Hotspot Kit workflow and the field team says MetroSupply Devices reduced manual follow-up,2026-05-27T10:04:08Z,201,13,40,18360,0.284,,,normal,,2026-05-27T11:26:11Z
48421,4561,instagram,ext_instagram_00003881,Recommended EnterpriseEdge Services Enterprise Account Navigation to an account manager today because churn risk is the issue,2026-05-02T03:18:42Z,8334,1484,970,26601,0.728,,,rising,,2026-05-27T11:26:11Z
48422,4879,instagram,ext_instagram_00003882,"Thought Family Connectivity Support Session demand would level off, but SilverLine Connected Life is still seeing urgent requests",2026-05-07T04:50:33Z,498,95,4,7867,0.849,,,normal,,2026-05-27T11:26:11Z
48423,4545,threads,ext_threads_00003883,Morning capacity review featuring Edge Compute Reservation. EnterpriseEdge Services needs pre-positioned technician capacity,2026-05-25T17:58:55Z,534,56,15,3425,0.92,,,normal,,2026-05-27T11:26:11Z
48424,4626,instagram,ext_instagram_00003884,Coverage gaps are delaying service assurance for several subscriber groups,2026-05-14T08:18:03Z,550,55,48,5093,0.46,,,normal,,2026-05-27T11:26:11Z
48425,4609,youtube,ext_youtube_00003885,Subscribers are asking about Fiber Appointment Scheduling through RoamFlow Mobility; upgrade and activation demand is rising,2026-05-13T16:07:31Z,3751,863,532,148816,0.62,,,rising,,2026-05-27T11:26:11Z
48426,4685,threads,ext_threads_00003886,Network operations is flagging Device Upgrade Enrollment from PulsePoint 5G as a capacity bottleneck this week,2026-05-27T11:23:22Z,302,48,27,6957,0.285,,,normal,,2026-05-27T11:26:11Z
48427,4885,tiktok,ext_tiktok_00003887,Coverage update: 5G Mobile Hotspot Kit capacity at MetroSupply Devices is getting tight after a spike in service orders,2026-05-03T08:54:22Z,319,84,35,19833,0.895,,,normal,,2026-05-27T11:26:11Z
48428,4690,threads,ext_threads_00003888,Subscriber experience note - PulsePoint 5G Device Upgrade Enrollment is the service everyone is trying to schedule right now,2026-04-29T00:37:59Z,835,11,36,5396,0.841,,,normal,,2026-05-27T11:26:11Z
48429,4691,instagram,ext_instagram_00003889,Roaming bill questions are creating new handoffs to billing and retention teams,2026-05-26T23:44:53Z,473,73,44,2314,0.728,,,normal,,2026-05-27T11:26:11Z
48430,4763,twitter,ext_twitter_00003890,"Two-week review of ClearMind Customer Care Customer Retention Intake: strong subscriber response, but capacity planning matters",2026-05-15T21:06:05Z,6365,1120,560,108016,0.666,,,rising,,2026-05-27T11:26:11Z
48431,4686,instagram,ext_instagram_00003891,Families keep asking where to find Fleet Telematics SIM Pack. OrbitMotion IoT is showing up in every upgrade thread,2026-05-25T16:17:12Z,615,54,22,15249,0.452,,,normal,,2026-05-27T11:26:11Z
48432,5051,youtube,ext_youtube_00003892,NOC huddle: prioritize WaveFirst Mobile New Line Activation installs before the weekend streaming surge,2026-05-26T09:02:05Z,626,46,39,2438,0.914,,,normal,,2026-05-27T11:26:11Z
48433,4623,twitter,ext_twitter_00003893,Billing and usage signals are surfacing new need for LTE Backup Gateway from HomeConnect Fixed Wireless,2026-05-11T03:26:08Z,372,91,39,15615,0.426,,,normal,,2026-05-27T11:26:11Z
48434,4576,instagram,ext_instagram_00003894,"If your subscribers need Network Congestion Plan Review, check WellNest Family Plans availability early; appointment slots are moving fast",2026-05-24T19:48:21Z,5709,1924,795,170565,0.605,,,rising,,2026-05-27T11:26:11Z
48435,4568,twitter,ext_twitter_00003895,Day 30 with the 5G Mobile Hotspot Kit workflow and the field team says MetroSupply Devices reduced manual follow-up,2026-05-21T19:08:40Z,273,94,38,5345,0.651,,,normal,,2026-05-27T11:26:11Z
48436,5054,tiktok,ext_tiktok_00003896,Recommended MetroSupply Devices Connected Device Monitoring Onboarding to an account manager today because churn risk is the issue,2026-04-30T14:56:33Z,4523,1771,313,124596,0.391,,,rising,,2026-05-27T11:26:11Z
48437,4825,tiktok,ext_tiktok_00003897,"Thought Smart Home Connectivity Assessment demand would level off, but HomeConnect Fixed Wireless is still seeing urgent requests",2026-05-24T11:46:48Z,34567,3223,2686,569092,0.769,,,viral,,2026-05-27T11:26:11Z
48438,4619,youtube,ext_youtube_00003898,Enterprise care teams are coordinating SLA-impact cases across regional service teams today,2026-05-10T09:01:12Z,8122,227,347,65173,0.247,,,rising,,2026-05-27T11:26:11Z
48439,4687,tiktok,ext_tiktok_00003899,Added Senior Connected Life Plan to the high-priority service assurance path. Thank you SilverLine Connected Life for closing the gap,2026-04-27T21:38:18Z,565,22,18,17233,0.239,,,normal,,2026-05-27T11:26:11Z
48440,4898,threads,ext_threads_00003900,Subscribers are asking for clearer instructions after fiber installation and faster follow-up windows,2026-05-18T02:26:21Z,195,12,48,3770,0.77,,,normal,,2026-05-27T11:26:11Z
48441,4700,threads,ext_threads_00003901,Outage follow-up is the top request in our subscriber forum this week,2026-05-23T07:03:16Z,1252,1745,540,115319,0.62,,,rising,,2026-05-27T11:26:11Z
48442,4577,tiktok,ext_tiktok_00003902,Coverage update: 5G Unlimited Mobile Plan capacity at SignalBridge Mobile is getting tight after a spike in service orders,2026-05-26T15:26:00Z,9204,547,545,176883,0.904,,,rising,,2026-05-27T11:26:11Z
48443,4992,youtube,ext_youtube_00003903,Subscriber experience note - OrbitMotion IoT Fleet Telematics SIM Pack is the service everyone is trying to schedule right now,2026-05-14T08:16:11Z,677,94,34,9271,0.322,,,normal,,2026-05-27T11:26:11Z
48444,4848,threads,ext_threads_00003904,Coverage gaps are delaying service assurance for several subscriber groups,2026-05-06T16:36:00Z,72,62,45,8423,-0.107,,,normal,,2026-05-27T11:26:11Z
48445,4829,instagram,ext_instagram_00003905,"Two-week review of SilverLine Connected Life Senior Connected Life Plan: strong subscriber response, but capacity planning matters",2026-05-10T01:48:13Z,199,2,48,17386,0.228,,,normal,,2026-05-27T11:26:11Z
48446,4806,twitter,ext_twitter_00003906,Families keep asking where to find Churn Risk Save Offer. WaveFirst Mobile is showing up in every upgrade thread,2026-05-27T09:54:54Z,12698,8399,3242,952678,0.404,,,viral,,2026-05-27T11:26:11Z
48447,5024,instagram,ext_instagram_00003907,NOC huddle: prioritize WaveFirst Mobile Churn Risk Save Offer installs before the weekend streaming surge,2026-04-30T13:21:55Z,502,38,35,14264,0.485,,,normal,,2026-05-27T11:26:11Z
48448,4689,youtube,ext_youtube_00003908,Enterprise care teams are coordinating SLA-impact cases across regional service teams today,2026-05-27T09:14:22Z,9661,1542,854,140981,0.043,,,rising,,2026-05-27T11:26:11Z
48449,5008,threads,ext_threads_00003909,"If your subscribers need Fiber Appointment Scheduling, check RoamFlow Mobility availability early; appointment slots are moving fast",2026-05-09T08:30:36Z,6599,1912,523,161517,0.839,,,rising,,2026-05-27T11:26:11Z
48450,4817,youtube,ext_youtube_00003910,Day 30 with the Field Technician Evaluation workflow and the field team says OrbitMotion IoT reduced manual follow-up,2026-05-27T08:28:56Z,900,3,1,2622,0.248,,,normal,,2026-05-27T11:26:11Z
48451,5028,threads,ext_threads_00003911,Recommended MetroSupply Devices 5G Mobile Hotspot Kit to an account manager today because churn risk is the issue,2026-05-22T01:23:10Z,17294,14501,2162,794420,0.294,,,viral,,2026-05-27T11:26:11Z
48452,4668,twitter,ext_twitter_00003912,Small businesses need earlier visibility into field technician appointment availability,2026-05-14T08:51:05Z,519,70,31,10809,-0.205,,,normal,,2026-05-27T11:26:11Z
48453,4611,instagram,ext_instagram_00003913,Morning capacity review featuring New Line Activation. WaveFirst Mobile needs pre-positioned technician capacity,2026-05-03T10:15:58Z,740,74,29,18718,0.581,,,normal,,2026-05-27T11:26:11Z
48454,4720,threads,ext_threads_00003914,Added Family Connectivity Support Session to the high-priority service assurance path. Thank you SilverLine Connected Life for closing the gap,2026-05-17T23:27:09Z,455,26,31,9900,0.233,,,normal,,2026-05-27T11:26:11Z
48455,4576,instagram,ext_instagram_00003915,Subscribers are asking about Network Congestion Plan Review through WellNest Family Plans; upgrade and activation demand is rising,2026-05-17T14:45:44Z,47,96,0,6953,0.293,,,normal,,2026-05-27T11:26:11Z
48456,4564,youtube,ext_youtube_00003916,Families keep asking for better Wi-Fi performance before evening streaming starts,2026-05-24T20:38:52Z,16116,8356,5119,319206,-0.265,,,viral,,2026-05-27T11:26:11Z
48457,4811,twitter,ext_twitter_00003917,Connected life teams need better outreach after recent storm-related service events,2026-05-23T09:37:05Z,950,76,43,3456,0.632,,,normal,,2026-05-27T11:26:11Z
48458,4642,tiktok,ext_tiktok_00003918,Subscriber experience note - RoamFlow Mobility Fiber Appointment Scheduling is the service everyone is trying to schedule right now,2026-05-13T13:01:00Z,416,43,30,17835,0.3,,,normal,,2026-05-27T11:26:11Z
48459,4545,threads,ext_threads_00003919,Outage follow-up: demand for Customer Retention Intake is up and ClearMind Customer Care needs more field slots,2026-05-18T20:43:00Z,289,62,11,4824,0.277,,,normal,,2026-05-27T11:26:11Z
48460,4697,tiktok,ext_tiktok_00003920,"Two-week review of ClearMind Customer Care Outage Follow-Up Call: strong subscriber response, but capacity planning matters",2026-05-25T18:11:16Z,9848,941,506,192429,0.348,,,rising,,2026-05-27T11:26:11Z
48461,4600,threads,ext_threads_00003921,Outage follow-up is the top request in our subscriber forum this week,2026-05-23T08:50:18Z,2465,1759,942,198901,0.435,,,rising,,2026-05-27T11:26:11Z
48462,4628,twitter,ext_twitter_00003922,Small businesses need earlier visibility into field technician appointment availability,2026-05-21T16:10:38Z,9887,1009,367,174499,0.666,,,rising,,2026-05-27T11:26:11Z
48463,4590,threads,ext_threads_00003923,Network monitoring alerts are helping the team catch congestion before call volume spikes,2026-05-17T18:02:45Z,5737,645,654,86241,0.498,,,rising,,2026-05-27T11:26:11Z
48464,4896,twitter,ext_twitter_00003924,"If your subscribers need Device Upgrade Enrollment, check PulsePoint 5G availability early; appointment slots are moving fast",2026-05-18T12:03:39Z,11517,14886,2209,338498,0.664,,,viral,,2026-05-27T11:26:11Z
48465,4665,threads,ext_threads_00003925,Day 30 with the Gigabit Fiber Install workflow and the field team says FiberPath Broadband reduced manual follow-up,2026-05-23T00:02:39Z,252013,91385,26287,9785677,0.211,,,mega_viral,,2026-05-27T11:26:11Z
48466,4612,tiktok,ext_tiktok_00003926,Families keep asking for better Wi-Fi performance before evening streaming starts,2026-05-18T10:31:44Z,558,48,29,5464,0.463,,,normal,,2026-05-27T11:26:11Z
48467,4801,twitter,ext_twitter_00003927,"Thought Network Congestion Plan Review demand would level off, but WellNest Family Plans is still seeing urgent requests",2026-05-26T22:25:06Z,21100,6465,3358,717596,0.37,,,viral,,2026-05-27T11:26:11Z
48468,4880,tiktok,ext_tiktok_00003928,Morning capacity review featuring Family Connectivity Support Session. SilverLine Connected Life needs pre-positioned technician capacity,2026-05-14T04:41:21Z,6476,630,354,61915,0.381,,,rising,,2026-05-27T11:26:11Z
48469,4660,threads,ext_threads_00003929,Added Senior Connected Life Plan to the high-priority service assurance path. Thank you SilverLine Connected Life for closing the gap,2026-05-21T16:27:24Z,153,35,3,2507,0.41,,,normal,,2026-05-27T11:26:11Z
48470,4672,tiktok,ext_tiktok_00003930,Subscribers are asking about Number Port-In Activation through SignalBridge Mobile; upgrade and activation demand is rising,2026-04-28T04:29:15Z,212,39,26,18216,0.871,,,normal,,2026-05-27T11:26:11Z
48471,4593,twitter,ext_twitter_00003931,Network operations is flagging Home Wi-Fi Mesh Kit from PulsePoint 5G as a capacity bottleneck this week,2026-05-20T10:08:05Z,11,42,23,8960,0.258,,,normal,,2026-05-27T11:26:11Z
48472,4964,instagram,ext_instagram_00003932,Coverage update: SIM Replacement Starter Kit capacity at MetroSupply Devices is getting tight after a spike in service orders,2026-05-13T21:09:32Z,804,23,34,5686,0.932,,,normal,,2026-05-27T11:26:11Z
48473,4579,youtube,ext_youtube_00003933,Subscriber experience note - EnterpriseEdge Services Enterprise Account Navigation is the service everyone is trying to schedule right now,2026-05-09T07:02:59Z,553,9,24,4587,0.568,,,normal,,2026-05-27T11:26:11Z
48474,4586,instagram,ext_instagram_00003934,Coverage gaps are delaying service assurance for several subscriber groups,2026-05-18T03:18:18Z,394,30,8,9276,0.244,,,normal,,2026-05-27T11:26:11Z
48475,4994,instagram,ext_instagram_00003935,"Two-week review of SilverLine Connected Life Family Connectivity Support Session: strong subscriber response, but capacity planning matters",2026-05-04T18:37:52Z,261,40,6,11440,0.528,,,normal,,2026-05-27T11:26:11Z
48476,4650,threads,ext_threads_00003936,Families keep asking where to find Field Technician Evaluation. OrbitMotion IoT is showing up in every upgrade thread,2026-05-25T09:55:00Z,651,73,30,10890,0.209,,,normal,,2026-05-27T11:26:11Z
48477,4560,threads,ext_threads_00003937,Connected life teams need better outreach after recent storm-related service events,2026-05-27T08:01:50Z,25039,8217,3927,520783,0.738,,,viral,,2026-05-27T11:26:11Z
48478,4983,threads,ext_threads_00003938,Billing and usage signals are surfacing new need for Student Mobile Plan from WellNest Family Plans,2026-05-21T03:53:54Z,353,99,6,7896,0.263,,,normal,,2026-05-27T11:26:11Z
48479,4954,instagram,ext_instagram_00003939,"If your subscribers need Smart Home Connectivity Assessment, check HomeConnect Fixed Wireless availability early; appointment slots are moving fast",2026-05-17T08:13:13Z,1200,1979,644,176019,0.653,,,rising,,2026-05-27T11:26:11Z
48480,4753,twitter,ext_twitter_00003940,Day 30 with the Customer Retention Intake workflow and the field team says ClearMind Customer Care reduced manual follow-up,2026-05-19T19:41:14Z,222,88,6,10110,0.688,,,normal,,2026-05-27T11:26:11Z
48481,5059,tiktok,ext_tiktok_00003941,Outage follow-up is the top request in our subscriber forum this week,2026-04-28T14:21:26Z,3444,1512,949,83591,0.093,,,rising,,2026-05-27T11:26:11Z
48482,4554,youtube,ext_youtube_00003942,"Thought IoT Sensor Gateway Kit demand would level off, but OrbitMotion IoT is still seeing urgent requests",2026-05-25T09:15:39Z,925,2,43,11530,0.231,,,normal,,2026-05-27T11:26:11Z
48483,4754,youtube,ext_youtube_00003943,Morning capacity review featuring Edge Compute Reservation. EnterpriseEdge Services needs pre-positioned technician capacity,2026-04-29T18:00:08Z,736,54,25,8563,0.818,,,normal,,2026-05-27T11:26:11Z
48484,4800,tiktok,ext_tiktok_00003944,Coverage gaps are delaying service assurance for several subscriber groups,2026-05-11T04:08:42Z,8760,394,766,178803,0.871,,,rising,,2026-05-27T11:26:11Z
48485,4863,threads,ext_threads_00003945,Subscribers are asking about Small Business Fiber SLA through FiberPath Broadband; upgrade and activation demand is rising,2026-05-26T08:45:11Z,2670,1732,981,35380,0.725,,,rising,,2026-05-27T11:26:11Z
48486,4893,threads,ext_threads_00003946,Network operations is flagging Small Business Fiber SLA from FiberPath Broadband as a capacity bottleneck this week,2026-05-23T14:57:38Z,9918,1028,995,80466,0.655,,,rising,,2026-05-27T11:26:11Z
48487,4945,tiktok,ext_tiktok_00003947,Coverage update: Outage Follow-Up Call capacity at ClearMind Customer Care is getting tight after a spike in service orders,2026-05-22T15:31:07Z,197,67,34,9137,0.429,,,normal,,2026-05-27T11:26:11Z
48488,4712,tiktok,ext_tiktok_00003948,Subscriber experience note - WaveFirst Mobile Churn Risk Save Offer is the service everyone is trying to schedule right now,2026-05-10T10:37:14Z,23589,7993,2896,867910,0.264,,,viral,,2026-05-27T11:26:11Z
48489,4945,tiktok,ext_tiktok_00003949,Outage follow-up: demand for Gigabit Fiber Install is up and FiberPath Broadband needs more field slots,2026-05-09T21:18:56Z,15234,9702,5976,386204,0.69,,,viral,,2026-05-27T11:26:11Z
48490,4802,youtube,ext_youtube_00003950,"Two-week review of SilverLine Connected Life Senior Connected Life Plan: strong subscriber response, but capacity planning matters",2026-05-26T13:54:30Z,548,98,38,15532,0.355,,,normal,,2026-05-27T11:26:11Z
48491,4765,threads,ext_threads_00003951,Outage follow-up is the top request in our subscriber forum this week,2026-05-05T21:50:24Z,29,93,37,7052,0.261,,,normal,,2026-05-27T11:26:11Z
48492,4960,tiktok,ext_tiktok_00003952,NOC huddle: prioritize SignalBridge Mobile 5G Unlimited Mobile Plan installs before the weekend streaming surge,2026-05-22T10:36:50Z,527,73,23,18571,0.786,,,normal,,2026-05-27T11:26:11Z
48493,4690,threads,ext_threads_00003953,Network monitoring alerts are helping the team catch congestion before call volume spikes,2026-05-05T17:42:23Z,364,4,36,8192,0.569,,,normal,,2026-05-27T11:26:11Z
48494,4596,instagram,ext_instagram_00003954,Coverage gaps are delaying service assurance for several subscriber groups,2026-04-28T05:27:51Z,6894,995,205,43533,0.878,,,rising,,2026-05-27T11:26:11Z
48495,4772,tiktok,ext_tiktok_00003955,Day 30 with the Edge Compute Reservation workflow and the field team says EnterpriseEdge Services reduced manual follow-up,2026-05-27T11:13:14Z,3268,1558,508,34365,0.434,,,rising,,2026-05-27T11:26:11Z
48496,4699,youtube,ext_youtube_00003956,Recommended SignalBridge Mobile Number Port-In Activation to an account manager today because churn risk is the issue,2026-05-07T01:20:41Z,7190,245,802,25526,0.524,,,rising,,2026-05-27T11:26:11Z
48497,4932,youtube,ext_youtube_00003957,"Thought 5G Unlimited Mobile Plan demand would level off, but SignalBridge Mobile is still seeing urgent requests",2026-05-03T21:23:11Z,556,66,46,7751,0.651,,,normal,,2026-05-27T11:26:11Z
48498,4658,twitter,ext_twitter_00003958,Morning capacity review featuring Fiber Repair Appointment. FiberPath Broadband needs pre-positioned technician capacity,2026-05-25T21:13:55Z,97,5,35,15950,0.828,,,normal,,2026-05-27T11:26:11Z
48499,4564,youtube,ext_youtube_00003959,Added 5G Business Consultation to the high-priority service assurance path. Thank you PulsePoint 5G for closing the gap,2026-05-22T22:18:05Z,32,5,49,7618,0.818,,,normal,,2026-05-27T11:26:11Z
48500,4628,twitter,ext_twitter_00003960,Subscribers are asking about Student Mobile Plan through WellNest Family Plans; upgrade and activation demand is rising,2026-05-18T10:03:17Z,483,18,37,1833,0.793,,,normal,,2026-05-27T11:26:11Z
48501,4915,tiktok,ext_tiktok_00003961,Network operations is flagging 5G Unlimited Mobile Plan from SignalBridge Mobile as a capacity bottleneck this week,2026-05-27T02:53:48Z,849,92,38,2489,0.784,,,normal,,2026-05-27T11:26:11Z
48502,4927,youtube,ext_youtube_00003962,Small businesses need earlier visibility into field technician appointment availability,2026-05-05T01:07:02Z,9336,1302,444,78621,-0.048,,,rising,,2026-05-27T11:26:11Z
48503,4710,threads,ext_threads_00003963,Subscriber experience note - OrbitMotion IoT Fleet Telematics SIM Pack is the service everyone is trying to schedule right now,2026-05-21T11:49:26Z,23307,6825,4766,292871,0.307,,,viral,,2026-05-27T11:26:11Z
48504,4960,tiktok,ext_tiktok_00003964,Outage follow-up: demand for 5G Unlimited Mobile Plan is up and SignalBridge Mobile needs more field slots,2026-05-20T05:48:05Z,417,47,34,18042,0.379,,,normal,,2026-05-27T11:26:11Z
48505,4929,instagram,ext_instagram_00003965,"Two-week review of SignalBridge Mobile Premium International Roaming Pass: strong subscriber response, but capacity planning matters",2026-05-12T15:52:09Z,20794,11653,6611,733798,0.899,,,viral,,2026-05-27T11:26:11Z
48506,4911,twitter,ext_twitter_00003966,Families keep asking where to find Edge Compute Reservation. EnterpriseEdge Services is showing up in every upgrade thread,2026-05-24T13:57:11Z,415,66,42,16588,0.684,,,normal,,2026-05-27T11:26:11Z
48507,4901,twitter,ext_twitter_00003967,NOC huddle: prioritize SignalBridge Mobile Number Port-In Activation installs before the weekend streaming surge,2026-05-08T19:19:45Z,821,14,43,17831,0.32,,,normal,,2026-05-27T11:26:11Z
48508,4741,instagram,ext_instagram_00003968,Enterprise care teams are coordinating SLA-impact cases across regional service teams today,2026-05-03T11:52:25Z,21768,14993,7717,654833,0.072,,,viral,,2026-05-27T11:26:11Z
48509,4673,twitter,ext_twitter_00003969,"If your subscribers need New Line Activation, check WaveFirst Mobile availability early; appointment slots are moving fast",2026-05-12T03:50:17Z,47187,10900,5932,803569,0.391,,,viral,,2026-05-27T11:26:11Z
48510,4728,twitter,ext_twitter_00003970,Day 30 with the Fraud Resolution Case workflow and the field team says ClearMind Customer Care reduced manual follow-up,2026-05-27T10:03:10Z,628,46,43,6705,0.531,,,normal,,2026-05-27T11:26:11Z
48511,4588,twitter,ext_twitter_00003971,Recommended ClearMind Customer Care Outage Follow-Up Call to an account manager today because churn risk is the issue,2026-04-30T06:51:22Z,863,45,21,10374,0.469,,,normal,,2026-05-27T11:26:11Z
48512,4676,instagram,ext_instagram_00003972,"Thought Roaming Cost Coaching demand would level off, but RoamFlow Mobility is still seeing urgent requests",2026-05-26T11:21:04Z,113,91,23,6321,0.587,,,normal,,2026-05-27T11:26:11Z
48513,4899,instagram,ext_instagram_00003973,Morning capacity review featuring Network Congestion Plan Review. WellNest Family Plans needs pre-positioned technician capacity,2026-05-23T05:20:47Z,1766,627,226,98620,0.2,,,rising,,2026-05-27T11:26:11Z
48514,4803,threads,ext_threads_00003974,Added Fiber Repair Appointment to the high-priority service assurance path. Thank you FiberPath Broadband for closing the gap,2026-04-28T23:17:38Z,9446,1280,319,79443,0.647,,,rising,,2026-05-27T11:26:11Z
48515,4856,twitter,ext_twitter_00003975,Device-support channels are seeing increased activation demand after a handset launch,2026-05-26T22:11:24Z,578,57,42,4864,0.48,,,normal,,2026-05-27T11:26:11Z
48516,4963,threads,ext_threads_00003976,Network operations is flagging LTE Backup Gateway from HomeConnect Fixed Wireless as a capacity bottleneck this week,2026-05-12T22:33:17Z,2047,549,610,190293,0.721,,,rising,,2026-05-27T11:26:11Z
48517,4610,threads,ext_threads_00003977,Connected life teams need better outreach after recent storm-related service events,2026-05-06T14:56:30Z,4366,1123,933,186462,0.538,,,rising,,2026-05-27T11:26:11Z
48518,4929,instagram,ext_instagram_00003978,Subscriber experience note - MetroSupply Devices SIM Replacement Starter Kit is the service everyone is trying to schedule right now,2026-05-26T21:34:28Z,801,65,26,15635,0.473,,,normal,,2026-05-27T11:26:11Z
48519,4745,threads,ext_threads_00003979,Roaming bill questions are creating new handoffs to billing and retention teams,2026-05-22T06:45:10Z,503,25,32,11780,0.66,,,normal,,2026-05-27T11:26:11Z
48520,4901,twitter,ext_twitter_00003980,"Two-week review of PulsePoint 5G Home Wi-Fi Mesh Kit: strong subscriber response, but capacity planning matters",2026-05-05T21:09:18Z,4267,1604,563,179427,0.409,,,rising,,2026-05-27T11:26:11Z
48521,4596,instagram,ext_instagram_00003981,Families keep asking where to find 5G Mobile Hotspot Kit. MetroSupply Devices is showing up in every upgrade thread,2026-05-23T01:19:27Z,9597,1143,990,44906,0.395,,,rising,,2026-05-27T11:26:11Z
48522,5023,threads,ext_threads_00003982,NOC huddle: prioritize FiberPath Broadband Fiber Repair Appointment installs before the weekend streaming surge,2026-05-24T11:24:10Z,280,49,30,13183,0.356,,,normal,,2026-05-27T11:26:11Z
48523,4559,youtube,ext_youtube_00003983,Billing and usage signals are surfacing new need for Enterprise Account Navigation from EnterpriseEdge Services,2026-05-01T01:19:30Z,5958,1914,978,42222,0.537,,,rising,,2026-05-27T11:26:11Z
48524,4992,youtube,ext_youtube_00003984,"If your subscribers need Connected Device Monitoring Onboarding, check MetroSupply Devices availability early; appointment slots are moving fast",2026-04-28T19:48:54Z,466,51,34,10561,0.557,,,normal,,2026-05-27T11:26:11Z
48525,4590,threads,ext_threads_00003985,Day 30 with the Fiber Repair Appointment workflow and the field team says FiberPath Broadband reduced manual follow-up,2026-05-25T19:43:31Z,9654,1998,645,32487,0.632,,,rising,,2026-05-27T11:26:11Z
48526,4814,instagram,ext_instagram_00003986,Recommended FiberPath Broadband Small Business Fiber SLA to an account manager today because churn risk is the issue,2026-05-26T01:13:00Z,876,79,4,14443,0.426,,,normal,,2026-05-27T11:26:11Z
48527,4612,tiktok,ext_tiktok_00003987,Connected life teams need better outreach after recent storm-related service events,2026-05-20T17:34:54Z,18,71,5,15100,-0.062,,,normal,,2026-05-27T11:26:11Z
48528,4607,tiktok,ext_tiktok_00003988,Enterprise care teams are coordinating SLA-impact cases across regional service teams today,2026-05-09T23:12:39Z,283,85,11,789,-0.218,,,normal,,2026-05-27T11:26:11Z
48529,4568,twitter,ext_twitter_00003989,Added Customer Retention Intake to the high-priority service assurance path. Thank you ClearMind Customer Care for closing the gap,2026-05-20T22:21:16Z,960,39,45,18174,0.541,,,normal,,2026-05-27T11:26:11Z
48530,4791,twitter,ext_twitter_00003990,Subscribers are asking about Small Business Fiber SLA through FiberPath Broadband; upgrade and activation demand is rising,2026-05-22T09:08:42Z,933,22,13,7732,0.729,,,normal,,2026-05-27T11:26:11Z
48531,4782,tiktok,ext_tiktok_00003991,Network operations is flagging Outage Follow-Up Call from ClearMind Customer Care as a capacity bottleneck this week,2026-04-30T22:31:28Z,338,86,15,9412,0.821,,,normal,,2026-05-27T11:26:11Z
48532,5048,instagram,ext_instagram_00003992,Coverage update: Family Data Share Plan capacity at WellNest Family Plans is getting tight after a spike in service orders,2026-05-27T10:18:37Z,3120,1980,105,52800,0.88,,,rising,,2026-05-27T11:26:11Z
48533,4997,youtube,ext_youtube_00003993,Subscriber experience note - OrbitMotion IoT IoT Sensor Gateway Kit is the service everyone is trying to schedule right now,2026-05-22T13:05:34Z,430,62,0,17006,0.351,,,normal,,2026-05-27T11:26:11Z
48534,4681,instagram,ext_instagram_00003994,Outage follow-up: demand for Field Technician Evaluation is up and OrbitMotion IoT needs more field slots,2026-05-26T23:45:12Z,456,60,25,13587,0.247,,,normal,,2026-05-27T11:26:11Z
48535,4670,threads,ext_threads_00003995,"Two-week review of SignalBridge Mobile Premium International Roaming Pass: strong subscriber response, but capacity planning matters",2026-05-27T03:05:18Z,922,56,23,8377,0.759,,,normal,,2026-05-27T11:26:11Z
48536,4855,tiktok,ext_tiktok_00003996,Families keep asking where to find Enterprise Account Navigation. EnterpriseEdge Services is showing up in every upgrade thread,2026-05-27T04:39:58Z,5224,314,826,158249,0.611,,,rising,,2026-05-27T11:26:11Z
48537,4564,youtube,ext_youtube_00003997,Connected life teams need better outreach after recent storm-related service events,2026-05-03T23:56:00Z,5204,653,359,70010,-0.063,,,rising,,2026-05-27T11:26:11Z
48538,4920,tiktok,ext_tiktok_00003998,Billing and usage signals are surfacing new need for Roaming Cost Coaching from RoamFlow Mobility,2026-05-24T12:33:59Z,204,68,42,3452,0.253,,,normal,,2026-05-27T11:26:11Z
48539,4805,tiktok,ext_tiktok_00003999,"If your subscribers need IoT Sensor Gateway Kit, check OrbitMotion IoT availability early; appointment slots are moving fast",2026-05-20T20:31:00Z,8545,776,171,49356,0.48,,,rising,,2026-05-27T11:26:11Z
48540,4809,instagram,ext_instagram_00004000,Subscribers are asking for clearer instructions after fiber installation and faster follow-up windows,2026-05-09T18:50:03Z,570,80,23,9891,0.264,,,normal,,2026-05-27T11:26:11Z
48541,4727,tiktok,ext_tiktok_00004001,Recommended EnterpriseEdge Services Enterprise Account Navigation to an account manager today because churn risk is the issue,2026-05-20T02:03:38Z,252,32,7,1239,0.739,,,normal,,2026-05-27T11:26:11Z
48542,4922,youtube,ext_youtube_00004002,Small businesses need earlier visibility into field technician appointment availability,2026-05-20T03:19:41Z,617,66,47,14961,-0.084,,,normal,,2026-05-27T11:26:11Z
48543,4764,youtube,ext_youtube_00004003,Network monitoring alerts are helping the team catch congestion before call volume spikes,2026-05-13T15:04:18Z,389,60,49,11718,-0.081,,,normal,,2026-05-27T11:26:11Z
48544,4870,tiktok,ext_tiktok_00004004,Added Fraud Resolution Case to the high-priority service assurance path. Thank you ClearMind Customer Care for closing the gap,2026-05-12T02:24:57Z,8107,1614,236,190412,0.69,,,rising,,2026-05-27T11:26:11Z
48545,4876,twitter,ext_twitter_00004005,Subscribers are asking about Senior Connected Life Plan through SilverLine Connected Life; upgrade and activation demand is rising,2026-05-19T06:37:19Z,887,45,39,13141,0.261,,,normal,,2026-05-27T11:26:11Z
48546,4557,tiktok,ext_tiktok_00004006,Network operations is flagging New Line Activation from WaveFirst Mobile as a capacity bottleneck this week,2026-05-14T06:25:21Z,24378,5063,2810,245607,0.782,,,viral,,2026-05-27T11:26:11Z
48547,4651,instagram,ext_instagram_00004007,Coverage update: Churn Risk Save Offer capacity at WaveFirst Mobile is getting tight after a spike in service orders,2026-05-19T20:14:05Z,1919,801,851,121981,0.463,,,rising,,2026-05-27T11:26:11Z
48548,4980,tiktok,ext_tiktok_00004008,Enterprise care teams are coordinating SLA-impact cases across regional service teams today,2026-05-11T23:43:10Z,39822,13510,2545,964834,0.134,,,viral,,2026-05-27T11:26:11Z
48549,4702,tiktok,ext_tiktok_00004009,Outage follow-up: demand for Enterprise Account Navigation is up and EnterpriseEdge Services needs more field slots,2026-05-27T08:02:32Z,20041,14750,6407,330759,0.872,,,viral,,2026-05-27T11:26:11Z
48550,4608,twitter,ext_twitter_00004010,Subscribers are asking for clearer instructions after fiber installation and faster follow-up windows,2026-05-20T19:38:33Z,900,84,31,18997,-0.163,,,normal,,2026-05-27T11:26:11Z
48551,4987,youtube,ext_youtube_00004011,Families keep asking where to find Field Technician Evaluation. OrbitMotion IoT is showing up in every upgrade thread,2026-05-27T07:24:57Z,380323,95086,29530,17714203,0.467,,,mega_viral,,2026-05-27T11:26:11Z
48552,4886,twitter,ext_twitter_00004012,NOC huddle: prioritize WellNest Family Plans Student Mobile Plan installs before the weekend streaming surge,2026-05-08T06:33:50Z,9659,1669,887,105399,0.213,,,rising,,2026-05-27T11:26:11Z
48553,5015,tiktok,ext_tiktok_00004013,Network monitoring alerts are helping the team catch congestion before call volume spikes,2026-05-27T10:45:23Z,978,74,45,8509,0.81,,,normal,,2026-05-27T11:26:11Z
48554,4655,threads,ext_threads_00004014,"If your subscribers need Small Business Fiber SLA, check FiberPath Broadband availability early; appointment slots are moving fast",2026-05-26T20:16:43Z,256582,43121,49070,15002950,0.889,,,mega_viral,,2026-05-27T11:26:11Z
48555,4698,twitter,ext_twitter_00004015,Device-support channels are seeing increased activation demand after a handset launch,2026-05-08T17:23:11Z,6549,529,808,109006,0.026,,,rising,,2026-05-27T11:26:11Z
48556,4688,twitter,ext_twitter_00004016,Recommended FiberPath Broadband Fiber Repair Appointment to an account manager today because churn risk is the issue,2026-05-21T19:20:34Z,132,38,24,19137,0.402,,,normal,,2026-05-27T11:26:11Z
48557,5003,threads,ext_threads_00004017,"Thought Network Congestion Plan Review demand would level off, but WellNest Family Plans is still seeing urgent requests",2026-05-20T15:07:33Z,158,44,11,6029,0.256,,,normal,,2026-05-27T11:26:11Z
48558,4653,twitter,ext_twitter_00004018,Morning capacity review featuring Senior Connected Life Plan. SilverLine Connected Life needs pre-positioned technician capacity,2026-05-27T06:18:43Z,380,0,4,10871,0.58,,,normal,,2026-05-27T11:26:11Z
48559,5052,threads,ext_threads_00004019,Added Student Mobile Plan to the high-priority service assurance path. Thank you WellNest Family Plans for closing the gap,2026-05-17T09:05:53Z,99,94,32,18458,0.89,,,normal,,2026-05-27T11:26:11Z
48560,4890,tiktok,ext_tiktok_00004020,Subscribers are asking about New Line Activation through WaveFirst Mobile; upgrade and activation demand is rising,2026-05-07T19:53:25Z,953,51,41,14365,0.656,,,normal,,2026-05-27T11:26:11Z
48561,4632,tiktok,ext_tiktok_00004021,Network operations is flagging Device Upgrade Enrollment from PulsePoint 5G as a capacity bottleneck this week,2026-05-24T04:31:06Z,549,64,41,19727,0.452,,,normal,,2026-05-27T11:26:11Z
48562,4647,tiktok,ext_tiktok_00004022,Small businesses need earlier visibility into field technician appointment availability,2026-05-19T06:36:39Z,8123,1853,890,131192,0.433,,,rising,,2026-05-27T11:26:11Z
48563,4735,threads,ext_threads_00004023,Subscriber experience note - SignalBridge Mobile Premium International Roaming Pass is the service everyone is trying to schedule right now,2026-05-05T13:26:57Z,4276,219,252,168259,0.315,,,rising,,2026-05-27T11:26:11Z
48564,4977,youtube,ext_youtube_00004024,Outage follow-up: demand for Family Connectivity Support Session is up and SilverLine Connected Life needs more field slots,2026-05-15T23:00:16Z,413,72,6,8522,0.852,,,normal,,2026-05-27T11:26:11Z
48565,4641,instagram,ext_instagram_00004025,"Two-week review of OrbitMotion IoT IoT Sensor Gateway Kit: strong subscriber response, but capacity planning matters",2026-04-30T02:11:03Z,978,25,24,16680,0.283,,,normal,,2026-05-27T11:26:11Z
48566,4996,twitter,ext_twitter_00004026,Families keep asking for better Wi-Fi performance before evening streaming starts,2026-05-22T19:37:07Z,105,50,37,9986,-0.206,,,normal,,2026-05-27T11:26:11Z
48567,4719,youtube,ext_youtube_00004027,Connected life teams need better outreach after recent storm-related service events,2026-05-23T11:58:19Z,793,38,43,18646,0.226,,,normal,,2026-05-27T11:26:11Z
48568,4814,instagram,ext_instagram_00004028,Billing and usage signals are surfacing new need for Family Data Share Plan from WellNest Family Plans,2026-05-02T10:45:21Z,9430,788,682,179248,0.566,,,rising,,2026-05-27T11:26:11Z
48569,4689,youtube,ext_youtube_00004029,"If your subscribers need LTE Backup Gateway, check HomeConnect Fixed Wireless availability early; appointment slots are moving fast",2026-05-21T14:15:23Z,4976,728,346,62872,0.806,,,rising,,2026-05-27T11:26:11Z
48570,4565,threads,ext_threads_00004030,Day 30 with the 5G Mobile Hotspot Kit workflow and the field team says MetroSupply Devices reduced manual follow-up,2026-05-24T08:37:46Z,2192,1258,961,105940,0.82,,,rising,,2026-05-27T11:26:11Z
48571,4644,youtube,ext_youtube_00004031,Recommended OrbitMotion IoT Field Technician Evaluation to an account manager today because churn risk is the issue,2026-05-07T18:02:50Z,380,45,16,9376,0.741,,,normal,,2026-05-27T11:26:11Z
48572,4963,threads,ext_threads_00004032,Small businesses need earlier visibility into field technician appointment availability,2026-05-25T18:48:17Z,67,1,41,17250,-0.056,,,normal,,2026-05-27T11:26:11Z
48573,4777,tiktok,ext_tiktok_00004033,Morning capacity review featuring Home Wi-Fi Mesh Kit. PulsePoint 5G needs pre-positioned technician capacity,2026-05-15T09:23:50Z,7481,829,973,20259,0.785,,,rising,,2026-05-27T11:26:11Z
48574,4956,twitter,ext_twitter_00004034,Added Device Upgrade Enrollment to the high-priority service assurance path. Thank you PulsePoint 5G for closing the gap,2026-05-21T16:55:55Z,2755,1346,580,68171,0.641,,,rising,,2026-05-27T11:26:11Z
48575,4983,threads,ext_threads_00004035,Subscribers are asking about Fiber Appointment Scheduling through RoamFlow Mobility; upgrade and activation demand is rising,2026-05-20T06:42:37Z,281,78,17,9587,0.848,,,normal,,2026-05-27T11:26:11Z
48576,4676,instagram,ext_instagram_00004036,Network operations is flagging Fiber Appointment Scheduling from RoamFlow Mobility as a capacity bottleneck this week,2026-05-24T12:37:45Z,328,15,33,12409,0.597,,,normal,,2026-05-27T11:26:11Z
48577,4893,threads,ext_threads_00004037,Coverage update: Device Upgrade Enrollment capacity at PulsePoint 5G is getting tight after a spike in service orders,2026-04-27T18:30:03Z,613,79,41,2653,0.643,,,normal,,2026-05-27T11:26:11Z
48578,4665,threads,ext_threads_00004038,Subscriber experience note - MetroSupply Devices SIM Replacement Starter Kit is the service everyone is trying to schedule right now,2026-05-04T10:43:24Z,5072,899,468,66661,0.846,,,rising,,2026-05-27T11:26:11Z
48579,4614,youtube,ext_youtube_00004039,Roaming bill questions are creating new handoffs to billing and retention teams,2026-05-08T18:25:02Z,78,51,33,19668,0.397,,,normal,,2026-05-27T11:26:11Z
48580,4700,threads,ext_threads_00004040,"Two-week review of WaveFirst Mobile Churn Risk Save Offer: strong subscriber response, but capacity planning matters",2026-05-21T18:42:09Z,714,17,35,10385,0.935,,,normal,,2026-05-27T11:26:11Z
48581,4926,twitter,ext_twitter_00004041,Outage follow-up is the top request in our subscriber forum this week,2026-05-24T15:09:44Z,1688,736,384,53240,0.578,,,rising,,2026-05-27T11:26:11Z
48582,4708,twitter,ext_twitter_00004042,Small businesses need earlier visibility into field technician appointment availability,2026-05-24T04:57:07Z,21155,10495,6603,939348,0.633,,,viral,,2026-05-27T11:26:11Z
48583,4917,youtube,ext_youtube_00004043,Network monitoring alerts are helping the team catch congestion before call volume spikes,2026-04-29T06:15:12Z,959,19,19,13575,-0.248,,,normal,,2026-05-27T11:26:11Z
48584,4663,twitter,ext_twitter_00004044,"If your subscribers need 5G Business Consultation, check PulsePoint 5G availability early; appointment slots are moving fast",2026-05-17T06:25:59Z,8366,1096,235,69900,0.927,,,rising,,2026-05-27T11:26:11Z
48585,4802,youtube,ext_youtube_00004045,Device-support channels are seeing increased activation demand after a handset launch,2026-05-13T17:43:18Z,430,2,46,12242,0.717,,,normal,,2026-05-27T11:26:11Z
48586,4982,youtube,ext_youtube_00004046,Recommended SignalBridge Mobile Premium International Roaming Pass to an account manager today because churn risk is the issue,2026-05-27T11:08:03Z,711,27,26,8631,0.357,,,normal,,2026-05-27T11:26:11Z
48587,4896,twitter,ext_twitter_00004047,Connected life teams need better outreach after recent storm-related service events,2026-05-26T23:48:21Z,455,46,43,15599,-0.031,,,normal,,2026-05-27T11:26:11Z
48588,5008,threads,ext_threads_00004048,Morning capacity review featuring Smart Home Connectivity Assessment. HomeConnect Fixed Wireless needs pre-positioned technician capacity,2026-05-23T09:10:06Z,8999,1619,930,85684,0.387,,,rising,,2026-05-27T11:26:11Z
48589,4941,twitter,ext_twitter_00004049,Added LTE Backup Gateway to the high-priority service assurance path. Thank you HomeConnect Fixed Wireless for closing the gap,2026-05-03T05:34:50Z,637,93,16,4520,0.882,,,normal,,2026-05-27T11:26:11Z
48590,4589,youtube,ext_youtube_00004050,Subscribers are asking about New Line Activation through WaveFirst Mobile; upgrade and activation demand is rising,2026-05-25T02:09:56Z,313,67,40,10805,0.226,,,normal,,2026-05-27T11:26:11Z
48591,4646,instagram,ext_instagram_00004051,Network operations is flagging Connected Device Monitoring Onboarding from MetroSupply Devices as a capacity bottleneck this week,2026-05-20T01:18:03Z,659,16,13,3301,0.654,,,normal,,2026-05-27T11:26:11Z
48592,4881,twitter,ext_twitter_00004052,Coverage update: Enterprise Account Navigation capacity at EnterpriseEdge Services is getting tight after a spike in service orders,2026-05-21T13:51:39Z,765,79,38,2508,0.296,,,normal,,2026-05-27T11:26:11Z
48593,4717,tiktok,ext_tiktok_00004053,Subscriber experience note - FiberPath Broadband Small Business Fiber SLA is the service everyone is trying to schedule right now,2026-05-16T07:51:47Z,5878,1253,542,145659,0.893,,,rising,,2026-05-27T11:26:11Z
48594,4916,twitter,ext_twitter_00004054,Outage follow-up: demand for Fleet Telematics SIM Pack is up and OrbitMotion IoT needs more field slots,2026-05-19T19:04:30Z,222,78,9,8470,0.574,,,normal,,2026-05-27T11:26:11Z
48595,4718,twitter,ext_twitter_00004055,"Two-week review of HomeConnect Fixed Wireless Fixed Wireless Home Internet: strong subscriber response, but capacity planning matters",2026-05-19T11:30:22Z,21301,3244,5878,475623,0.506,,,viral,,2026-05-27T11:26:11Z
48596,4868,threads,ext_threads_00004056,Families keep asking where to find Connected Device Monitoring Onboarding. MetroSupply Devices is showing up in every upgrade thread,2026-05-14T14:47:18Z,616,78,18,4212,0.439,,,normal,,2026-05-27T11:26:11Z
48597,4672,tiktok,ext_tiktok_00004057,Connected life teams need better outreach after recent storm-related service events,2026-05-26T07:06:21Z,86,94,35,13044,-0.174,,,normal,,2026-05-27T11:26:11Z
48598,4883,threads,ext_threads_00004058,Billing and usage signals are surfacing new need for Customer Retention Intake from ClearMind Customer Care,2026-05-25T23:18:23Z,31115,13998,4553,247684,0.386,,,viral,,2026-05-27T11:26:11Z
48599,5020,tiktok,ext_tiktok_00004059,"If your subscribers need Fraud Resolution Case, check ClearMind Customer Care availability early; appointment slots are moving fast",2026-05-12T12:23:07Z,7496,1664,937,148324,0.314,,,rising,,2026-05-27T11:26:11Z
48600,4916,twitter,ext_twitter_00004060,Day 30 with the Edge Compute Reservation workflow and the field team says EnterpriseEdge Services reduced manual follow-up,2026-04-29T06:44:15Z,935,55,24,4495,0.937,,,normal,,2026-05-27T11:26:11Z
48601,4972,youtube,ext_youtube_00004061,Recommended WaveFirst Mobile Churn Risk Save Offer to an account manager today because churn risk is the issue,2026-05-19T02:49:42Z,630,90,3,10515,0.716,,,normal,,2026-05-27T11:26:11Z
48602,4701,instagram,ext_instagram_00004062,"Thought Student Mobile Plan demand would level off, but WellNest Family Plans is still seeing urgent requests",2026-05-23T09:20:35Z,771,56,45,17646,0.8,,,normal,,2026-05-27T11:26:11Z
48603,4557,tiktok,ext_tiktok_00004063,Morning capacity review featuring Home Wi-Fi Mesh Kit. PulsePoint 5G needs pre-positioned technician capacity,2026-05-23T22:44:27Z,3839,1815,253,59718,0.627,,,rising,,2026-05-27T11:26:11Z
48604,4564,youtube,ext_youtube_00004064,Added Connected Device Monitoring Onboarding to the high-priority service assurance path. Thank you MetroSupply Devices for closing the gap,2026-05-23T08:50:43Z,6059,866,621,164880,0.317,,,rising,,2026-05-27T11:26:11Z
48605,4564,youtube,ext_youtube_00004065,Device-support channels are seeing increased activation demand after a handset launch,2026-05-24T16:25:58Z,4149,589,120,130665,0.104,,,rising,,2026-05-27T11:26:11Z
48606,4799,instagram,ext_instagram_00004066,Families keep asking for better Wi-Fi performance before evening streaming starts,2026-05-16T06:11:23Z,148,76,6,12196,-0.051,,,normal,,2026-05-27T11:26:11Z
48607,4980,tiktok,ext_tiktok_00004067,Connected life teams need better outreach after recent storm-related service events,2026-05-27T11:08:44Z,429,29,16,7949,0.12,,,normal,,2026-05-27T11:26:11Z
48608,4693,twitter,ext_twitter_00004068,Subscriber experience note - PulsePoint 5G Device Upgrade Enrollment is the service everyone is trying to schedule right now,2026-04-30T03:42:11Z,97,82,43,7734,0.262,,,normal,,2026-05-27T11:26:11Z
48609,4954,instagram,ext_instagram_00004069,Outage follow-up: demand for Student Mobile Plan is up and WellNest Family Plans needs more field slots,2026-05-26T15:22:00Z,1325,762,607,45977,0.941,,,rising,,2026-05-27T11:26:11Z
48610,4769,youtube,ext_youtube_00004070,Subscribers are asking for clearer instructions after fiber installation and faster follow-up windows,2026-05-10T08:00:13Z,663,10,6,9600,0.356,,,normal,,2026-05-27T11:26:11Z
48611,4842,youtube,ext_youtube_00004071,Families keep asking where to find Churn Risk Save Offer. WaveFirst Mobile is showing up in every upgrade thread,2026-05-21T18:07:36Z,179,94,3,17366,0.662,,,normal,,2026-05-27T11:26:11Z
48612,4726,instagram,ext_instagram_00004072,NOC huddle: prioritize OrbitMotion IoT IoT Sensor Gateway Kit installs before the weekend streaming surge,2026-05-27T11:20:54Z,720,0,13,17185,0.88,,,normal,,2026-05-27T11:26:11Z
48613,4605,threads,ext_threads_00004073,Billing and usage signals are surfacing new need for Senior Connected Life Plan from SilverLine Connected Life,2026-05-03T06:30:59Z,86,44,12,19519,0.26,,,normal,,2026-05-27T11:26:11Z
48614,4702,tiktok,ext_tiktok_00004074,Coverage gaps are delaying service assurance for several subscriber groups,2026-05-24T19:19:36Z,922,34,49,9591,0.486,,,normal,,2026-05-27T11:26:11Z
48615,4866,twitter,ext_twitter_00004075,Day 30 with the Family Connectivity Support Session workflow and the field team says SilverLine Connected Life reduced manual follow-up,2026-05-11T02:48:32Z,4044,1148,406,88683,0.704,,,rising,,2026-05-27T11:26:11Z
48616,4779,youtube,ext_youtube_00004076,Recommended OrbitMotion IoT Fleet Telematics SIM Pack to an account manager today because churn risk is the issue,2026-05-23T00:29:07Z,8760,934,265,57893,0.326,,,rising,,2026-05-27T11:26:11Z
48617,4902,youtube,ext_youtube_00004077,Connected life teams need better outreach after recent storm-related service events,2026-05-27T10:41:31Z,379,78,32,15501,0.696,,,normal,,2026-05-27T11:26:11Z
48618,4855,tiktok,ext_tiktok_00004078,Morning capacity review featuring Churn Risk Save Offer. WaveFirst Mobile needs pre-positioned technician capacity,2026-05-27T05:15:33Z,515,53,34,8407,0.206,,,normal,,2026-05-27T11:26:11Z
48619,4806,twitter,ext_twitter_00004079,Roaming bill questions are creating new handoffs to billing and retention teams,2026-05-06T11:33:42Z,8998,1010,270,91744,0.233,,,rising,,2026-05-27T11:26:11Z
48620,4724,youtube,ext_youtube_00004080,Subscribers are asking for clearer instructions after fiber installation and faster follow-up windows,2026-05-25T13:06:47Z,373,23,38,7131,0.299,,,normal,,2026-05-27T11:26:11Z
48621,5023,threads,ext_threads_00004081,Outage follow-up is the top request in our subscriber forum this week,2026-05-10T07:39:28Z,4768,1355,424,167780,0.657,,,rising,,2026-05-27T11:26:11Z
48622,4654,youtube,ext_youtube_00004082,Coverage update: Connected Device Monitoring Onboarding capacity at MetroSupply Devices is getting tight after a spike in service orders,2026-05-24T12:24:40Z,121,13,28,14603,0.465,,,normal,,2026-05-27T11:26:11Z
48623,4960,tiktok,ext_tiktok_00004083,Subscriber experience note - HomeConnect Fixed Wireless Fixed Wireless Home Internet is the service everyone is trying to schedule right now,2026-05-17T08:42:48Z,818,97,6,3126,0.244,,,normal,,2026-05-27T11:26:11Z
48624,4990,tiktok,ext_tiktok_00004084,Coverage gaps are delaying service assurance for several subscriber groups,2026-05-01T05:31:37Z,291,59,23,873,-0.252,,,normal,,2026-05-27T11:26:11Z
48625,4750,threads,ext_threads_00004085,"Two-week review of WellNest Family Plans Student Mobile Plan: strong subscriber response, but capacity planning matters",2026-05-22T21:37:24Z,3365,861,215,167564,0.534,,,rising,,2026-05-27T11:26:11Z
48626,4671,instagram,ext_instagram_00004086,Families keep asking where to find Network Congestion Plan Review. WellNest Family Plans is showing up in every upgrade thread,2026-05-22T05:06:51Z,588,53,10,3633,0.378,,,normal,,2026-05-27T11:26:11Z
48627,4921,twitter,ext_twitter_00004087,NOC huddle: prioritize WellNest Family Plans Family Data Share Plan installs before the weekend streaming surge,2026-05-05T13:53:11Z,816,76,3,12640,0.433,,,normal,,2026-05-27T11:26:11Z
48628,4711,instagram,ext_instagram_00004088,Enterprise care teams are coordinating SLA-impact cases across regional service teams today,2026-05-27T11:16:13Z,10,29,7,8901,0.105,,,normal,,2026-05-27T11:26:11Z
48629,4874,instagram,ext_instagram_00004089,"If your subscribers need Premium International Roaming Pass, check SignalBridge Mobile availability early; appointment slots are moving fast",2026-04-28T10:39:32Z,646,7,45,9869,0.256,,,normal,,2026-05-27T11:26:11Z
48630,4733,twitter,ext_twitter_00004090,Day 30 with the Family Connectivity Support Session workflow and the field team says SilverLine Connected Life reduced manual follow-up,2026-05-18T11:55:03Z,721,34,40,1062,0.779,,,normal,,2026-05-27T11:26:11Z
48631,5048,instagram,ext_instagram_00004091,Recommended OrbitMotion IoT IoT Sensor Gateway Kit to an account manager today because churn risk is the issue,2026-05-14T17:28:42Z,865,52,23,4537,0.345,,,normal,,2026-05-27T11:26:11Z
48632,5046,youtube,ext_youtube_00004092,"Thought Enterprise Account Navigation demand would level off, but EnterpriseEdge Services is still seeing urgent requests",2026-05-27T05:27:32Z,842,64,34,1462,0.924,,,normal,,2026-05-27T11:26:11Z
48633,4821,twitter,ext_twitter_00004093,Morning capacity review featuring 5G Mobile Hotspot Kit. MetroSupply Devices needs pre-positioned technician capacity,2026-05-17T10:38:54Z,183,97,12,3133,0.276,,,normal,,2026-05-27T11:26:11Z
48634,4542,tiktok,ext_tiktok_00004094,Coverage gaps are delaying service assurance for several subscriber groups,2026-05-23T01:36:43Z,3036,527,560,68275,0.59,,,rising,,2026-05-27T11:26:11Z
48635,4780,threads,ext_threads_00004095,Subscribers are asking about Student Mobile Plan through WellNest Family Plans; upgrade and activation demand is rising,2026-05-09T17:16:24Z,196,45,44,18250,0.587,,,normal,,2026-05-27T11:26:11Z
48636,5012,youtube,ext_youtube_00004096,Families keep asking for better Wi-Fi performance before evening streaming starts,2026-05-23T04:55:02Z,7896,1254,874,41549,0.887,,,rising,,2026-05-27T11:26:11Z
48637,4858,threads,ext_threads_00004097,Coverage update: Edge Compute Reservation capacity at EnterpriseEdge Services is getting tight after a spike in service orders,2026-05-08T01:05:27Z,1107,248,524,68421,0.848,,,rising,,2026-05-27T11:26:11Z
48638,4883,threads,ext_threads_00004098,Subscriber experience note - MetroSupply Devices 5G Mobile Hotspot Kit is the service everyone is trying to schedule right now,2026-05-26T01:34:37Z,670,35,3,4171,0.314,,,normal,,2026-05-27T11:26:11Z
48639,4568,twitter,ext_twitter_00004099,Outage follow-up: demand for Fleet Telematics SIM Pack is up and OrbitMotion IoT needs more field slots,2026-05-24T21:31:30Z,36068,5849,1226,257520,0.54,,,viral,,2026-05-27T11:26:11Z
48640,4584,youtube,ext_youtube_00004100,"Two-week review of OrbitMotion IoT Fleet Telematics SIM Pack: strong subscriber response, but capacity planning matters",2026-05-03T20:22:29Z,6951,1827,581,25920,0.286,,,rising,,2026-05-27T11:26:11Z
48641,4817,youtube,ext_youtube_00004101,Families keep asking where to find Fixed Wireless Home Internet. HomeConnect Fixed Wireless is showing up in every upgrade thread,2026-05-27T07:16:33Z,870,89,36,184,0.335,,,normal,,2026-05-27T11:26:11Z
48642,4913,threads,ext_threads_00004102,Small businesses need earlier visibility into field technician appointment availability,2026-05-22T03:03:41Z,430,7,27,17847,0.256,,,normal,,2026-05-27T11:26:11Z
48643,4993,threads,ext_threads_00004103,Network monitoring alerts are helping the team catch congestion before call volume spikes,2026-05-27T02:42:07Z,527,69,3,16344,-0.269,,,normal,,2026-05-27T11:26:11Z
48644,4776,instagram,ext_instagram_00004104,"If your subscribers need Home Wi-Fi Mesh Kit, check PulsePoint 5G availability early; appointment slots are moving fast",2026-05-25T18:45:59Z,332,0,15,6533,0.916,,,normal,,2026-05-27T11:26:11Z
48645,4649,youtube,ext_youtube_00004105,Day 30 with the 5G Business Consultation workflow and the field team says PulsePoint 5G reduced manual follow-up,2026-05-10T06:30:34Z,7428,973,796,53425,0.578,,,rising,,2026-05-27T11:26:11Z
48646,5053,instagram,ext_instagram_00004106,Recommended WaveFirst Mobile New Line Activation to an account manager today because churn risk is the issue,2026-05-12T12:04:09Z,952,11,43,15391,0.325,,,normal,,2026-05-27T11:26:11Z
48647,4650,threads,ext_threads_00004107,Connected life teams need better outreach after recent storm-related service events,2026-05-24T08:34:29Z,472,61,38,13016,0.646,,,normal,,2026-05-27T11:26:11Z
48648,4934,instagram,ext_instagram_00004108,Morning capacity review featuring Fraud Resolution Case. ClearMind Customer Care needs pre-positioned technician capacity,2026-05-26T12:00:11Z,790,56,6,1130,0.394,,,normal,,2026-05-27T11:26:11Z
48649,4610,threads,ext_threads_00004109,Roaming bill questions are creating new handoffs to billing and retention teams,2026-05-12T17:17:20Z,16,66,20,6915,-0.249,,,normal,,2026-05-27T11:26:11Z
48650,4557,tiktok,ext_tiktok_00004110,Subscribers are asking about Home Wi-Fi Mesh Kit through PulsePoint 5G; upgrade and activation demand is rising,2026-05-04T22:26:26Z,851,55,44,17474,0.621,,,normal,,2026-05-27T11:26:11Z
48651,5049,tiktok,ext_tiktok_00004111,Outage follow-up is the top request in our subscriber forum this week,2026-05-16T14:23:37Z,602,24,34,16152,0.634,,,normal,,2026-05-27T11:26:11Z
48652,4701,instagram,ext_instagram_00004112,Coverage update: Fiber Appointment Scheduling capacity at RoamFlow Mobility is getting tight after a spike in service orders,2026-05-24T13:43:50Z,836,65,8,473,0.299,,,normal,,2026-05-27T11:26:11Z
48653,4575,threads,ext_threads_00004113,Network monitoring alerts are helping the team catch congestion before call volume spikes,2026-04-30T16:33:31Z,6520,1867,760,183172,0.894,,,rising,,2026-05-27T11:26:11Z
48654,4717,tiktok,ext_tiktok_00004114,Outage follow-up: demand for Fixed Wireless Home Internet is up and HomeConnect Fixed Wireless needs more field slots,2026-05-17T15:48:03Z,921,60,26,11825,0.779,,,normal,,2026-05-27T11:26:11Z
48655,4698,twitter,ext_twitter_00004115,"Two-week review of HomeConnect Fixed Wireless Smart Home Connectivity Assessment: strong subscriber response, but capacity planning matters",2026-05-05T17:12:01Z,532,88,43,15265,0.834,,,normal,,2026-05-27T11:26:11Z
48656,4858,threads,ext_threads_00004116,Families keep asking where to find IoT Sensor Gateway Kit. OrbitMotion IoT is showing up in every upgrade thread,2026-05-24T13:03:17Z,698,85,30,5742,0.797,,,normal,,2026-05-27T11:26:11Z
48657,4725,threads,ext_threads_00004117,NOC huddle: prioritize HomeConnect Fixed Wireless Fixed Wireless Home Internet installs before the weekend streaming surge,2026-05-18T18:02:16Z,996,24,2,15870,0.791,,,normal,,2026-05-27T11:26:11Z
48658,4849,instagram,ext_instagram_00004118,Billing and usage signals are surfacing new need for Premium International Roaming Pass from SignalBridge Mobile,2026-05-01T07:00:01Z,976,86,16,1573,0.863,,,normal,,2026-05-27T11:26:11Z
48659,5016,twitter,ext_twitter_00004119,"If your subscribers need Senior Connected Life Plan, check SilverLine Connected Life availability early; appointment slots are moving fast",2026-05-19T13:05:38Z,2181,1050,435,108257,0.733,,,rising,,2026-05-27T11:26:11Z
48660,4709,youtube,ext_youtube_00004120,Day 30 with the Enterprise Account Navigation workflow and the field team says EnterpriseEdge Services reduced manual follow-up,2026-05-26T19:00:46Z,236,35,20,8418,0.676,,,normal,,2026-05-27T11:26:11Z
48661,4901,twitter,ext_twitter_00004121,Recommended WaveFirst Mobile Churn Risk Save Offer to an account manager today because churn risk is the issue,2026-05-17T04:21:12Z,116,11,7,2289,0.489,,,normal,,2026-05-27T11:26:11Z
48662,4557,tiktok,ext_tiktok_00004122,Small businesses need earlier visibility into field technician appointment availability,2026-05-14T09:55:46Z,2009,1054,639,132347,0.608,,,rising,,2026-05-27T11:26:11Z
48663,4881,twitter,ext_twitter_00004123,Network monitoring alerts are helping the team catch congestion before call volume spikes,2026-05-25T19:39:55Z,1681,1317,513,94398,-0.101,,,rising,,2026-05-27T11:26:11Z
48664,4881,twitter,ext_twitter_00004124,Coverage gaps are delaying service assurance for several subscriber groups,2026-04-28T06:39:14Z,1950,629,425,147334,0.089,,,rising,,2026-05-27T11:26:11Z
48665,4544,youtube,ext_youtube_00004125,Subscribers are asking about Fraud Resolution Case through ClearMind Customer Care; upgrade and activation demand is rising,2026-05-27T06:01:36Z,371,55,20,14713,0.256,,,normal,,2026-05-27T11:26:11Z
48666,4944,instagram,ext_instagram_00004126,Families keep asking for better Wi-Fi performance before evening streaming starts,2026-05-27T10:54:35Z,8362,929,918,161007,0.249,,,rising,,2026-05-27T11:26:11Z
48667,4820,tiktok,ext_tiktok_00004127,Connected life teams need better outreach after recent storm-related service events,2026-05-27T01:33:07Z,667,45,22,4156,0.282,,,normal,,2026-05-27T11:26:11Z
48668,4644,youtube,ext_youtube_00004128,Subscriber experience note - HomeConnect Fixed Wireless Fixed Wireless Home Internet is the service everyone is trying to schedule right now,2026-05-27T06:47:14Z,17873,10649,2653,472484,0.265,,,viral,,2026-05-27T11:26:11Z
48669,4708,twitter,ext_twitter_00004129,Outage follow-up: demand for Outage Follow-Up Call is up and ClearMind Customer Care needs more field slots,2026-05-19T23:42:28Z,438,55,39,19650,0.229,,,normal,,2026-05-27T11:26:11Z
48670,4779,youtube,ext_youtube_00004130,Subscribers are asking for clearer instructions after fiber installation and faster follow-up windows,2026-05-25T22:22:40Z,1719,997,162,84666,0.111,,,rising,,2026-05-27T11:26:11Z
48671,4717,tiktok,ext_tiktok_00004131,Families keep asking where to find 5G Business Consultation. PulsePoint 5G is showing up in every upgrade thread,2026-05-16T21:45:51Z,8410,1986,776,175135,0.576,,,rising,,2026-05-27T11:26:11Z
48672,5018,threads,ext_threads_00004132,NOC huddle: prioritize EnterpriseEdge Services Enterprise Account Navigation installs before the weekend streaming surge,2026-05-22T15:53:54Z,13574,7009,6642,200802,0.745,,,viral,,2026-05-27T11:26:11Z
48673,4984,instagram,ext_instagram_00004133,Billing and usage signals are surfacing new need for Churn Risk Save Offer from WaveFirst Mobile,2026-05-25T12:13:06Z,741,23,40,6501,0.61,,,normal,,2026-05-27T11:26:11Z
48674,4792,youtube,ext_youtube_00004134,"If your subscribers need Fleet Telematics SIM Pack, check OrbitMotion IoT availability early; appointment slots are moving fast",2026-05-17T22:48:19Z,23,5,37,7026,0.535,,,normal,,2026-05-27T11:26:11Z
48675,4655,threads,ext_threads_00004135,Day 30 with the Senior Connected Life Plan workflow and the field team says SilverLine Connected Life reduced manual follow-up,2026-05-24T20:18:53Z,107,87,45,3712,0.95,,,normal,,2026-05-27T11:26:11Z
48676,4591,instagram,ext_instagram_00004136,Families keep asking for better Wi-Fi performance before evening streaming starts,2026-05-13T12:15:06Z,129,79,23,746,-0.106,,,normal,,2026-05-27T11:26:11Z
48677,4759,youtube,ext_youtube_00004137,"Thought Small Business Fiber SLA demand would level off, but FiberPath Broadband is still seeing urgent requests",2026-05-12T07:03:19Z,214,91,29,14083,0.643,,,normal,,2026-05-27T11:26:11Z
48678,4697,tiktok,ext_tiktok_00004138,Morning capacity review featuring Connected Device Monitoring Onboarding. MetroSupply Devices needs pre-positioned technician capacity,2026-05-22T08:45:39Z,348,61,48,3582,0.27,,,normal,,2026-05-27T11:26:11Z
48679,4903,threads,ext_threads_00004139,Added 5G Unlimited Mobile Plan to the high-priority service assurance path. Thank you SignalBridge Mobile for closing the gap,2026-05-19T11:59:27Z,970,85,38,9965,0.204,,,normal,,2026-05-27T11:26:11Z
48680,4574,youtube,ext_youtube_00004140,Subscribers are asking about Field Technician Evaluation through OrbitMotion IoT; upgrade and activation demand is rising,2026-05-23T03:13:47Z,517,57,23,12888,0.596,,,normal,,2026-05-27T11:26:11Z
48681,4955,tiktok,ext_tiktok_00004141,Network operations is flagging Fraud Resolution Case from ClearMind Customer Care as a capacity bottleneck this week,2026-05-08T21:52:43Z,566,69,22,6670,0.715,,,normal,,2026-05-27T11:26:11Z
48682,4981,twitter,ext_twitter_00004142,Small businesses need earlier visibility into field technician appointment availability,2026-05-04T02:45:52Z,3874,1033,952,72232,0.806,,,rising,,2026-05-27T11:26:11Z
48683,4986,twitter,ext_twitter_00004143,Subscriber experience note - FiberPath Broadband Gigabit Fiber Install is the service everyone is trying to schedule right now,2026-05-26T21:25:14Z,2140,1086,243,53755,0.82,,,rising,,2026-05-27T11:26:11Z
48684,4871,twitter,ext_twitter_00004144,Outage follow-up: demand for Small Business Fiber SLA is up and FiberPath Broadband needs more field slots,2026-05-22T18:56:29Z,176,36,17,15389,0.22,,,normal,,2026-05-27T11:26:11Z
48685,4846,twitter,ext_twitter_00004145,Device-support channels are seeing increased activation demand after a handset launch,2026-05-27T05:15:43Z,590,50,26,8002,-0.101,,,normal,,2026-05-27T11:26:11Z
48686,4577,tiktok,ext_tiktok_00004146,Families keep asking for better Wi-Fi performance before evening streaming starts,2026-05-27T03:48:02Z,605,66,35,11859,-0.236,,,normal,,2026-05-27T11:26:11Z
48687,4642,tiktok,ext_tiktok_00004147,NOC huddle: prioritize EnterpriseEdge Services Edge Compute Reservation installs before the weekend streaming surge,2026-05-13T11:49:41Z,507,56,0,3900,0.756,,,normal,,2026-05-27T11:26:11Z
48688,4806,twitter,ext_twitter_00004148,Billing and usage signals are surfacing new need for Connected Device Monitoring Onboarding from MetroSupply Devices,2026-05-17T03:29:05Z,712,17,37,10453,0.384,,,normal,,2026-05-27T11:26:11Z
48689,4912,youtube,ext_youtube_00004149,"If your subscribers need 5G Mobile Hotspot Kit, check MetroSupply Devices availability early; appointment slots are moving fast",2026-05-27T04:28:33Z,705,65,34,17474,0.65,,,normal,,2026-05-27T11:26:11Z
48690,4716,instagram,ext_instagram_00004150,Day 30 with the Home Wi-Fi Mesh Kit workflow and the field team says PulsePoint 5G reduced manual follow-up,2026-05-11T18:17:36Z,56,73,37,5713,0.693,,,normal,,2026-05-27T11:26:11Z
48691,4795,tiktok,ext_tiktok_00004151,Recommended MetroSupply Devices Connected Device Monitoring Onboarding to an account manager today because churn risk is the issue,2026-05-26T07:02:47Z,35176,13699,2416,922082,0.554,,,viral,,2026-05-27T11:26:11Z
48692,4855,tiktok,ext_tiktok_00004152,"Thought Home Wi-Fi Mesh Kit demand would level off, but PulsePoint 5G is still seeing urgent requests",2026-05-12T05:39:23Z,702,62,38,2982,0.556,,,normal,,2026-05-27T11:26:11Z
48693,5000,tiktok,ext_tiktok_00004153,Network monitoring alerts are helping the team catch congestion before call volume spikes,2026-05-18T13:12:47Z,14377,6762,4825,886702,0.156,,,viral,,2026-05-27T11:26:11Z
48694,5055,twitter,ext_twitter_00004154,Coverage gaps are delaying service assurance for several subscriber groups,2026-05-17T20:38:28Z,704,75,42,2633,0.102,,,normal,,2026-05-27T11:26:11Z
48695,4993,threads,ext_threads_00004155,Device-support channels are seeing increased activation demand after a handset launch,2026-05-25T09:52:15Z,483,5,49,7854,-0.283,,,normal,,2026-05-27T11:26:11Z
48696,4847,youtube,ext_youtube_00004156,Families keep asking for better Wi-Fi performance before evening streaming starts,2026-05-13T13:59:13Z,927,15,40,13185,0.237,,,normal,,2026-05-27T11:26:11Z
48697,4732,tiktok,ext_tiktok_00004157,Coverage update: Family Data Share Plan capacity at WellNest Family Plans is getting tight after a spike in service orders,2026-05-21T21:40:51Z,780,28,5,14824,0.703,,,normal,,2026-05-27T11:26:11Z
48698,4824,instagram,ext_instagram_00004158,Enterprise care teams are coordinating SLA-impact cases across regional service teams today,2026-05-13T11:02:56Z,192,95,12,9770,-0.121,,,normal,,2026-05-27T11:26:11Z
48699,4963,threads,ext_threads_00004159,Outage follow-up: demand for 5G Business Consultation is up and PulsePoint 5G needs more field slots,2026-05-17T18:57:24Z,974,88,0,878,0.879,,,normal,,2026-05-27T11:26:11Z
48700,5058,instagram,ext_instagram_00004160,"Two-week review of PulsePoint 5G Home Wi-Fi Mesh Kit: strong subscriber response, but capacity planning matters",2026-05-14T14:09:54Z,542,21,40,12988,0.383,,,normal,,2026-05-27T11:26:11Z
48701,4715,threads,ext_threads_00004161,Outage follow-up is the top request in our subscriber forum this week,2026-05-26T04:53:55Z,203,95,14,4583,0.736,,,normal,,2026-05-27T11:26:11Z
48702,4859,instagram,ext_instagram_00004162,NOC huddle: prioritize PulsePoint 5G 5G Business Consultation installs before the weekend streaming surge,2026-05-16T01:19:18Z,545,0,3,18270,0.748,,,normal,,2026-05-27T11:26:11Z
48703,4803,threads,ext_threads_00004163,Billing and usage signals are surfacing new need for Outage Follow-Up Call from ClearMind Customer Care,2026-04-27T20:37:46Z,739,90,5,7898,0.554,,,normal,,2026-05-27T11:26:11Z
48704,4951,twitter,ext_twitter_00004164,"If your subscribers need Premium International Roaming Pass, check SignalBridge Mobile availability early; appointment slots are moving fast",2026-05-27T09:03:33Z,973,96,47,4811,0.769,,,normal,,2026-05-27T11:26:11Z
48705,4615,threads,ext_threads_00004165,Device-support channels are seeing increased activation demand after a handset launch,2026-05-27T06:13:57Z,31106,12708,2034,948779,0.406,,,viral,,2026-05-27T11:26:11Z
48706,5048,instagram,ext_instagram_00004166,Recommended RoamFlow Mobility Fiber Appointment Scheduling to an account manager today because churn risk is the issue,2026-05-01T19:31:37Z,499,52,37,16360,0.351,,,normal,,2026-05-27T11:26:11Z
48707,5013,threads,ext_threads_00004167,"Thought Network Congestion Plan Review demand would level off, but WellNest Family Plans is still seeing urgent requests",2026-05-23T21:35:41Z,456,4,36,19004,0.265,,,normal,,2026-05-27T11:26:11Z
48708,4850,tiktok,ext_tiktok_00004168,Morning capacity review featuring Connected Device Monitoring Onboarding. MetroSupply Devices needs pre-positioned technician capacity,2026-04-28T01:58:08Z,633,12,3,14725,0.92,,,normal,,2026-05-27T11:26:11Z
48709,4814,instagram,ext_instagram_00004169,Added Student Mobile Plan to the high-priority service assurance path. Thank you WellNest Family Plans for closing the gap,2026-05-21T07:49:05Z,17,32,6,19482,0.494,,,normal,,2026-05-27T11:26:11Z
48710,4729,youtube,ext_youtube_00004170,Subscribers are asking about Customer Retention Intake through ClearMind Customer Care; upgrade and activation demand is rising,2026-05-27T11:02:20Z,502,3,5,18995,0.344,,,normal,,2026-05-27T11:26:11Z
48711,4922,youtube,ext_youtube_00004171,Outage follow-up is the top request in our subscriber forum this week,2026-05-18T03:36:16Z,328,32,3,17661,0.635,,,normal,,2026-05-27T11:26:11Z
48712,4560,threads,ext_threads_00004172,Small businesses need earlier visibility into field technician appointment availability,2026-05-15T17:11:33Z,439,7,17,10701,-0.019,,,normal,,2026-05-27T11:26:11Z
48713,4871,twitter,ext_twitter_00004173,Subscriber experience note - HomeConnect Fixed Wireless Smart Home Connectivity Assessment is the service everyone is trying to schedule right now,2026-05-07T22:38:43Z,127,70,19,11039,0.74,,,normal,,2026-05-27T11:26:11Z
48714,4747,tiktok,ext_tiktok_00004174,Outage follow-up: demand for New Line Activation is up and WaveFirst Mobile needs more field slots,2026-05-03T18:26:23Z,647,50,38,11713,0.935,,,normal,,2026-05-27T11:26:11Z
48715,4682,tiktok,ext_tiktok_00004175,Device-support channels are seeing increased activation demand after a handset launch,2026-05-21T10:24:16Z,722,56,15,9836,0.037,,,normal,,2026-05-27T11:26:11Z
48716,4746,instagram,ext_instagram_00004176,Families keep asking for better Wi-Fi performance before evening streaming starts,2026-05-18T12:30:08Z,344,37,23,14765,-0.276,,,normal,,2026-05-27T11:26:11Z
48717,4695,threads,ext_threads_00004177,Connected life teams need better outreach after recent storm-related service events,2026-05-22T04:12:24Z,770,74,8,8630,-0.243,,,normal,,2026-05-27T11:26:11Z
48718,4921,twitter,ext_twitter_00004178,Billing and usage signals are surfacing new need for Premium International Roaming Pass from SignalBridge Mobile,2026-05-18T18:35:44Z,756,14,32,8949,0.447,,,normal,,2026-05-27T11:26:11Z
48719,4597,tiktok,ext_tiktok_00004179,Roaming bill questions are creating new handoffs to billing and retention teams,2026-05-27T06:31:05Z,904,12,10,5109,-0.168,,,normal,,2026-05-27T11:26:11Z
48720,4854,instagram,ext_instagram_00004180,Subscribers are asking for clearer instructions after fiber installation and faster follow-up windows,2026-04-30T20:16:43Z,15,69,33,14009,0.41,,,normal,,2026-05-27T11:26:11Z
48721,4746,instagram,ext_instagram_00004181,Outage follow-up is the top request in our subscriber forum this week,2026-05-23T02:31:54Z,972,13,5,387,-0.138,,,normal,,2026-05-27T11:26:11Z
48722,4699,youtube,ext_youtube_00004182,Small businesses need earlier visibility into field technician appointment availability,2026-05-05T22:03:16Z,260,6,2,12240,0.341,,,normal,,2026-05-27T11:26:11Z
48723,4725,threads,ext_threads_00004183,Morning capacity review featuring Customer Retention Intake. ClearMind Customer Care needs pre-positioned technician capacity,2026-05-02T11:47:23Z,72,15,32,6449,0.244,,,normal,,2026-05-27T11:26:11Z
48724,5000,tiktok,ext_tiktok_00004184,Added Home Wi-Fi Mesh Kit to the high-priority service assurance path. Thank you PulsePoint 5G for closing the gap,2026-05-25T05:04:32Z,144,10,45,3105,0.881,,,normal,,2026-05-27T11:26:11Z
48725,4649,youtube,ext_youtube_00004185,Subscribers are asking about Outage Follow-Up Call through ClearMind Customer Care; upgrade and activation demand is rising,2026-05-27T02:33:42Z,987,65,35,6595,0.922,,,normal,,2026-05-27T11:26:11Z
48726,4718,twitter,ext_twitter_00004186,Network operations is flagging Customer Retention Intake from ClearMind Customer Care as a capacity bottleneck this week,2026-05-03T08:19:02Z,3126,1101,930,174775,0.449,,,rising,,2026-05-27T11:26:11Z
48727,4868,threads,ext_threads_00004187,Coverage update: Device Upgrade Enrollment capacity at PulsePoint 5G is getting tight after a spike in service orders,2026-05-27T07:53:49Z,96,15,34,2999,0.873,,,normal,,2026-05-27T11:26:11Z
48728,4954,instagram,ext_instagram_00004188,Subscriber experience note - HomeConnect Fixed Wireless Smart Home Connectivity Assessment is the service everyone is trying to schedule right now,2026-05-27T08:52:25Z,7589,703,203,87806,0.543,,,rising,,2026-05-27T11:26:11Z
48729,4756,instagram,ext_instagram_00004189,Outage follow-up: demand for Fixed Wireless Home Internet is up and HomeConnect Fixed Wireless needs more field slots,2026-05-27T05:17:37Z,971,85,38,2438,0.772,,,normal,,2026-05-27T11:26:11Z
48730,4888,threads,ext_threads_00004190,Subscribers are asking for clearer instructions after fiber installation and faster follow-up windows,2026-05-24T08:45:38Z,7020,259,468,92404,0.191,,,rising,,2026-05-27T11:26:11Z
48731,4969,instagram,ext_instagram_00004191,Families keep asking where to find Network Congestion Plan Review. WellNest Family Plans is showing up in every upgrade thread,2026-04-30T13:09:46Z,46190,14849,7796,498356,0.263,,,viral,,2026-05-27T11:26:11Z
48732,4670,threads,ext_threads_00004192,Small businesses need earlier visibility into field technician appointment availability,2026-05-10T20:29:49Z,381713,87359,10928,11493607,0.863,,,mega_viral,,2026-05-27T11:26:11Z
48733,4905,tiktok,ext_tiktok_00004193,Network monitoring alerts are helping the team catch congestion before call volume spikes,2026-05-27T10:07:55Z,12070,14564,6613,777889,-0.243,,,viral,,2026-05-27T11:26:11Z
48734,4662,tiktok,ext_tiktok_00004194,"If your subscribers need Churn Risk Save Offer, check WaveFirst Mobile availability early; appointment slots are moving fast",2026-05-27T09:24:05Z,6001,1021,176,193067,0.237,,,rising,,2026-05-27T11:26:11Z
48735,4625,threads,ext_threads_00004195,Day 30 with the Field Technician Evaluation workflow and the field team says OrbitMotion IoT reduced manual follow-up,2026-05-21T20:21:36Z,306,0,4,12809,0.854,,,normal,,2026-05-27T11:26:11Z
48736,4756,instagram,ext_instagram_00004196,Recommended SilverLine Connected Life Family Connectivity Support Session to an account manager today because churn risk is the issue,2026-05-27T00:50:20Z,897,21,17,17217,0.564,,,normal,,2026-05-27T11:26:11Z
48737,4829,instagram,ext_instagram_00004197,Connected life teams need better outreach after recent storm-related service events,2026-05-23T19:49:04Z,449,7,18,4375,0.205,,,normal,,2026-05-27T11:26:11Z
48738,4952,youtube,ext_youtube_00004198,Morning capacity review featuring Connected Device Monitoring Onboarding. MetroSupply Devices needs pre-positioned technician capacity,2026-05-08T22:20:28Z,986,87,18,17758,0.281,,,normal,,2026-05-27T11:26:11Z
48739,5014,instagram,ext_instagram_00004199,Added Student Mobile Plan to the high-priority service assurance path. Thank you WellNest Family Plans for closing the gap,2026-05-26T23:34:54Z,781,22,0,4373,0.938,,,normal,,2026-05-27T11:26:11Z
48740,4623,twitter,ext_twitter_00004200,Subscribers are asking about Fiber Appointment Scheduling through RoamFlow Mobility; upgrade and activation demand is rising,2026-05-25T12:57:33Z,12002,14249,6437,378968,0.308,,,viral,,2026-05-27T11:26:11Z
48741,4775,threads,ext_threads_00004201,Outage follow-up is the top request in our subscriber forum this week,2026-05-10T09:52:18Z,201,57,16,9109,0.105,,,normal,,2026-05-27T11:26:11Z
48742,4878,threads,ext_threads_00004202,Coverage update: SIM Replacement Starter Kit capacity at MetroSupply Devices is getting tight after a spike in service orders,2026-05-25T20:52:47Z,8758,227,139,83046,0.346,,,rising,,2026-05-27T11:26:11Z
48743,4641,instagram,ext_instagram_00004203,Subscriber experience note - OrbitMotion IoT Field Technician Evaluation is the service everyone is trying to schedule right now,2026-05-17T23:38:54Z,822,54,1,9433,0.809,,,normal,,2026-05-27T11:26:11Z
48744,4891,twitter,ext_twitter_00004204,Outage follow-up: demand for Churn Risk Save Offer is up and WaveFirst Mobile needs more field slots,2026-05-12T06:45:37Z,130,47,43,5723,0.588,,,normal,,2026-05-27T11:26:11Z
48745,4952,youtube,ext_youtube_00004205,Device-support channels are seeing increased activation demand after a handset launch,2026-05-10T04:07:45Z,229,34,19,4990,0.59,,,normal,,2026-05-27T11:26:11Z
48746,4925,tiktok,ext_tiktok_00004206,Families keep asking where to find Smart Home Connectivity Assessment. HomeConnect Fixed Wireless is showing up in every upgrade thread,2026-05-27T06:21:20Z,594,13,20,9796,0.34,,,normal,,2026-05-27T11:26:11Z
48747,4753,twitter,ext_twitter_00004207,Connected life teams need better outreach after recent storm-related service events,2026-05-05T19:33:57Z,48781,10289,4913,515229,0.249,,,viral,,2026-05-27T11:26:11Z
48748,4773,twitter,ext_twitter_00004208,Billing and usage signals are surfacing new need for Fraud Resolution Case from ClearMind Customer Care,2026-05-10T00:26:45Z,478,51,15,3683,0.586,,,normal,,2026-05-27T11:26:11Z
48749,4761,instagram,ext_instagram_00004209,Roaming bill questions are creating new handoffs to billing and retention teams,2026-05-07T01:28:20Z,995,57,1,963,0.745,,,normal,,2026-05-27T11:26:11Z
48750,4771,instagram,ext_instagram_00004210,Day 30 with the SIM Replacement Starter Kit workflow and the field team says MetroSupply Devices reduced manual follow-up,2026-05-08T18:49:20Z,853,98,21,2972,0.245,,,normal,,2026-05-27T11:26:11Z
48751,4850,tiktok,ext_tiktok_00004211,Recommended MetroSupply Devices 5G Mobile Hotspot Kit to an account manager today because churn risk is the issue,2026-05-22T10:29:15Z,5677,1172,184,167116,0.338,,,rising,,2026-05-27T11:26:11Z
48752,4887,youtube,ext_youtube_00004212,"Thought Student Mobile Plan demand would level off, but WellNest Family Plans is still seeing urgent requests",2026-05-27T02:02:55Z,203,96,35,16619,0.738,,,normal,,2026-05-27T11:26:11Z
48753,4896,twitter,ext_twitter_00004213,Morning capacity review featuring SIM Replacement Starter Kit. MetroSupply Devices needs pre-positioned technician capacity,2026-05-04T12:23:19Z,681,69,28,16601,0.68,,,normal,,2026-05-27T11:26:12Z
48754,4828,threads,ext_threads_00004214,Added Fleet Telematics SIM Pack to the high-priority service assurance path. Thank you OrbitMotion IoT for closing the gap,2026-05-18T15:52:36Z,292,78,18,777,0.634,,,normal,,2026-05-27T11:26:12Z
48755,4686,instagram,ext_instagram_00004215,Device-support channels are seeing increased activation demand after a handset launch,2026-05-10T01:47:24Z,5554,201,210,48184,0.691,,,rising,,2026-05-27T11:26:12Z
48756,4574,youtube,ext_youtube_00004216,Families keep asking for better Wi-Fi performance before evening streaming starts,2026-05-26T09:06:09Z,870,28,4,8798,0.487,,,normal,,2026-05-27T11:26:12Z
48757,4963,threads,ext_threads_00004217,Connected life teams need better outreach after recent storm-related service events,2026-05-02T02:09:21Z,107,28,48,18909,0.4,,,normal,,2026-05-27T11:26:12Z
48758,4584,youtube,ext_youtube_00004218,Subscriber experience note - WellNest Family Plans Family Data Share Plan is the service everyone is trying to schedule right now,2026-05-27T10:46:16Z,602,55,26,19161,0.57,,,normal,,2026-05-27T11:26:12Z
48759,4732,tiktok,ext_tiktok_00004219,Outage follow-up: demand for Fiber Repair Appointment is up and FiberPath Broadband needs more field slots,2026-05-05T17:12:54Z,811,61,39,17090,0.925,,,normal,,2026-05-27T11:26:12Z
48760,4577,tiktok,ext_tiktok_00004220,"Two-week review of MetroSupply Devices Connected Device Monitoring Onboarding: strong subscriber response, but capacity planning matters",2026-05-12T09:52:57Z,8286,308,842,140680,0.743,,,rising,,2026-05-27T11:26:12Z
48761,4819,instagram,ext_instagram_00004221,Families keep asking where to find Edge Compute Reservation. EnterpriseEdge Services is showing up in every upgrade thread,2026-05-15T05:43:07Z,3880,1419,192,179065,0.567,,,rising,,2026-05-27T11:26:12Z
48762,4928,threads,ext_threads_00004222,Small businesses need earlier visibility into field technician appointment availability,2026-05-23T15:19:23Z,440,86,15,5803,0.824,,,normal,,2026-05-27T11:26:12Z
48763,4656,instagram,ext_instagram_00004223,Billing and usage signals are surfacing new need for 5G Unlimited Mobile Plan from SignalBridge Mobile,2026-04-29T13:12:44Z,559,35,10,11673,0.674,,,normal,,2026-05-27T11:26:12Z
48764,4696,instagram,ext_instagram_00004224,"If your subscribers need Family Data Share Plan, check WellNest Family Plans availability early; appointment slots are moving fast",2026-05-23T21:27:27Z,9628,1391,275,172946,0.602,,,rising,,2026-05-27T11:26:12Z
48765,4803,threads,ext_threads_00004225,Day 30 with the LTE Backup Gateway workflow and the field team says HomeConnect Fixed Wireless reduced manual follow-up,2026-04-27T16:21:27Z,587,74,37,4343,0.374,,,normal,,2026-05-27T11:26:12Z
48766,4570,threads,ext_threads_00004226,Families keep asking for better Wi-Fi performance before evening streaming starts,2026-05-24T16:02:48Z,658,60,7,11382,0.632,,,normal,,2026-05-27T11:26:12Z
48767,4550,threads,ext_threads_00004227,"Thought Field Technician Evaluation demand would level off, but OrbitMotion IoT is still seeing urgent requests",2026-05-27T08:51:24Z,217936,97316,44878,12451105,0.22,,,mega_viral,,2026-05-27T11:26:12Z
48768,4852,youtube,ext_youtube_00004228,Morning capacity review featuring Student Mobile Plan. WellNest Family Plans needs pre-positioned technician capacity,2026-05-05T15:00:01Z,389,17,49,12368,0.621,,,normal,,2026-05-27T11:26:12Z
48769,5016,twitter,ext_twitter_00004229,Added LTE Backup Gateway to the high-priority service assurance path. Thank you HomeConnect Fixed Wireless for closing the gap,2026-05-11T11:04:19Z,33,13,26,9483,0.267,,,normal,,2026-05-27T11:26:12Z
48770,4893,threads,ext_threads_00004230,Subscribers are asking about Senior Connected Life Plan through SilverLine Connected Life; upgrade and activation demand is rising,2026-05-26T09:58:35Z,4805,295,376,135583,0.288,,,rising,,2026-05-27T11:26:12Z
48771,4691,instagram,ext_instagram_00004231,Network operations is flagging Family Connectivity Support Session from SilverLine Connected Life as a capacity bottleneck this week,2026-05-25T21:33:54Z,769,8,42,15839,0.358,,,normal,,2026-05-27T11:26:12Z
48772,4585,threads,ext_threads_00004232,Coverage update: Fleet Telematics SIM Pack capacity at OrbitMotion IoT is getting tight after a spike in service orders,2026-05-16T15:07:22Z,711,93,19,19669,0.265,,,normal,,2026-05-27T11:26:12Z
48773,4860,tiktok,ext_tiktok_00004233,Subscriber experience note - WellNest Family Plans Student Mobile Plan is the service everyone is trying to schedule right now,2026-05-26T15:17:36Z,6066,1634,806,188988,0.28,,,rising,,2026-05-27T11:26:12Z
48774,4934,instagram,ext_instagram_00004234,Outage follow-up: demand for Fraud Resolution Case is up and ClearMind Customer Care needs more field slots,2026-05-17T00:50:27Z,231,59,10,12576,0.862,,,normal,,2026-05-27T11:26:12Z
48775,4766,instagram,ext_instagram_00004235,"Two-week review of EnterpriseEdge Services Enterprise Account Navigation: strong subscriber response, but capacity planning matters",2026-05-11T02:42:35Z,302,52,46,17278,0.686,,,normal,,2026-05-27T11:26:12Z
48776,4675,threads,ext_threads_00004236,Families keep asking where to find Small Business Fiber SLA. FiberPath Broadband is showing up in every upgrade thread,2026-05-22T23:38:32Z,756,93,9,14525,0.863,,,normal,,2026-05-27T11:26:12Z
48777,4893,threads,ext_threads_00004237,Connected life teams need better outreach after recent storm-related service events,2026-05-26T18:03:52Z,9946,450,796,196133,0.494,,,rising,,2026-05-27T11:26:12Z
48778,4674,youtube,ext_youtube_00004238,Billing and usage signals are surfacing new need for Fixed Wireless Home Internet from HomeConnect Fixed Wireless,2026-05-26T02:36:53Z,1248,335,781,28301,0.471,,,rising,,2026-05-27T11:26:12Z
48779,4965,tiktok,ext_tiktok_00004239,"If your subscribers need Device Upgrade Enrollment, check PulsePoint 5G availability early; appointment slots are moving fast",2026-05-17T21:52:04Z,845,34,30,7722,0.394,,,normal,,2026-05-27T11:26:12Z
48780,5004,instagram,ext_instagram_00004240,Subscribers are asking for clearer instructions after fiber installation and faster follow-up windows,2026-04-29T01:32:12Z,747,67,38,7058,-0.061,,,normal,,2026-05-27T11:26:12Z
48781,4907,youtube,ext_youtube_00004241,Recommended SignalBridge Mobile Number Port-In Activation to an account manager today because churn risk is the issue,2026-05-20T14:21:47Z,9872,1063,304,30746,0.218,,,rising,,2026-05-27T11:26:12Z
48782,4998,threads,ext_threads_00004242,"Thought Enterprise Account Navigation demand would level off, but EnterpriseEdge Services is still seeing urgent requests",2026-04-30T19:47:59Z,1408,1613,298,42413,0.67,,,rising,,2026-05-27T11:26:12Z
48783,4855,tiktok,ext_tiktok_00004243,Morning capacity review featuring 5G Unlimited Mobile Plan. SignalBridge Mobile needs pre-positioned technician capacity,2026-05-22T13:57:40Z,939,13,44,8609,0.384,,,normal,,2026-05-27T11:26:12Z
48784,4916,twitter,ext_twitter_00004244,Added New Line Activation to the high-priority service assurance path. Thank you WaveFirst Mobile for closing the gap,2026-05-20T19:07:41Z,984,90,45,16695,0.418,,,normal,,2026-05-27T11:26:12Z
48785,4759,youtube,ext_youtube_00004245,Subscribers are asking about 5G Unlimited Mobile Plan through SignalBridge Mobile; upgrade and activation demand is rising,2026-05-26T06:14:43Z,8108,317,269,79429,0.464,,,rising,,2026-05-27T11:26:12Z
48786,4667,tiktok,ext_tiktok_00004246,Network operations is flagging Small Business Fiber SLA from FiberPath Broadband as a capacity bottleneck this week,2026-05-11T03:24:13Z,541,58,30,16578,0.83,,,normal,,2026-05-27T11:26:12Z
48787,4910,tiktok,ext_tiktok_00004247,Coverage update: 5G Unlimited Mobile Plan capacity at SignalBridge Mobile is getting tight after a spike in service orders,2026-05-24T20:27:50Z,614,42,45,5118,0.645,,,normal,,2026-05-27T11:26:12Z
48788,4723,twitter,ext_twitter_00004248,Subscriber experience note - MetroSupply Devices 5G Mobile Hotspot Kit is the service everyone is trying to schedule right now,2026-05-25T18:35:36Z,758,62,43,14589,0.629,,,normal,,2026-05-27T11:26:12Z
48789,4898,threads,ext_threads_00004249,Outage follow-up: demand for Smart Home Connectivity Assessment is up and HomeConnect Fixed Wireless needs more field slots,2026-05-12T05:30:46Z,14894,8123,3269,626472,0.464,,,viral,,2026-05-27T11:26:12Z
48790,4856,twitter,ext_twitter_00004250,"Two-week review of OrbitMotion IoT Field Technician Evaluation: strong subscriber response, but capacity planning matters",2026-05-26T04:54:29Z,7399,1294,269,51412,0.538,,,rising,,2026-05-27T11:26:12Z
48791,4864,instagram,ext_instagram_00004251,Families keep asking where to find Fiber Repair Appointment. FiberPath Broadband is showing up in every upgrade thread,2026-05-20T03:26:16Z,410,27,31,15698,0.209,,,normal,,2026-05-27T11:26:12Z
48792,4656,instagram,ext_instagram_00004252,Small businesses need earlier visibility into field technician appointment availability,2026-05-25T11:25:57Z,634,63,19,206,0.17,,,normal,,2026-05-27T11:26:12Z
48793,4594,youtube,ext_youtube_00004253,Billing and usage signals are surfacing new need for LTE Backup Gateway from HomeConnect Fixed Wireless,2026-05-27T03:04:37Z,140,80,40,578,0.53,,,normal,,2026-05-27T11:26:12Z
48794,4967,youtube,ext_youtube_00004254,"If your subscribers need LTE Backup Gateway, check HomeConnect Fixed Wireless availability early; appointment slots are moving fast",2026-05-25T17:15:50Z,852,65,43,3173,0.889,,,normal,,2026-05-27T11:26:12Z
48795,4748,twitter,ext_twitter_00004255,Day 30 with the Network Congestion Plan Review workflow and the field team says WellNest Family Plans reduced manual follow-up,2026-05-09T19:05:28Z,1107,956,799,24108,0.288,,,rising,,2026-05-27T11:26:12Z
48796,4620,threads,ext_threads_00004256,Recommended FiberPath Broadband Fiber Repair Appointment to an account manager today because churn risk is the issue,2026-05-22T17:15:09Z,588,88,22,11153,0.318,,,normal,,2026-05-27T11:26:12Z
48797,4955,tiktok,ext_tiktok_00004257,Connected life teams need better outreach after recent storm-related service events,2026-05-09T13:50:30Z,739,26,39,15478,0.483,,,normal,,2026-05-27T11:26:12Z
48798,5021,twitter,ext_twitter_00004258,Morning capacity review featuring Connected Device Monitoring Onboarding. MetroSupply Devices needs pre-positioned technician capacity,2026-05-01T11:59:15Z,9887,829,631,56127,0.632,,,rising,,2026-05-27T11:26:12Z
48799,4573,twitter,ext_twitter_00004259,Roaming bill questions are creating new handoffs to billing and retention teams,2026-05-03T11:16:58Z,884,29,38,2396,0.705,,,normal,,2026-05-27T11:26:12Z
48800,4844,instagram,ext_instagram_00004260,Subscribers are asking about Small Business Fiber SLA through FiberPath Broadband; upgrade and activation demand is rising,2026-05-09T05:53:22Z,164371,56489,45786,8799187,0.772,,,mega_viral,,2026-05-27T11:26:12Z
48801,4900,tiktok,ext_tiktok_00004261,Network operations is flagging 5G Unlimited Mobile Plan from SignalBridge Mobile as a capacity bottleneck this week,2026-05-01T01:07:07Z,756,0,31,3792,0.923,,,normal,,2026-05-27T11:26:12Z
48802,4885,tiktok,ext_tiktok_00004262,Small businesses need earlier visibility into field technician appointment availability,2026-05-09T16:03:40Z,599,7,7,11587,0.309,,,normal,,2026-05-27T11:26:12Z
48803,4781,instagram,ext_instagram_00004263,Network monitoring alerts are helping the team catch congestion before call volume spikes,2026-05-15T16:13:12Z,519,1,7,12418,0.153,,,normal,,2026-05-27T11:26:12Z
48804,4555,threads,ext_threads_00004264,Outage follow-up: demand for LTE Backup Gateway is up and HomeConnect Fixed Wireless needs more field slots,2026-05-25T21:59:55Z,395,29,29,10333,0.477,,,normal,,2026-05-27T11:26:12Z
48805,5016,twitter,ext_twitter_00004265,Device-support channels are seeing increased activation demand after a handset launch,2026-05-26T07:26:08Z,21359,10572,7920,670724,0.571,,,viral,,2026-05-27T11:26:12Z
48806,4934,instagram,ext_instagram_00004266,Families keep asking for better Wi-Fi performance before evening streaming starts,2026-05-12T14:46:15Z,29798,13376,4110,572868,0.296,,,viral,,2026-05-27T11:26:12Z
48807,4911,twitter,ext_twitter_00004267,Connected life teams need better outreach after recent storm-related service events,2026-05-25T12:45:18Z,936,38,17,4643,0.855,,,normal,,2026-05-27T11:26:12Z
48808,4902,youtube,ext_youtube_00004268,Billing and usage signals are surfacing new need for Field Technician Evaluation from OrbitMotion IoT,2026-05-12T20:30:10Z,35773,2454,4698,427122,0.7,,,viral,,2026-05-27T11:26:12Z
48809,4883,threads,ext_threads_00004269,"If your subscribers need Senior Connected Life Plan, check SilverLine Connected Life availability early; appointment slots are moving fast",2026-05-10T19:05:32Z,819,53,34,11475,0.606,,,normal,,2026-05-27T11:26:12Z
48810,4635,threads,ext_threads_00004270,Subscribers are asking for clearer instructions after fiber installation and faster follow-up windows,2026-05-15T02:52:54Z,415,29,31,10982,0.572,,,normal,,2026-05-27T11:26:12Z
48811,4766,instagram,ext_instagram_00004271,Outage follow-up is the top request in our subscriber forum this week,2026-04-27T14:28:03Z,8879,1082,280,154028,0.618,,,rising,,2026-05-27T11:26:12Z
48812,4851,twitter,ext_twitter_00004272,Small businesses need earlier visibility into field technician appointment availability,2026-05-26T18:07:27Z,226,54,26,11371,0.287,,,normal,,2026-05-27T11:26:12Z
48813,4810,tiktok,ext_tiktok_00004273,Morning capacity review featuring Fleet Telematics SIM Pack. OrbitMotion IoT needs pre-positioned technician capacity,2026-05-26T17:22:46Z,32874,4329,5752,277203,0.948,,,viral,,2026-05-27T11:26:12Z
48814,4649,youtube,ext_youtube_00004274,Added Network Congestion Plan Review to the high-priority service assurance path. Thank you WellNest Family Plans for closing the gap,2026-05-26T16:09:19Z,483,89,22,10900,0.747,,,normal,,2026-05-27T11:26:12Z
48815,4765,threads,ext_threads_00004275,Device-support channels are seeing increased activation demand after a handset launch,2026-05-15T05:14:19Z,643,67,21,6850,-0.076,,,normal,,2026-05-27T11:26:12Z
48816,4552,tiktok,ext_tiktok_00004276,Families keep asking for better Wi-Fi performance before evening streaming starts,2026-05-21T16:12:19Z,494,77,11,9584,0.129,,,normal,,2026-05-27T11:26:12Z
48817,5043,instagram,ext_instagram_00004277,Connected life teams need better outreach after recent storm-related service events,2026-05-26T14:56:33Z,398,22,6,18411,0.335,,,normal,,2026-05-27T11:26:12Z
48818,4809,instagram,ext_instagram_00004278,Subscriber experience note - ClearMind Customer Care Outage Follow-Up Call is the service everyone is trying to schedule right now,2026-05-12T12:43:06Z,998,68,17,9118,0.244,,,normal,,2026-05-27T11:26:12Z
48819,4591,instagram,ext_instagram_00004279,Outage follow-up: demand for LTE Backup Gateway is up and HomeConnect Fixed Wireless needs more field slots,2026-05-27T04:51:43Z,110,29,3,7043,0.42,,,normal,,2026-05-27T11:26:12Z
48820,4594,youtube,ext_youtube_00004280,Subscribers are asking for clearer instructions after fiber installation and faster follow-up windows,2026-05-15T09:30:39Z,493,50,47,16546,0.148,,,normal,,2026-05-27T11:26:12Z
48821,4976,twitter,ext_twitter_00004281,Families keep asking where to find Gigabit Fiber Install. FiberPath Broadband is showing up in every upgrade thread,2026-05-01T13:32:16Z,986,26,1,14280,0.418,,,normal,,2026-05-27T11:26:12Z
48822,4631,instagram,ext_instagram_00004282,NOC huddle: prioritize EnterpriseEdge Services Edge Compute Reservation installs before the weekend streaming surge,2026-05-08T07:15:10Z,981,1,38,17922,0.764,,,normal,,2026-05-27T11:26:12Z
48823,4850,tiktok,ext_tiktok_00004283,Billing and usage signals are surfacing new need for Fiber Appointment Scheduling from RoamFlow Mobility,2026-05-12T07:53:53Z,474,99,39,7425,0.855,,,normal,,2026-05-27T11:26:12Z
48824,4585,threads,ext_threads_00004284,"If your subscribers need Fraud Resolution Case, check ClearMind Customer Care availability early; appointment slots are moving fast",2026-04-28T13:42:54Z,116,51,22,11006,0.313,,,normal,,2026-05-27T11:26:12Z
48825,5017,youtube,ext_youtube_00004285,Day 30 with the Number Port-In Activation workflow and the field team says SignalBridge Mobile reduced manual follow-up,2026-05-26T10:48:44Z,834,57,35,3538,0.723,,,normal,,2026-05-27T11:26:12Z
48826,4704,youtube,ext_youtube_00004286,Families keep asking for better Wi-Fi performance before evening streaming starts,2026-05-22T11:26:50Z,4369,1451,374,129806,-0.209,,,rising,,2026-05-27T11:26:12Z
48827,4963,threads,ext_threads_00004287,Connected life teams need better outreach after recent storm-related service events,2026-05-26T05:00:40Z,313,16,35,6973,0.609,,,normal,,2026-05-27T11:26:12Z
48828,4826,twitter,ext_twitter_00004288,Enterprise care teams are coordinating SLA-impact cases across regional service teams today,2026-05-11T14:13:47Z,248409,41777,7457,10632358,0.725,,,mega_viral,,2026-05-27T11:26:12Z
48829,4799,instagram,ext_instagram_00004289,Roaming bill questions are creating new handoffs to billing and retention teams,2026-05-27T05:46:44Z,361,53,5,7287,0.129,,,normal,,2026-05-27T11:26:12Z
48830,4797,youtube,ext_youtube_00004290,Subscribers are asking about SIM Replacement Starter Kit through MetroSupply Devices; upgrade and activation demand is rising,2026-05-27T01:15:01Z,854,23,32,3312,0.366,,,normal,,2026-05-27T11:26:12Z
48831,5042,threads,ext_threads_00004291,Outage follow-up is the top request in our subscriber forum this week,2026-05-23T06:36:26Z,15542,13017,6059,875952,0.863,,,viral,,2026-05-27T11:26:12Z
48832,4994,instagram,ext_instagram_00004292,Coverage update: New Line Activation capacity at WaveFirst Mobile is getting tight after a spike in service orders,2026-05-18T20:36:54Z,747,59,27,16413,0.562,,,normal,,2026-05-27T11:26:12Z
48833,4564,youtube,ext_youtube_00004293,Subscriber experience note - RoamFlow Mobility Roaming Cost Coaching is the service everyone is trying to schedule right now,2026-05-15T11:33:22Z,384,26,2,19316,0.885,,,normal,,2026-05-27T11:26:12Z
48834,4950,tiktok,ext_tiktok_00004294,Outage follow-up: demand for 5G Mobile Hotspot Kit is up and MetroSupply Devices needs more field slots,2026-05-27T09:48:14Z,740,79,16,14349,0.67,,,normal,,2026-05-27T11:26:12Z
48835,4659,youtube,ext_youtube_00004295,Device-support channels are seeing increased activation demand after a handset launch,2026-05-08T14:47:25Z,403736,18655,14860,5028386,0.195,,,mega_viral,,2026-05-27T11:26:12Z
48836,4834,instagram,ext_instagram_00004296,Families keep asking for better Wi-Fi performance before evening streaming starts,2026-05-25T14:02:33Z,585,7,22,10187,0.31,,,normal,,2026-05-27T11:26:12Z
48837,4760,threads,ext_threads_00004297,NOC huddle: prioritize MetroSupply Devices Connected Device Monitoring Onboarding installs before the weekend streaming surge,2026-05-26T18:48:17Z,9557,705,192,162635,0.219,,,rising,,2026-05-27T11:26:12Z
48838,5054,tiktok,ext_tiktok_00004298,Billing and usage signals are surfacing new need for Family Data Share Plan from WellNest Family Plans,2026-05-27T02:59:41Z,13,83,29,3425,0.909,,,normal,,2026-05-27T11:26:12Z
48839,4880,tiktok,ext_tiktok_00004299,"If your subscribers need Connected Device Monitoring Onboarding, check MetroSupply Devices availability early; appointment slots are moving fast",2026-05-10T11:29:20Z,924,34,24,11052,0.805,,,normal,,2026-05-27T11:26:12Z
48840,4894,instagram,ext_instagram_00004300,Subscribers are asking for clearer instructions after fiber installation and faster follow-up windows,2026-05-26T14:47:10Z,33311,2490,4274,480568,-0.064,,,viral,,2026-05-27T11:26:12Z
48841,4815,tiktok,ext_tiktok_00004301,Outage follow-up is the top request in our subscriber forum this week,2026-05-22T20:44:51Z,159219,24881,35583,8202622,0.784,,,mega_viral,,2026-05-27T11:26:12Z
48842,5021,twitter,ext_twitter_00004302,"Thought Enterprise Account Navigation demand would level off, but EnterpriseEdge Services is still seeing urgent requests",2026-05-24T02:50:45Z,572,18,34,19505,0.663,,,normal,,2026-05-27T11:26:12Z
48843,4959,instagram,ext_instagram_00004303,Morning capacity review featuring Fleet Telematics SIM Pack. OrbitMotion IoT needs pre-positioned technician capacity,2026-05-23T20:21:33Z,5666,330,192,29485,0.548,,,rising,,2026-05-27T11:26:12Z
48844,4645,threads,ext_threads_00004304,Coverage gaps are delaying service assurance for several subscriber groups,2026-05-22T06:32:20Z,687,66,8,16234,0.803,,,normal,,2026-05-27T11:26:12Z
48845,5054,tiktok,ext_tiktok_00004305,Subscribers are asking about Senior Connected Life Plan through SilverLine Connected Life; upgrade and activation demand is rising,2026-05-27T03:22:44Z,920,67,29,10338,0.677,,,normal,,2026-05-27T11:26:12Z
48846,4902,youtube,ext_youtube_00004306,Network operations is flagging 5G Mobile Hotspot Kit from MetroSupply Devices as a capacity bottleneck this week,2026-05-16T23:56:39Z,723,48,1,10690,0.45,,,normal,,2026-05-27T11:26:12Z
48847,4749,youtube,ext_youtube_00004307,Connected life teams need better outreach after recent storm-related service events,2026-05-10T03:01:03Z,174,97,37,2631,0.242,,,normal,,2026-05-27T11:26:12Z
48848,4671,instagram,ext_instagram_00004308,Subscriber experience note - FiberPath Broadband Small Business Fiber SLA is the service everyone is trying to schedule right now,2026-05-18T06:06:27Z,158,36,26,5246,0.802,,,normal,,2026-05-27T11:26:12Z
48849,4584,youtube,ext_youtube_00004309,Roaming bill questions are creating new handoffs to billing and retention teams,2026-05-23T11:31:59Z,2391,1497,770,163350,-0.198,,,rising,,2026-05-27T11:26:12Z
48850,5048,instagram,ext_instagram_00004310,Subscribers are asking for clearer instructions after fiber installation and faster follow-up windows,2026-05-27T09:53:47Z,12794,13605,4177,682459,0.578,,,viral,,2026-05-27T11:26:12Z
48851,4666,instagram,ext_instagram_00004311,Families keep asking where to find Device Upgrade Enrollment. PulsePoint 5G is showing up in every upgrade thread,2026-05-15T13:12:14Z,280,63,48,18832,0.836,,,normal,,2026-05-27T11:26:12Z
48852,4884,instagram,ext_instagram_00004312,NOC huddle: prioritize MetroSupply Devices SIM Replacement Starter Kit installs before the weekend streaming surge,2026-05-20T20:51:50Z,1249,954,399,104160,0.256,,,rising,,2026-05-27T11:26:12Z
48853,5008,threads,ext_threads_00004313,Billing and usage signals are surfacing new need for Outage Follow-Up Call from ClearMind Customer Care,2026-05-18T15:43:39Z,381,75,33,16638,0.42,,,normal,,2026-05-27T11:26:12Z
48854,4767,tiktok,ext_tiktok_00004314,"If your subscribers need Device Upgrade Enrollment, check PulsePoint 5G availability early; appointment slots are moving fast",2026-05-26T03:49:47Z,948,24,28,8861,0.704,,,normal,,2026-05-27T11:26:12Z
48855,4956,twitter,ext_twitter_00004315,Day 30 with the Student Mobile Plan workflow and the field team says WellNest Family Plans reduced manual follow-up,2026-05-15T16:56:45Z,1859,1085,125,99902,0.36,,,rising,,2026-05-27T11:26:12Z
48856,4945,tiktok,ext_tiktok_00004316,Recommended FiberPath Broadband Gigabit Fiber Install to an account manager today because churn risk is the issue,2026-05-27T10:22:43Z,21,85,31,10087,0.814,,,normal,,2026-05-27T11:26:12Z
48857,5017,youtube,ext_youtube_00004317,Connected life teams need better outreach after recent storm-related service events,2026-05-05T01:59:28Z,518,5,49,18117,-0.032,,,normal,,2026-05-27T11:26:12Z
48858,4935,tiktok,ext_tiktok_00004318,Morning capacity review featuring Field Technician Evaluation. OrbitMotion IoT needs pre-positioned technician capacity,2026-05-14T00:05:35Z,24,85,6,15391,0.697,,,normal,,2026-05-27T11:26:12Z
48859,4850,tiktok,ext_tiktok_00004319,Added Field Technician Evaluation to the high-priority service assurance path. Thank you OrbitMotion IoT for closing the gap,2026-05-27T11:22:58Z,640,23,49,5449,0.814,,,normal,,2026-05-27T11:26:12Z
48860,4904,instagram,ext_instagram_00004320,Subscribers are asking about Roaming Cost Coaching through RoamFlow Mobility; upgrade and activation demand is rising,2026-05-10T09:07:06Z,640,98,39,6138,0.329,,,normal,,2026-05-27T11:26:12Z
48861,5023,threads,ext_threads_00004321,Network operations is flagging Home Wi-Fi Mesh Kit from PulsePoint 5G as a capacity bottleneck this week,2026-05-26T19:09:34Z,11,59,25,10254,0.852,,,normal,,2026-05-27T11:26:12Z
48862,4732,tiktok,ext_tiktok_00004322,Coverage update: IoT Sensor Gateway Kit capacity at OrbitMotion IoT is getting tight after a spike in service orders,2026-05-20T07:47:03Z,8500,255,566,190363,0.311,,,rising,,2026-05-27T11:26:12Z
48863,4724,youtube,ext_youtube_00004323,Subscriber experience note - SignalBridge Mobile Number Port-In Activation is the service everyone is trying to schedule right now,2026-05-08T11:21:20Z,635,13,40,7336,0.721,,,normal,,2026-05-27T11:26:12Z
48864,4843,threads,ext_threads_00004324,Outage follow-up: demand for 5G Business Consultation is up and PulsePoint 5G needs more field slots,2026-05-25T18:49:02Z,18,26,4,14185,0.234,,,normal,,2026-05-27T11:26:12Z
48865,5056,youtube,ext_youtube_00004325,"Two-week review of SignalBridge Mobile Premium International Roaming Pass: strong subscriber response, but capacity planning matters",2026-05-22T04:23:46Z,277,40,29,17480,0.243,,,normal,,2026-05-27T11:26:12Z
48866,4765,threads,ext_threads_00004326,Families keep asking for better Wi-Fi performance before evening streaming starts,2026-05-22T12:58:57Z,36893,8969,1769,827996,0.229,,,viral,,2026-05-27T11:26:12Z
48867,4744,youtube,ext_youtube_00004327,Connected life teams need better outreach after recent storm-related service events,2026-05-22T22:43:19Z,6231,1388,513,185966,-0.211,,,rising,,2026-05-27T11:26:12Z
48868,4796,twitter,ext_twitter_00004328,Enterprise care teams are coordinating SLA-impact cases across regional service teams today,2026-05-03T04:58:55Z,346,18,39,1974,-0.196,,,normal,,2026-05-27T11:26:12Z
48869,4854,instagram,ext_instagram_00004329,"If your subscribers need Device Upgrade Enrollment, check PulsePoint 5G availability early; appointment slots are moving fast",2026-05-13T04:41:08Z,885,84,14,17511,0.655,,,normal,,2026-05-27T11:26:12Z
48870,4599,youtube,ext_youtube_00004330,Subscribers are asking for clearer instructions after fiber installation and faster follow-up windows,2026-05-27T03:26:19Z,622,35,21,5812,0.596,,,normal,,2026-05-27T11:26:12Z
48871,4657,tiktok,ext_tiktok_00004331,Outage follow-up is the top request in our subscriber forum this week,2026-05-27T10:37:17Z,180,11,16,7565,0.748,,,normal,,2026-05-27T11:26:12Z
48872,4688,twitter,ext_twitter_00004332,"Thought Home Wi-Fi Mesh Kit demand would level off, but PulsePoint 5G is still seeing urgent requests",2026-05-02T23:47:49Z,534,12,49,17881,0.694,,,normal,,2026-05-27T11:26:12Z
48873,4702,tiktok,ext_tiktok_00004333,Morning capacity review featuring Smart Home Connectivity Assessment. HomeConnect Fixed Wireless needs pre-positioned technician capacity,2026-05-27T04:06:53Z,7103,1608,229,35526,0.61,,,rising,,2026-05-27T11:26:12Z
48874,4700,threads,ext_threads_00004334,Coverage gaps are delaying service assurance for several subscriber groups,2026-05-13T12:25:12Z,510,14,45,9167,0.562,,,normal,,2026-05-27T11:26:12Z
48875,4926,twitter,ext_twitter_00004335,Device-support channels are seeing increased activation demand after a handset launch,2026-05-13T09:26:15Z,188,60,48,18943,0.499,,,normal,,2026-05-27T11:26:12Z
48876,4932,youtube,ext_youtube_00004336,Families keep asking for better Wi-Fi performance before evening streaming starts,2026-05-20T15:06:13Z,47871,11076,2942,629523,-0.2,,,viral,,2026-05-27T11:26:12Z
48877,4563,twitter,ext_twitter_00004337,Coverage update: Family Connectivity Support Session capacity at SilverLine Connected Life is getting tight after a spike in service orders,2026-05-26T22:12:06Z,576,47,9,944,0.355,,,normal,,2026-05-27T11:26:12Z
48878,4714,youtube,ext_youtube_00004338,Subscriber experience note - SilverLine Connected Life Senior Connected Life Plan is the service everyone is trying to schedule right now,2026-05-23T04:48:18Z,42514,13676,4410,529760,0.203,,,viral,,2026-05-27T11:26:12Z
48879,4885,tiktok,ext_tiktok_00004339,Outage follow-up: demand for Roaming Cost Coaching is up and RoamFlow Mobility needs more field slots,2026-05-09T17:50:06Z,845,86,7,8590,0.806,,,normal,,2026-05-27T11:26:12Z
48880,4667,tiktok,ext_tiktok_00004340,"Two-week review of WaveFirst Mobile Churn Risk Save Offer: strong subscriber response, but capacity planning matters",2026-05-25T14:35:36Z,6941,488,739,186161,0.394,,,rising,,2026-05-27T11:26:12Z
48881,4928,threads,ext_threads_00004341,Families keep asking where to find Smart Home Connectivity Assessment. HomeConnect Fixed Wireless is showing up in every upgrade thread,2026-05-21T04:23:35Z,981,39,9,16577,0.588,,,normal,,2026-05-27T11:26:12Z
48882,4594,youtube,ext_youtube_00004342,NOC huddle: prioritize HomeConnect Fixed Wireless Fixed Wireless Home Internet installs before the weekend streaming surge,2026-05-27T11:24:43Z,264,0,12,17478,0.265,,,normal,,2026-05-27T11:26:12Z
48883,4802,youtube,ext_youtube_00004343,Billing and usage signals are surfacing new need for Fraud Resolution Case from ClearMind Customer Care,2026-05-21T00:33:09Z,49482,10569,5256,245019,0.632,,,viral,,2026-05-27T11:26:12Z
48884,4862,youtube,ext_youtube_00004344,"If your subscribers need Connected Device Monitoring Onboarding, check MetroSupply Devices availability early; appointment slots are moving fast",2026-05-04T01:39:53Z,797,23,30,12823,0.343,,,normal,,2026-05-27T11:26:12Z
48885,4607,tiktok,ext_tiktok_00004345,Day 30 with the 5G Business Consultation workflow and the field team says PulsePoint 5G reduced manual follow-up,2026-05-10T00:19:46Z,21202,6376,1656,943915,0.249,,,viral,,2026-05-27T11:26:12Z
48886,4702,tiktok,ext_tiktok_00004346,Recommended OrbitMotion IoT Fleet Telematics SIM Pack to an account manager today because churn risk is the issue,2026-04-29T21:00:13Z,26,96,22,18684,0.319,,,normal,,2026-05-27T11:26:12Z
48887,4599,youtube,ext_youtube_00004347,"Thought 5G Mobile Hotspot Kit demand would level off, but MetroSupply Devices is still seeing urgent requests",2026-05-24T02:35:43Z,483,84,35,9546,0.403,,,normal,,2026-05-27T11:26:12Z
48888,4620,threads,ext_threads_00004348,Morning capacity review featuring LTE Backup Gateway. HomeConnect Fixed Wireless needs pre-positioned technician capacity,2026-05-19T01:19:03Z,534,72,24,7920,0.909,,,normal,,2026-05-27T11:26:12Z
48889,5024,instagram,ext_instagram_00004349,Added New Line Activation to the high-priority service assurance path. Thank you WaveFirst Mobile for closing the gap,2026-05-16T10:08:37Z,715,20,0,16745,0.406,,,normal,,2026-05-27T11:26:12Z
48890,4756,instagram,ext_instagram_00004350,Subscribers are asking about New Line Activation through WaveFirst Mobile; upgrade and activation demand is rising,2026-05-26T12:12:37Z,868,16,36,6844,0.641,,,normal,,2026-05-27T11:26:12Z
48891,4862,youtube,ext_youtube_00004351,Network operations is flagging Fiber Appointment Scheduling from RoamFlow Mobility as a capacity bottleneck this week,2026-05-27T09:43:49Z,41988,14803,2712,406274,0.42,,,viral,,2026-05-27T11:26:12Z
48892,4933,threads,ext_threads_00004352,Coverage update: Student Mobile Plan capacity at WellNest Family Plans is getting tight after a spike in service orders,2026-05-25T00:42:35Z,606,79,22,4903,0.37,,,normal,,2026-05-27T11:26:12Z
48893,4757,tiktok,ext_tiktok_00004353,Network monitoring alerts are helping the team catch congestion before call volume spikes,2026-05-23T23:03:37Z,255,1,48,1602,0.057,,,normal,,2026-05-27T11:26:12Z
48894,4547,tiktok,ext_tiktok_00004354,Coverage gaps are delaying service assurance for several subscriber groups,2026-05-11T01:42:04Z,1521,1536,949,106461,-0.164,,,rising,,2026-05-27T11:26:12Z
48895,4590,threads,ext_threads_00004355,"Two-week review of HomeConnect Fixed Wireless Smart Home Connectivity Assessment: strong subscriber response, but capacity planning matters",2026-05-13T22:32:21Z,334,24,0,14465,0.872,,,normal,,2026-05-27T11:26:12Z
48896,4954,instagram,ext_instagram_00004356,Families keep asking where to find Fiber Appointment Scheduling. RoamFlow Mobility is showing up in every upgrade thread,2026-05-26T13:42:21Z,31,61,33,14314,0.458,,,normal,,2026-05-27T11:26:12Z
48897,4832,youtube,ext_youtube_00004357,NOC huddle: prioritize WellNest Family Plans Network Congestion Plan Review installs before the weekend streaming surge,2026-05-23T18:32:18Z,1248,1573,330,61949,0.335,,,rising,,2026-05-27T11:26:12Z
48898,4546,instagram,ext_instagram_00004358,Billing and usage signals are surfacing new need for Fleet Telematics SIM Pack from OrbitMotion IoT,2026-05-24T11:21:53Z,8966,1799,514,197086,0.362,,,rising,,2026-05-27T11:26:12Z
48899,4654,youtube,ext_youtube_00004359,"If your subscribers need Connected Device Monitoring Onboarding, check MetroSupply Devices availability early; appointment slots are moving fast",2026-05-27T09:13:02Z,77,18,18,276,0.571,,,normal,,2026-05-27T11:26:12Z
48900,4662,tiktok,ext_tiktok_00004360,Day 30 with the Enterprise Account Navigation workflow and the field team says EnterpriseEdge Services reduced manual follow-up,2026-05-23T16:26:14Z,522,3,25,12269,0.889,,,normal,,2026-05-27T11:26:12Z
48901,4704,youtube,ext_youtube_00004361,Outage follow-up is the top request in our subscriber forum this week,2026-05-10T21:04:55Z,488,32,21,16829,0.861,,,normal,,2026-05-27T11:26:12Z
48902,4598,twitter,ext_twitter_00004362,"Thought Home Wi-Fi Mesh Kit demand would level off, but PulsePoint 5G is still seeing urgent requests",2026-05-25T00:21:21Z,997,73,15,4800,0.793,,,normal,,2026-05-27T11:26:12Z
48903,4797,youtube,ext_youtube_00004363,Morning capacity review featuring 5G Mobile Hotspot Kit. MetroSupply Devices needs pre-positioned technician capacity,2026-05-26T10:22:41Z,572,49,30,18798,0.342,,,normal,,2026-05-27T11:26:12Z
48904,5043,instagram,ext_instagram_00004364,Added SIM Replacement Starter Kit to the high-priority service assurance path. Thank you MetroSupply Devices for closing the gap,2026-05-07T02:20:42Z,41834,9107,7901,756063,0.521,,,viral,,2026-05-27T11:26:12Z
48905,4605,threads,ext_threads_00004365,Subscribers are asking about Roaming Cost Coaching through RoamFlow Mobility; upgrade and activation demand is rising,2026-05-26T22:51:17Z,4170,1556,831,160645,0.925,,,rising,,2026-05-27T11:26:12Z
48906,4966,twitter,ext_twitter_00004366,Network operations is flagging Customer Retention Intake from ClearMind Customer Care as a capacity bottleneck this week,2026-05-05T02:30:58Z,739,89,17,15784,0.595,,,normal,,2026-05-27T11:26:12Z
48907,4658,twitter,ext_twitter_00004367,Connected life teams need better outreach after recent storm-related service events,2026-04-28T13:38:24Z,499,14,35,16385,0.16,,,normal,,2026-05-27T11:26:12Z
48908,4891,twitter,ext_twitter_00004368,Subscriber experience note - EnterpriseEdge Services Edge Compute Reservation is the service everyone is trying to schedule right now,2026-05-19T14:57:43Z,25,1,39,15795,0.532,,,normal,,2026-05-27T11:26:12Z
48909,4959,instagram,ext_instagram_00004369,Outage follow-up: demand for Smart Home Connectivity Assessment is up and HomeConnect Fixed Wireless needs more field slots,2026-05-03T16:23:02Z,968,21,18,13479,0.853,,,normal,,2026-05-27T11:26:12Z
48910,4707,tiktok,ext_tiktok_00004370,Subscribers are asking for clearer instructions after fiber installation and faster follow-up windows,2026-05-14T03:28:21Z,214,54,7,10933,0.86,,,normal,,2026-05-27T11:26:12Z
48911,4699,youtube,ext_youtube_00004371,Families keep asking where to find Home Wi-Fi Mesh Kit. PulsePoint 5G is showing up in every upgrade thread,2026-05-15T04:56:16Z,896,20,1,470,0.65,,,normal,,2026-05-27T11:26:12Z
48912,4802,youtube,ext_youtube_00004372,NOC huddle: prioritize MetroSupply Devices SIM Replacement Starter Kit installs before the weekend streaming surge,2026-05-27T07:21:59Z,2137,1889,240,35516,0.381,,,rising,,2026-05-27T11:26:12Z
48913,4713,twitter,ext_twitter_00004373,Billing and usage signals are surfacing new need for Family Connectivity Support Session from SilverLine Connected Life,2026-05-14T14:56:06Z,5208,455,384,67379,0.62,,,rising,,2026-05-27T11:26:12Z
48914,4569,youtube,ext_youtube_00004374,Coverage gaps are delaying service assurance for several subscriber groups,2026-05-24T08:07:18Z,309,12,30,7237,0.714,,,normal,,2026-05-27T11:26:12Z
48915,4720,threads,ext_threads_00004375,Device-support channels are seeing increased activation demand after a handset launch,2026-05-25T18:09:52Z,842,56,9,17163,0.177,,,normal,,2026-05-27T11:26:12Z
48916,4629,youtube,ext_youtube_00004376,Recommended RoamFlow Mobility Roaming Cost Coaching to an account manager today because churn risk is the issue,2026-05-26T21:15:54Z,199,22,2,5776,0.748,,,normal,,2026-05-27T11:26:12Z
48917,4724,youtube,ext_youtube_00004377,"Thought Churn Risk Save Offer demand would level off, but WaveFirst Mobile is still seeing urgent requests",2026-05-24T06:54:58Z,631,20,31,16115,0.396,,,normal,,2026-05-27T11:26:12Z
48918,4577,tiktok,ext_tiktok_00004378,Morning capacity review featuring Fleet Telematics SIM Pack. OrbitMotion IoT needs pre-positioned technician capacity,2026-05-20T10:09:56Z,444,20,39,260,0.504,,,normal,,2026-05-27T11:26:12Z
48919,4891,twitter,ext_twitter_00004379,Added Enterprise Account Navigation to the high-priority service assurance path. Thank you EnterpriseEdge Services for closing the gap,2026-05-15T23:55:39Z,8685,608,501,75080,0.609,,,rising,,2026-05-27T11:26:12Z
48920,4985,tiktok,ext_tiktok_00004380,Subscribers are asking about Churn Risk Save Offer through WaveFirst Mobile; upgrade and activation demand is rising,2026-05-09T00:02:09Z,242,11,49,1909,0.63,,,normal,,2026-05-27T11:26:12Z
48921,4841,twitter,ext_twitter_00004381,Outage follow-up is the top request in our subscriber forum this week,2026-05-14T08:40:58Z,689,20,16,2148,0.4,,,normal,,2026-05-27T11:26:12Z
48922,4652,tiktok,ext_tiktok_00004382,Coverage update: IoT Sensor Gateway Kit capacity at OrbitMotion IoT is getting tight after a spike in service orders,2026-04-30T09:28:40Z,505,4,31,18753,0.473,,,normal,,2026-05-27T11:26:12Z
48923,4895,tiktok,ext_tiktok_00004383,Subscriber experience note - ClearMind Customer Care Fraud Resolution Case is the service everyone is trying to schedule right now,2026-05-22T13:53:40Z,836,18,27,9967,0.646,,,normal,,2026-05-27T11:26:12Z
48924,4845,tiktok,ext_tiktok_00004384,Outage follow-up: demand for 5G Business Consultation is up and PulsePoint 5G needs more field slots,2026-05-03T04:49:48Z,994,80,14,17058,0.927,,,normal,,2026-05-27T11:26:12Z
48925,4777,tiktok,ext_tiktok_00004385,"Two-week review of RoamFlow Mobility Roaming Cost Coaching: strong subscriber response, but capacity planning matters",2026-05-21T08:41:12Z,4302,519,495,97354,0.266,,,rising,,2026-05-27T11:26:12Z
48926,4762,tiktok,ext_tiktok_00004386,Families keep asking where to find New Line Activation. WaveFirst Mobile is showing up in every upgrade thread,2026-05-04T16:34:10Z,351,79,49,12046,0.726,,,normal,,2026-05-27T11:26:12Z
48927,4870,tiktok,ext_tiktok_00004387,NOC huddle: prioritize ClearMind Customer Care Fraud Resolution Case installs before the weekend streaming surge,2026-05-21T14:33:17Z,2038,1654,517,153758,0.77,,,rising,,2026-05-27T11:26:12Z
48928,4914,instagram,ext_instagram_00004388,Enterprise care teams are coordinating SLA-impact cases across regional service teams today,2026-05-14T08:43:14Z,33291,8472,2318,453385,0.077,,,viral,,2026-05-27T11:26:12Z
48929,4834,instagram,ext_instagram_00004389,Roaming bill questions are creating new handoffs to billing and retention teams,2026-05-03T08:33:17Z,501,23,16,12724,0.686,,,normal,,2026-05-27T11:26:12Z
48930,4741,instagram,ext_instagram_00004390,Subscribers are asking for clearer instructions after fiber installation and faster follow-up windows,2026-05-15T02:29:50Z,135,55,21,5539,0.037,,,normal,,2026-05-27T11:26:12Z
48931,4892,youtube,ext_youtube_00004391,Recommended EnterpriseEdge Services Edge Compute Reservation to an account manager today because churn risk is the issue,2026-05-27T08:14:43Z,48,99,33,7001,0.371,,,normal,,2026-05-27T11:26:12Z
48932,4653,twitter,ext_twitter_00004392,Small businesses need earlier visibility into field technician appointment availability,2026-05-26T15:32:39Z,588,37,2,7479,0.023,,,normal,,2026-05-27T11:26:12Z
48933,4653,twitter,ext_twitter_00004393,Morning capacity review featuring 5G Business Consultation. PulsePoint 5G needs pre-positioned technician capacity,2026-05-02T08:38:50Z,2200,1385,321,105087,0.868,,,rising,,2026-05-27T11:26:12Z
48934,5046,youtube,ext_youtube_00004394,Coverage gaps are delaying service assurance for several subscriber groups,2026-04-30T05:54:23Z,2213,1135,605,196348,0.528,,,rising,,2026-05-27T11:26:12Z
48935,4610,threads,ext_threads_00004395,Device-support channels are seeing increased activation demand after a handset launch,2026-05-22T16:24:37Z,846,46,24,1280,0.538,,,normal,,2026-05-27T11:26:12Z
48936,4593,twitter,ext_twitter_00004396,Network operations is flagging New Line Activation from WaveFirst Mobile as a capacity bottleneck this week,2026-05-11T07:00:39Z,565,72,12,19393,0.376,,,normal,,2026-05-27T11:26:12Z
48937,5007,youtube,ext_youtube_00004397,Coverage update: IoT Sensor Gateway Kit capacity at OrbitMotion IoT is getting tight after a spike in service orders,2026-05-26T03:07:01Z,38661,13262,2792,691647,0.327,,,viral,,2026-05-27T11:26:12Z
48938,4934,instagram,ext_instagram_00004398,Enterprise care teams are coordinating SLA-impact cases across regional service teams today,2026-05-10T20:48:50Z,7023,1014,665,24032,0.466,,,rising,,2026-05-27T11:26:12Z
48939,4807,youtube,ext_youtube_00004399,Outage follow-up: demand for 5G Mobile Hotspot Kit is up and MetroSupply Devices needs more field slots,2026-05-09T07:13:38Z,872,29,20,7434,0.881,,,normal,,2026-05-27T11:26:12Z
48940,4823,threads,ext_threads_00004400,"Two-week review of WellNest Family Plans Network Congestion Plan Review: strong subscriber response, but capacity planning matters",2026-05-17T07:26:21Z,520,20,37,1078,0.573,,,normal,,2026-05-27T11:26:12Z
48941,4966,twitter,ext_twitter_00004401,Families keep asking where to find Senior Connected Life Plan. SilverLine Connected Life is showing up in every upgrade thread,2026-04-29T23:04:06Z,472,54,42,12847,0.269,,,normal,,2026-05-27T11:26:12Z
48942,4565,threads,ext_threads_00004402,NOC huddle: prioritize WaveFirst Mobile New Line Activation installs before the weekend streaming surge,2026-05-06T15:40:05Z,849,18,11,17042,0.453,,,normal,,2026-05-27T11:26:12Z
48943,4843,threads,ext_threads_00004403,Billing and usage signals are surfacing new need for New Line Activation from WaveFirst Mobile,2026-05-13T23:42:24Z,64,13,12,18047,0.575,,,normal,,2026-05-27T11:26:12Z
48944,4710,threads,ext_threads_00004404,"If your subscribers need Fiber Repair Appointment, check FiberPath Broadband availability early; appointment slots are moving fast",2026-05-19T08:44:47Z,426,2,12,167,0.447,,,normal,,2026-05-27T11:26:12Z
48945,4629,youtube,ext_youtube_00004405,Day 30 with the Roaming Cost Coaching workflow and the field team says RoamFlow Mobility reduced manual follow-up,2026-05-22T15:00:41Z,9994,1957,277,164232,0.426,,,rising,,2026-05-27T11:26:12Z
48946,4883,threads,ext_threads_00004406,Recommended MetroSupply Devices Connected Device Monitoring Onboarding to an account manager today because churn risk is the issue,2026-05-27T10:17:56Z,344,25,12,3064,0.7,,,normal,,2026-05-27T11:26:12Z
48947,4593,twitter,ext_twitter_00004407,"Thought 5G Business Consultation demand would level off, but PulsePoint 5G is still seeing urgent requests",2026-05-09T08:34:12Z,4910,1999,550,86383,0.427,,,rising,,2026-05-27T11:26:12Z
48948,4894,instagram,ext_instagram_00004408,Morning capacity review featuring New Line Activation. WaveFirst Mobile needs pre-positioned technician capacity,2026-05-27T09:06:58Z,97,19,27,8033,0.397,,,normal,,2026-05-27T11:26:12Z
48949,4827,youtube,ext_youtube_00004409,Added Number Port-In Activation to the high-priority service assurance path. Thank you SignalBridge Mobile for closing the gap,2026-05-16T14:30:36Z,922,23,42,9932,0.588,,,normal,,2026-05-27T11:26:12Z
48950,4607,tiktok,ext_tiktok_00004410,Subscribers are asking about Fleet Telematics SIM Pack through OrbitMotion IoT; upgrade and activation demand is rising,2026-05-11T20:00:49Z,194,39,41,4654,0.414,,,normal,,2026-05-27T11:26:12Z
48951,4615,threads,ext_threads_00004411,Outage follow-up is the top request in our subscriber forum this week,2026-05-22T02:51:39Z,549,10,39,6111,0.273,,,normal,,2026-05-27T11:26:12Z
48952,4682,tiktok,ext_tiktok_00004412,Coverage update: Family Connectivity Support Session capacity at SilverLine Connected Life is getting tight after a spike in service orders,2026-05-01T16:11:29Z,1777,1514,823,67847,0.253,,,rising,,2026-05-27T11:26:12Z
48953,4661,instagram,ext_instagram_00004413,Network monitoring alerts are helping the team catch congestion before call volume spikes,2026-05-06T21:15:13Z,26005,4382,2053,475570,0.617,,,viral,,2026-05-27T11:26:12Z
48954,4980,tiktok,ext_tiktok_00004414,Outage follow-up: demand for 5G Unlimited Mobile Plan is up and SignalBridge Mobile needs more field slots,2026-05-22T22:57:16Z,550,81,2,15631,0.641,,,normal,,2026-05-27T11:26:12Z
48955,4981,twitter,ext_twitter_00004415,Device-support channels are seeing increased activation demand after a handset launch,2026-05-26T00:30:49Z,706,44,26,7747,0.037,,,normal,,2026-05-27T11:26:12Z
48956,5016,twitter,ext_twitter_00004416,Families keep asking where to find Network Congestion Plan Review. WellNest Family Plans is showing up in every upgrade thread,2026-05-26T03:23:56Z,820,44,0,7488,0.422,,,normal,,2026-05-27T11:26:12Z
48957,4590,threads,ext_threads_00004417,NOC huddle: prioritize ClearMind Customer Care Customer Retention Intake installs before the weekend streaming surge,2026-05-11T17:58:16Z,2715,1164,153,151439,0.504,,,rising,,2026-05-27T11:26:12Z
48958,4745,threads,ext_threads_00004418,Billing and usage signals are surfacing new need for Home Wi-Fi Mesh Kit from PulsePoint 5G,2026-05-11T16:43:04Z,849,24,7,10111,0.888,,,normal,,2026-05-27T11:26:12Z
48959,4930,tiktok,ext_tiktok_00004419,Roaming bill questions are creating new handoffs to billing and retention teams,2026-05-10T03:01:52Z,873,20,4,10875,0.335,,,normal,,2026-05-27T11:26:12Z
48960,4890,tiktok,ext_tiktok_00004420,Day 30 with the Senior Connected Life Plan workflow and the field team says SilverLine Connected Life reduced manual follow-up,2026-05-02T05:20:36Z,383,94,45,13568,0.879,,,normal,,2026-05-27T11:26:12Z
48961,4775,threads,ext_threads_00004421,Outage follow-up is the top request in our subscriber forum this week,2026-05-04T09:55:02Z,553,2,42,2388,0.489,,,normal,,2026-05-27T11:26:12Z
48962,4821,twitter,ext_twitter_00004422,"Thought Connected Device Monitoring Onboarding demand would level off, but MetroSupply Devices is still seeing urgent requests",2026-05-27T10:58:23Z,28082,2266,3679,758443,0.884,,,viral,,2026-05-27T11:26:12Z
48963,4859,instagram,ext_instagram_00004423,Morning capacity review featuring Customer Retention Intake. ClearMind Customer Care needs pre-positioned technician capacity,2026-05-27T07:07:59Z,426,83,1,11096,0.52,,,normal,,2026-05-27T11:26:12Z
48964,5058,instagram,ext_instagram_00004424,Added Student Mobile Plan to the high-priority service assurance path. Thank you WellNest Family Plans for closing the gap,2026-05-11T05:16:05Z,5072,766,797,126625,0.786,,,rising,,2026-05-27T11:26:12Z
48965,4696,instagram,ext_instagram_00004425,Device-support channels are seeing increased activation demand after a handset launch,2026-05-22T03:59:40Z,4996,1095,661,178016,0.736,,,rising,,2026-05-27T11:26:12Z
48966,4678,twitter,ext_twitter_00004426,Network operations is flagging New Line Activation from WaveFirst Mobile as a capacity bottleneck this week,2026-05-15T23:58:32Z,592,5,27,2496,0.255,,,normal,,2026-05-27T11:26:12Z
48967,4630,threads,ext_threads_00004427,Coverage update: Fiber Appointment Scheduling capacity at RoamFlow Mobility is getting tight after a spike in service orders,2026-05-24T16:27:20Z,5177,1020,508,24032,0.656,,,rising,,2026-05-27T11:26:12Z
48968,4631,instagram,ext_instagram_00004428,Subscriber experience note - SignalBridge Mobile Premium International Roaming Pass is the service everyone is trying to schedule right now,2026-05-26T01:57:50Z,19020,13328,3156,891711,0.831,,,viral,,2026-05-27T11:26:12Z
48969,4859,instagram,ext_instagram_00004429,Outage follow-up: demand for Family Data Share Plan is up and WellNest Family Plans needs more field slots,2026-05-12T01:42:23Z,603,90,17,11725,0.793,,,normal,,2026-05-27T11:26:12Z
48970,4593,twitter,ext_twitter_00004430,"Two-week review of MetroSupply Devices SIM Replacement Starter Kit: strong subscriber response, but capacity planning matters",2026-05-08T02:10:40Z,698,46,4,19266,0.401,,,normal,,2026-05-27T11:26:12Z
48971,4674,youtube,ext_youtube_00004431,Outage follow-up is the top request in our subscriber forum this week,2026-05-16T05:50:47Z,3460,1961,538,70444,0.209,,,rising,,2026-05-27T11:26:12Z
48972,4960,tiktok,ext_tiktok_00004432,NOC huddle: prioritize PulsePoint 5G 5G Business Consultation installs before the weekend streaming surge,2026-05-26T07:44:47Z,318,59,36,17692,0.905,,,normal,,2026-05-27T11:26:12Z
48973,4563,twitter,ext_twitter_00004433,Billing and usage signals are surfacing new need for New Line Activation from WaveFirst Mobile,2026-05-16T05:13:46Z,4362,532,128,144859,0.431,,,rising,,2026-05-27T11:26:12Z
48974,4646,instagram,ext_instagram_00004434,Coverage gaps are delaying service assurance for several subscriber groups,2026-05-09T09:21:41Z,769,63,27,13619,0.547,,,normal,,2026-05-27T11:26:12Z
48975,4724,youtube,ext_youtube_00004435,Device-support channels are seeing increased activation demand after a handset launch,2026-05-15T12:57:07Z,913,40,21,2469,0.279,,,normal,,2026-05-27T11:26:12Z
48976,4575,threads,ext_threads_00004436,Families keep asking for better Wi-Fi performance before evening streaming starts,2026-05-09T22:55:09Z,758,1,40,974,-0.18,,,normal,,2026-05-27T11:26:12Z
48977,4933,threads,ext_threads_00004437,Connected life teams need better outreach after recent storm-related service events,2026-05-18T13:56:14Z,147,44,48,2913,0.345,,,normal,,2026-05-27T11:26:12Z
48978,4641,instagram,ext_instagram_00004438,Morning capacity review featuring 5G Business Consultation. PulsePoint 5G needs pre-positioned technician capacity,2026-05-26T23:03:28Z,17,18,32,16490,0.694,,,normal,,2026-05-27T11:26:12Z
48979,4779,youtube,ext_youtube_00004439,Added 5G Business Consultation to the high-priority service assurance path. Thank you PulsePoint 5G for closing the gap,2026-05-16T03:38:46Z,946,49,43,7900,0.328,,,normal,,2026-05-27T11:26:12Z
48980,4703,twitter,ext_twitter_00004440,Subscribers are asking about Device Upgrade Enrollment through PulsePoint 5G; upgrade and activation demand is rising,2026-05-19T10:09:29Z,9677,459,818,65421,0.773,,,rising,,2026-05-27T11:26:12Z
48981,4801,twitter,ext_twitter_00004441,Network operations is flagging Premium International Roaming Pass from SignalBridge Mobile as a capacity bottleneck this week,2026-05-05T05:33:13Z,16,18,22,19030,0.443,,,normal,,2026-05-27T11:26:12Z
48982,4602,tiktok,ext_tiktok_00004442,Coverage update: 5G Business Consultation capacity at PulsePoint 5G is getting tight after a spike in service orders,2026-05-19T09:08:02Z,423,68,23,15328,0.852,,,normal,,2026-05-27T11:26:12Z
48983,5060,twitter,ext_twitter_00004443,Subscriber experience note - ClearMind Customer Care Outage Follow-Up Call is the service everyone is trying to schedule right now,2026-05-20T09:42:11Z,984,46,33,18613,0.741,,,normal,,2026-05-27T11:26:12Z
48984,4855,tiktok,ext_tiktok_00004444,Outage follow-up: demand for 5G Business Consultation is up and PulsePoint 5G needs more field slots,2026-04-30T07:40:09Z,3504,1808,634,107649,0.678,,,rising,,2026-05-27T11:26:12Z
48985,4841,twitter,ext_twitter_00004445,"Two-week review of MetroSupply Devices Connected Device Monitoring Onboarding: strong subscriber response, but capacity planning matters",2026-05-19T16:30:33Z,736,78,7,7937,0.42,,,normal,,2026-05-27T11:26:12Z
48986,4707,tiktok,ext_tiktok_00004446,Families keep asking where to find LTE Backup Gateway. HomeConnect Fixed Wireless is showing up in every upgrade thread,2026-05-13T08:06:20Z,219,86,10,2993,0.386,,,normal,,2026-05-27T11:26:12Z
48987,5019,instagram,ext_instagram_00004447,NOC huddle: prioritize FiberPath Broadband Small Business Fiber SLA installs before the weekend streaming surge,2026-05-02T08:28:23Z,147,86,31,8189,0.395,,,normal,,2026-05-27T11:26:12Z
48988,4871,twitter,ext_twitter_00004448,Billing and usage signals are surfacing new need for Fiber Repair Appointment from FiberPath Broadband,2026-05-17T11:20:32Z,219,84,23,15503,0.321,,,normal,,2026-05-27T11:26:12Z
48989,4930,tiktok,ext_tiktok_00004449,"If your subscribers need Connected Device Monitoring Onboarding, check MetroSupply Devices availability early; appointment slots are moving fast",2026-05-23T06:10:04Z,1646,906,945,21649,0.466,,,rising,,2026-05-27T11:26:12Z
48990,4686,instagram,ext_instagram_00004450,Day 30 with the Field Technician Evaluation workflow and the field team says OrbitMotion IoT reduced manual follow-up,2026-05-23T02:30:40Z,616,2,4,4031,0.227,,,normal,,2026-05-27T11:26:12Z
48991,4624,youtube,ext_youtube_00004451,Recommended SignalBridge Mobile Number Port-In Activation to an account manager today because churn risk is the issue,2026-05-25T06:52:43Z,530,62,12,11505,0.794,,,normal,,2026-05-27T11:26:12Z
48992,4984,instagram,ext_instagram_00004452,Small businesses need earlier visibility into field technician appointment availability,2026-05-24T17:15:54Z,601,14,34,11575,0.237,,,normal,,2026-05-27T11:26:12Z
48993,4847,youtube,ext_youtube_00004453,Morning capacity review featuring 5G Business Consultation. PulsePoint 5G needs pre-positioned technician capacity,2026-05-27T06:53:51Z,993,50,7,11981,0.225,,,normal,,2026-05-27T11:26:12Z
48994,4857,youtube,ext_youtube_00004454,Added 5G Business Consultation to the high-priority service assurance path. Thank you PulsePoint 5G for closing the gap,2026-05-27T10:50:44Z,2308,1349,933,160371,0.927,,,rising,,2026-05-27T11:26:12Z
48995,4979,instagram,ext_instagram_00004455,Device-support channels are seeing increased activation demand after a handset launch,2026-05-26T12:12:47Z,446,29,34,16016,-0.071,,,normal,,2026-05-27T11:26:12Z
48996,4989,instagram,ext_instagram_00004456,Families keep asking for better Wi-Fi performance before evening streaming starts,2026-05-12T20:02:21Z,3035,428,908,195783,0.327,,,rising,,2026-05-27T11:26:12Z
48997,5013,threads,ext_threads_00004457,Coverage update: Connected Device Monitoring Onboarding capacity at MetroSupply Devices is getting tight after a spike in service orders,2026-05-20T09:23:23Z,117,84,18,10040,0.731,,,normal,,2026-05-27T11:26:12Z
48998,4541,instagram,ext_instagram_00004458,Subscriber experience note - WellNest Family Plans Network Congestion Plan Review is the service everyone is trying to schedule right now,2026-05-27T05:25:04Z,153,64,23,8342,0.262,,,normal,,2026-05-27T11:26:12Z
48999,4992,youtube,ext_youtube_00004459,Outage follow-up: demand for Edge Compute Reservation is up and EnterpriseEdge Services needs more field slots,2026-05-14T09:23:05Z,4702,863,909,174589,0.431,,,rising,,2026-05-27T11:26:12Z
49000,4779,youtube,ext_youtube_00004460,"Two-week review of ClearMind Customer Care Customer Retention Intake: strong subscriber response, but capacity planning matters",2026-05-11T12:35:52Z,6074,1389,190,197743,0.518,,,rising,,2026-05-27T11:26:12Z
49001,4887,youtube,ext_youtube_00004461,Families keep asking where to find Connected Device Monitoring Onboarding. MetroSupply Devices is showing up in every upgrade thread,2026-05-18T11:00:29Z,38541,14071,2236,843337,0.547,,,viral,,2026-05-27T11:26:12Z
49002,4576,instagram,ext_instagram_00004462,NOC huddle: prioritize HomeConnect Fixed Wireless LTE Backup Gateway installs before the weekend streaming surge,2026-04-29T12:46:23Z,5342,225,855,144577,0.353,,,rising,,2026-05-27T11:26:12Z
49003,4961,twitter,ext_twitter_00004463,Billing and usage signals are surfacing new need for Family Connectivity Support Session from SilverLine Connected Life,2026-05-24T12:31:02Z,3186,1599,786,40248,0.803,,,rising,,2026-05-27T11:26:12Z
49004,4597,tiktok,ext_tiktok_00004464,"If your subscribers need Home Wi-Fi Mesh Kit, check PulsePoint 5G availability early; appointment slots are moving fast",2026-05-24T10:09:37Z,27,39,36,11202,0.345,,,normal,,2026-05-27T11:26:12Z
49005,5007,youtube,ext_youtube_00004465,Device-support channels are seeing increased activation demand after a handset launch,2026-05-25T22:52:22Z,612,32,6,274,0.034,,,normal,,2026-05-27T11:26:12Z
49006,4859,instagram,ext_instagram_00004466,Recommended SilverLine Connected Life Senior Connected Life Plan to an account manager today because churn risk is the issue,2026-05-27T00:08:42Z,923,86,14,16321,0.254,,,normal,,2026-05-27T11:26:12Z
49007,4848,threads,ext_threads_00004467,"Thought Edge Compute Reservation demand would level off, but EnterpriseEdge Services is still seeing urgent requests",2026-05-16T19:53:29Z,250,47,41,3469,0.866,,,normal,,2026-05-27T11:26:12Z
49008,4900,tiktok,ext_tiktok_00004468,Morning capacity review featuring Network Congestion Plan Review. WellNest Family Plans needs pre-positioned technician capacity,2026-05-07T09:46:17Z,43,79,42,9685,0.448,,,normal,,2026-05-27T11:26:12Z
49009,4762,tiktok,ext_tiktok_00004469,Added Family Connectivity Support Session to the high-priority service assurance path. Thank you SilverLine Connected Life for closing the gap,2026-05-02T22:06:43Z,42,10,35,17918,0.708,,,normal,,2026-05-27T11:26:12Z
49010,4859,instagram,ext_instagram_00004470,Subscribers are asking about Small Business Fiber SLA through FiberPath Broadband; upgrade and activation demand is rising,2026-05-19T16:30:57Z,592,27,29,5755,0.506,,,normal,,2026-05-27T11:26:12Z
49011,5014,instagram,ext_instagram_00004471,Network operations is flagging Fixed Wireless Home Internet from HomeConnect Fixed Wireless as a capacity bottleneck this week,2026-05-27T11:25:55Z,14564,2173,5290,371707,0.917,,,viral,,2026-05-27T11:26:12Z
49012,4709,youtube,ext_youtube_00004472,Small businesses need earlier visibility into field technician appointment availability,2026-05-17T14:31:44Z,264,57,1,9692,0.524,,,normal,,2026-05-27T11:26:12Z
49013,5025,tiktok,ext_tiktok_00004473,Subscriber experience note - HomeConnect Fixed Wireless LTE Backup Gateway is the service everyone is trying to schedule right now,2026-05-16T09:52:50Z,123,39,23,16928,0.329,,,normal,,2026-05-27T11:26:12Z
49014,5055,twitter,ext_twitter_00004474,Coverage gaps are delaying service assurance for several subscriber groups,2026-05-15T12:09:46Z,1250,980,460,167655,0.698,,,rising,,2026-05-27T11:26:12Z
49015,4870,tiktok,ext_tiktok_00004475,"Two-week review of SilverLine Connected Life Family Connectivity Support Session: strong subscriber response, but capacity planning matters",2026-05-15T23:28:19Z,12546,6123,5222,307839,0.236,,,viral,,2026-05-27T11:26:12Z
49016,4758,twitter,ext_twitter_00004476,Families keep asking where to find Fixed Wireless Home Internet. HomeConnect Fixed Wireless is showing up in every upgrade thread,2026-05-11T17:37:46Z,121,99,19,7639,0.687,,,normal,,2026-05-27T11:26:12Z
49017,4759,youtube,ext_youtube_00004477,NOC huddle: prioritize WellNest Family Plans Network Congestion Plan Review installs before the weekend streaming surge,2026-05-22T02:10:36Z,913,70,1,16966,0.25,,,normal,,2026-05-27T11:26:12Z
49018,4557,tiktok,ext_tiktok_00004478,Billing and usage signals are surfacing new need for Fixed Wireless Home Internet from HomeConnect Fixed Wireless,2026-05-06T20:56:13Z,844,35,9,15214,0.303,,,normal,,2026-05-27T11:26:12Z
49019,4825,tiktok,ext_tiktok_00004479,"If your subscribers need IoT Sensor Gateway Kit, check OrbitMotion IoT availability early; appointment slots are moving fast",2026-05-20T21:16:59Z,48395,7357,4670,699119,0.5,,,viral,,2026-05-27T11:26:12Z
49020,4665,threads,ext_threads_00004480,Subscribers are asking for clearer instructions after fiber installation and faster follow-up windows,2026-05-23T09:15:59Z,372,89,44,11139,-0.11,,,normal,,2026-05-27T11:26:12Z
49021,4678,twitter,ext_twitter_00004481,Recommended HomeConnect Fixed Wireless LTE Backup Gateway to an account manager today because churn risk is the issue,2026-05-26T10:52:43Z,425,77,36,18143,0.72,,,normal,,2026-05-27T11:26:12Z
49022,4833,threads,ext_threads_00004482,"Thought Family Data Share Plan demand would level off, but WellNest Family Plans is still seeing urgent requests",2026-05-21T00:02:43Z,2487,831,135,81413,0.745,,,rising,,2026-05-27T11:26:12Z
49023,4794,instagram,ext_instagram_00004483,Network monitoring alerts are helping the team catch congestion before call volume spikes,2026-05-26T06:50:38Z,8103,1074,815,48316,0.667,,,rising,,2026-05-27T11:26:12Z
49024,4832,youtube,ext_youtube_00004484,Added Enterprise Account Navigation to the high-priority service assurance path. Thank you EnterpriseEdge Services for closing the gap,2026-05-24T19:16:01Z,668,0,43,11396,0.405,,,normal,,2026-05-27T11:26:12Z
49025,4953,threads,ext_threads_00004485,Subscribers are asking about Churn Risk Save Offer through WaveFirst Mobile; upgrade and activation demand is rising,2026-05-24T04:45:51Z,1484,602,425,191069,0.714,,,rising,,2026-05-27T11:26:12Z
49026,4866,twitter,ext_twitter_00004486,Network operations is flagging Number Port-In Activation from SignalBridge Mobile as a capacity bottleneck this week,2026-05-04T19:49:14Z,394,96,47,15599,0.886,,,normal,,2026-05-27T11:26:12Z
49027,4694,youtube,ext_youtube_00004487,Connected life teams need better outreach after recent storm-related service events,2026-05-16T21:59:45Z,576,56,41,13323,0.008,,,normal,,2026-05-27T11:26:12Z
49028,4862,youtube,ext_youtube_00004488,Enterprise care teams are coordinating SLA-impact cases across regional service teams today,2026-05-09T07:22:04Z,38194,12501,1155,617164,0.599,,,viral,,2026-05-27T11:26:12Z
49029,4996,twitter,ext_twitter_00004489,Outage follow-up: demand for Number Port-In Activation is up and SignalBridge Mobile needs more field slots,2026-05-23T12:43:19Z,893,1,23,11592,0.773,,,normal,,2026-05-27T11:26:12Z
49030,4965,tiktok,ext_tiktok_00004490,Subscribers are asking for clearer instructions after fiber installation and faster follow-up windows,2026-05-03T23:34:43Z,749,95,4,12115,-0.002,,,normal,,2026-05-27T11:26:12Z
49031,4871,twitter,ext_twitter_00004491,Outage follow-up is the top request in our subscriber forum this week,2026-05-27T11:18:23Z,33171,14171,4901,625037,-0.269,,,viral,,2026-05-27T11:26:12Z
49032,4974,instagram,ext_instagram_00004492,NOC huddle: prioritize EnterpriseEdge Services Edge Compute Reservation installs before the weekend streaming surge,2026-05-23T23:11:46Z,860,72,3,7893,0.673,,,normal,,2026-05-27T11:26:12Z
49033,4600,threads,ext_threads_00004493,Network monitoring alerts are helping the team catch congestion before call volume spikes,2026-05-22T04:00:18Z,305,82,41,17824,0.192,,,normal,,2026-05-27T11:26:12Z
49034,4691,instagram,ext_instagram_00004494,"If your subscribers need Fiber Appointment Scheduling, check RoamFlow Mobility availability early; appointment slots are moving fast",2026-05-27T10:11:08Z,9937,957,354,112814,0.245,,,rising,,2026-05-27T11:26:12Z
49035,4781,instagram,ext_instagram_00004495,Day 30 with the Number Port-In Activation workflow and the field team says SignalBridge Mobile reduced manual follow-up,2026-05-15T22:36:43Z,14522,8303,4295,911607,0.328,,,viral,,2026-05-27T11:26:12Z
49036,4841,twitter,ext_twitter_00004496,Families keep asking for better Wi-Fi performance before evening streaming starts,2026-05-14T10:31:25Z,845,90,6,15186,0.068,,,normal,,2026-05-27T11:26:12Z
49037,4897,youtube,ext_youtube_00004497,"Thought Small Business Fiber SLA demand would level off, but FiberPath Broadband is still seeing urgent requests",2026-05-14T10:42:01Z,665,81,33,13199,0.589,,,normal,,2026-05-27T11:26:12Z
49038,5053,instagram,ext_instagram_00004498,Morning capacity review featuring 5G Mobile Hotspot Kit. MetroSupply Devices needs pre-positioned technician capacity,2026-05-19T22:42:45Z,19197,8021,2086,309078,0.801,,,viral,,2026-05-27T11:26:12Z
49039,5005,tiktok,ext_tiktok_00004499,Added Network Congestion Plan Review to the high-priority service assurance path. Thank you WellNest Family Plans for closing the gap,2026-05-26T17:29:10Z,250,81,3,6891,0.669,,,normal,,2026-05-27T11:26:12Z
49040,4820,tiktok,ext_tiktok_00004500,Subscribers are asking about New Line Activation through WaveFirst Mobile; upgrade and activation demand is rising,2026-05-05T18:04:21Z,518,67,17,157,0.575,,,normal,,2026-05-27T11:26:12Z
49041,4792,youtube,ext_youtube_00004501,Outage follow-up is the top request in our subscriber forum this week,2026-05-20T20:55:05Z,9320,522,440,124650,0.477,,,rising,,2026-05-27T11:26:12Z
49042,4710,threads,ext_threads_00004502,Coverage update: Outage Follow-Up Call capacity at ClearMind Customer Care is getting tight after a spike in service orders,2026-05-08T01:45:51Z,489,75,13,1741,0.375,,,normal,,2026-05-27T11:26:12Z
49043,4822,youtube,ext_youtube_00004503,Subscriber experience note - WellNest Family Plans Network Congestion Plan Review is the service everyone is trying to schedule right now,2026-05-27T11:09:12Z,118,25,3,5445,0.335,,,normal,,2026-05-27T11:26:12Z
49044,4592,tiktok,ext_tiktok_00004504,Outage follow-up: demand for Senior Connected Life Plan is up and SilverLine Connected Life needs more field slots,2026-05-16T12:15:25Z,209,89,41,17789,0.392,,,normal,,2026-05-27T11:26:12Z
49045,4976,twitter,ext_twitter_00004505,"Two-week review of RoamFlow Mobility Roaming Cost Coaching: strong subscriber response, but capacity planning matters",2026-05-17T01:14:06Z,9735,1537,118,135181,0.45,,,rising,,2026-05-27T11:26:12Z
49046,4774,youtube,ext_youtube_00004506,Families keep asking where to find Student Mobile Plan. WellNest Family Plans is showing up in every upgrade thread,2026-04-30T15:18:35Z,918,26,28,13861,0.804,,,normal,,2026-05-27T11:26:12Z
49047,4817,youtube,ext_youtube_00004507,NOC huddle: prioritize MetroSupply Devices 5G Mobile Hotspot Kit installs before the weekend streaming surge,2026-05-22T05:40:30Z,905,55,9,5161,0.264,,,normal,,2026-05-27T11:26:12Z
49048,4600,threads,ext_threads_00004508,Billing and usage signals are surfacing new need for 5G Mobile Hotspot Kit from MetroSupply Devices,2026-05-15T00:54:10Z,20102,9964,6447,880653,0.782,,,viral,,2026-05-27T11:26:12Z
49049,5043,instagram,ext_instagram_00004509,"If your subscribers need Connected Device Monitoring Onboarding, check MetroSupply Devices availability early; appointment slots are moving fast",2026-05-24T15:24:15Z,307793,22975,20740,19328448,0.911,,,mega_viral,,2026-05-27T11:26:12Z
49050,4792,youtube,ext_youtube_00004510,Day 30 with the Fixed Wireless Home Internet workflow and the field team says HomeConnect Fixed Wireless reduced manual follow-up,2026-05-08T17:44:44Z,64,21,27,8005,0.926,,,normal,,2026-05-27T11:26:12Z
49051,4569,youtube,ext_youtube_00004511,Recommended WellNest Family Plans Student Mobile Plan to an account manager today because churn risk is the issue,2026-05-17T09:00:42Z,389,49,32,6269,0.351,,,normal,,2026-05-27T11:26:12Z
49052,5044,tiktok,ext_tiktok_00004512,Small businesses need earlier visibility into field technician appointment availability,2026-05-25T16:23:14Z,466746,69927,23003,10899799,0.884,,,mega_viral,,2026-05-27T11:26:12Z
49053,4904,instagram,ext_instagram_00004513,Morning capacity review featuring Premium International Roaming Pass. SignalBridge Mobile needs pre-positioned technician capacity,2026-05-27T01:15:40Z,213,89,16,17351,0.818,,,normal,,2026-05-27T11:26:12Z
49054,4818,threads,ext_threads_00004514,Added New Line Activation to the high-priority service assurance path. Thank you WaveFirst Mobile for closing the gap,2026-05-20T03:06:34Z,630,79,48,12453,0.385,,,normal,,2026-05-27T11:26:12Z
49055,4871,twitter,ext_twitter_00004515,Subscribers are asking about Fixed Wireless Home Internet through HomeConnect Fixed Wireless; upgrade and activation demand is rising,2026-05-25T00:58:34Z,917,12,42,7046,0.404,,,normal,,2026-05-27T11:26:12Z
49056,4650,threads,ext_threads_00004516,Network operations is flagging Connected Device Monitoring Onboarding from MetroSupply Devices as a capacity bottleneck this week,2026-05-01T02:40:30Z,6107,775,750,180035,0.762,,,rising,,2026-05-27T11:26:12Z
49057,5046,youtube,ext_youtube_00004517,Coverage update: SIM Replacement Starter Kit capacity at MetroSupply Devices is getting tight after a spike in service orders,2026-05-21T08:10:44Z,4162,1408,964,35230,0.909,,,rising,,2026-05-27T11:26:12Z
49058,5017,youtube,ext_youtube_00004518,Subscriber experience note - HomeConnect Fixed Wireless Fixed Wireless Home Internet is the service everyone is trying to schedule right now,2026-05-26T23:54:34Z,31,35,21,18924,0.329,,,normal,,2026-05-27T11:26:12Z
49059,4869,instagram,ext_instagram_00004519,Outage follow-up: demand for Student Mobile Plan is up and WellNest Family Plans needs more field slots,2026-05-18T06:59:28Z,585,63,31,17683,0.616,,,normal,,2026-05-27T11:26:12Z
49060,4566,instagram,ext_instagram_00004520,Subscribers are asking for clearer instructions after fiber installation and faster follow-up windows,2026-05-18T08:51:28Z,656,89,47,2429,0.155,,,normal,,2026-05-27T11:26:12Z
49061,4710,threads,ext_threads_00004521,Families keep asking where to find Customer Retention Intake. ClearMind Customer Care is showing up in every upgrade thread,2026-05-21T20:26:47Z,237,73,13,1450,0.515,,,normal,,2026-05-27T11:26:12Z
49062,4645,threads,ext_threads_00004522,NOC huddle: prioritize EnterpriseEdge Services Edge Compute Reservation installs before the weekend streaming surge,2026-04-28T18:07:58Z,20441,3272,7326,902174,0.69,,,viral,,2026-05-27T11:26:12Z
49063,5012,youtube,ext_youtube_00004523,Billing and usage signals are surfacing new need for Fiber Appointment Scheduling from RoamFlow Mobility,2026-04-28T04:13:10Z,669,71,44,4681,0.423,,,normal,,2026-05-27T11:26:12Z
49064,4768,twitter,ext_twitter_00004524,"If your subscribers need Outage Follow-Up Call, check ClearMind Customer Care availability early; appointment slots are moving fast",2026-05-27T01:34:15Z,354,29,45,19321,0.603,,,normal,,2026-05-27T11:26:12Z
49065,5048,instagram,ext_instagram_00004525,Day 30 with the Premium International Roaming Pass workflow and the field team says SignalBridge Mobile reduced manual follow-up,2026-05-16T20:19:13Z,384153,79100,18329,10283409,0.802,,,mega_viral,,2026-05-27T11:26:12Z
49066,4776,instagram,ext_instagram_00004526,Recommended ClearMind Customer Care Customer Retention Intake to an account manager today because churn risk is the issue,2026-05-23T03:07:20Z,19,35,35,4002,0.773,,,normal,,2026-05-27T11:26:12Z
49067,4956,twitter,ext_twitter_00004527,Connected life teams need better outreach after recent storm-related service events,2026-05-24T17:06:16Z,8961,877,882,130377,0.75,,,rising,,2026-05-27T11:26:12Z
49068,4916,twitter,ext_twitter_00004528,Enterprise care teams are coordinating SLA-impact cases across regional service teams today,2026-05-27T11:18:37Z,59,2,30,4449,0.625,,,normal,,2026-05-27T11:26:12Z
49069,4827,youtube,ext_youtube_00004529,Added SIM Replacement Starter Kit to the high-priority service assurance path. Thank you MetroSupply Devices for closing the gap,2026-05-10T04:53:19Z,345,86,2,18640,0.441,,,normal,,2026-05-27T11:26:12Z
49070,4671,instagram,ext_instagram_00004530,Subscribers are asking about Fixed Wireless Home Internet through HomeConnect Fixed Wireless; upgrade and activation demand is rising,2026-04-29T02:53:17Z,783,63,31,19564,0.401,,,normal,,2026-05-27T11:26:12Z
49071,4551,instagram,ext_instagram_00004531,Network operations is flagging Device Upgrade Enrollment from PulsePoint 5G as a capacity bottleneck this week,2026-05-26T23:48:55Z,345,46,16,7682,0.561,,,normal,,2026-05-27T11:26:12Z
49072,4621,instagram,ext_instagram_00004532,Coverage update: LTE Backup Gateway capacity at HomeConnect Fixed Wireless is getting tight after a spike in service orders,2026-05-24T08:13:11Z,856,46,27,2932,0.516,,,normal,,2026-05-27T11:26:12Z
49073,5006,twitter,ext_twitter_00004533,Subscriber experience note - WaveFirst Mobile New Line Activation is the service everyone is trying to schedule right now,2026-05-04T21:31:10Z,384,0,28,14141,0.447,,,normal,,2026-05-27T11:26:12Z
49074,4549,youtube,ext_youtube_00004534,Outage follow-up: demand for 5G Business Consultation is up and PulsePoint 5G needs more field slots,2026-05-11T16:39:07Z,40224,11391,3014,555905,0.592,,,viral,,2026-05-27T11:26:12Z
49075,4820,tiktok,ext_tiktok_00004535,"Two-week review of PulsePoint 5G Device Upgrade Enrollment: strong subscriber response, but capacity planning matters",2026-04-28T15:02:55Z,463,92,10,1500,0.572,,,normal,,2026-05-27T11:26:12Z
49076,4833,threads,ext_threads_00004536,Families keep asking where to find Fleet Telematics SIM Pack. OrbitMotion IoT is showing up in every upgrade thread,2026-05-19T19:58:35Z,321,29,12,3072,0.439,,,normal,,2026-05-27T11:26:12Z
49077,4564,youtube,ext_youtube_00004537,NOC huddle: prioritize SignalBridge Mobile Premium International Roaming Pass installs before the weekend streaming surge,2026-05-27T11:16:08Z,1714,1574,129,21394,0.464,,,rising,,2026-05-27T11:26:12Z
49078,4875,tiktok,ext_tiktok_00004538,Enterprise care teams are coordinating SLA-impact cases across regional service teams today,2026-05-16T17:01:40Z,7047,1382,126,177881,0.762,,,rising,,2026-05-27T11:26:12Z
49079,4684,youtube,ext_youtube_00004539,Roaming bill questions are creating new handoffs to billing and retention teams,2026-05-22T12:23:16Z,309,67,29,3871,-0.13,,,normal,,2026-05-27T11:26:12Z
49080,4981,twitter,ext_twitter_00004540,Day 30 with the Roaming Cost Coaching workflow and the field team says RoamFlow Mobility reduced manual follow-up,2026-05-24T07:19:45Z,700,36,35,18287,0.707,,,normal,,2026-05-27T11:26:12Z
49081,4671,instagram,ext_instagram_00004541,Recommended WaveFirst Mobile Churn Risk Save Offer to an account manager today because churn risk is the issue,2026-05-07T20:07:53Z,232,42,25,18706,0.843,,,normal,,2026-05-27T11:26:12Z
49082,4896,twitter,ext_twitter_00004542,"Thought LTE Backup Gateway demand would level off, but HomeConnect Fixed Wireless is still seeing urgent requests",2026-04-29T22:45:53Z,704,83,22,6451,0.751,,,normal,,2026-05-27T11:26:12Z
49083,4874,instagram,ext_instagram_00004543,Network monitoring alerts are helping the team catch congestion before call volume spikes,2026-05-05T14:50:38Z,6307,1424,376,134680,0.459,,,rising,,2026-05-27T11:26:12Z
49084,4834,instagram,ext_instagram_00004544,Added Senior Connected Life Plan to the high-priority service assurance path. Thank you SilverLine Connected Life for closing the gap,2026-05-27T03:38:51Z,384,4,19,19531,0.442,,,normal,,2026-05-27T11:26:12Z
49085,4986,twitter,ext_twitter_00004545,Subscribers are asking about Network Congestion Plan Review through WellNest Family Plans; upgrade and activation demand is rising,2026-05-04T08:17:55Z,767,10,26,984,0.466,,,normal,,2026-05-27T11:26:12Z
49086,5030,tiktok,ext_tiktok_00004546,Network operations is flagging Fraud Resolution Case from ClearMind Customer Care as a capacity bottleneck this week,2026-05-01T06:21:05Z,591,62,17,14013,0.324,,,normal,,2026-05-27T11:26:12Z
49087,4950,tiktok,ext_tiktok_00004547,Coverage update: 5G Business Consultation capacity at PulsePoint 5G is getting tight after a spike in service orders,2026-05-27T07:40:29Z,13,69,26,10711,0.218,,,normal,,2026-05-27T11:26:12Z
49088,4775,threads,ext_threads_00004548,Subscriber experience note - HomeConnect Fixed Wireless Smart Home Connectivity Assessment is the service everyone is trying to schedule right now,2026-05-27T00:11:24Z,284,83,18,13096,0.929,,,normal,,2026-05-27T11:26:12Z
49089,4832,youtube,ext_youtube_00004549,Outage follow-up: demand for Family Connectivity Support Session is up and SilverLine Connected Life needs more field slots,2026-05-22T18:01:11Z,295,75,32,7485,0.721,,,normal,,2026-05-27T11:26:12Z
49090,4919,instagram,ext_instagram_00004550,"Two-week review of WellNest Family Plans Network Congestion Plan Review: strong subscriber response, but capacity planning matters",2026-05-26T22:30:42Z,401,65,24,12231,0.311,,,normal,,2026-05-27T11:26:12Z
49091,4892,youtube,ext_youtube_00004551,Families keep asking where to find Customer Retention Intake. ClearMind Customer Care is showing up in every upgrade thread,2026-05-02T22:53:54Z,331,29,10,1043,0.393,,,normal,,2026-05-27T11:26:12Z
49092,4645,threads,ext_threads_00004552,NOC huddle: prioritize ClearMind Customer Care Outage Follow-Up Call installs before the weekend streaming surge,2026-04-28T02:37:27Z,9560,534,103,127375,0.838,,,rising,,2026-05-27T11:26:12Z
49093,4903,threads,ext_threads_00004553,Billing and usage signals are surfacing new need for Customer Retention Intake from ClearMind Customer Care,2026-05-25T20:34:17Z,22172,11472,3657,934741,0.831,,,viral,,2026-05-27T11:26:12Z
49094,4967,youtube,ext_youtube_00004554,"If your subscribers need New Line Activation, check WaveFirst Mobile availability early; appointment slots are moving fast",2026-04-30T11:08:40Z,976,79,44,4938,0.302,,,normal,,2026-05-27T11:26:12Z
49095,4973,threads,ext_threads_00004555,Day 30 with the SIM Replacement Starter Kit workflow and the field team says MetroSupply Devices reduced manual follow-up,2026-05-13T06:26:21Z,803,55,19,2330,0.739,,,normal,,2026-05-27T11:26:12Z
49096,4700,threads,ext_threads_00004556,Recommended WellNest Family Plans Student Mobile Plan to an account manager today because churn risk is the issue,2026-05-16T04:57:01Z,2707,1981,196,127628,0.563,,,rising,,2026-05-27T11:26:12Z
49097,4847,youtube,ext_youtube_00004557,"Thought Roaming Cost Coaching demand would level off, but RoamFlow Mobility is still seeing urgent requests",2026-05-25T12:21:29Z,244,44,8,4838,0.353,,,normal,,2026-05-27T11:26:12Z
49098,5023,threads,ext_threads_00004558,Morning capacity review featuring Fixed Wireless Home Internet. HomeConnect Fixed Wireless needs pre-positioned technician capacity,2026-05-23T19:17:53Z,8326,1291,959,152700,0.328,,,rising,,2026-05-27T11:26:12Z
49099,4641,instagram,ext_instagram_00004559,Roaming bill questions are creating new handoffs to billing and retention teams,2026-04-29T12:32:31Z,639,39,45,2632,-0.122,,,normal,,2026-05-27T11:26:12Z
49100,4608,twitter,ext_twitter_00004560,Subscribers are asking about Roaming Cost Coaching through RoamFlow Mobility; upgrade and activation demand is rising,2026-05-26T17:23:01Z,8340,601,701,142084,0.616,,,rising,,2026-05-27T11:26:12Z
49101,4882,youtube,ext_youtube_00004561,Outage follow-up is the top request in our subscriber forum this week,2026-05-07T18:27:50Z,706,70,14,17781,0.424,,,normal,,2026-05-27T11:26:12Z
49102,4552,tiktok,ext_tiktok_00004562,Coverage update: Number Port-In Activation capacity at SignalBridge Mobile is getting tight after a spike in service orders,2026-05-24T23:51:09Z,243,34,15,675,0.362,,,normal,,2026-05-27T11:26:12Z
49103,4587,tiktok,ext_tiktok_00004563,Subscriber experience note - WellNest Family Plans Student Mobile Plan is the service everyone is trying to schedule right now,2026-05-27T10:26:53Z,810,36,33,202,0.719,,,normal,,2026-05-27T11:26:12Z
49104,5042,threads,ext_threads_00004564,Coverage gaps are delaying service assurance for several subscriber groups,2026-05-08T20:01:06Z,140,90,21,876,0.217,,,normal,,2026-05-27T11:26:12Z
49105,4987,youtube,ext_youtube_00004565,"Two-week review of WaveFirst Mobile New Line Activation: strong subscriber response, but capacity planning matters",2026-05-09T10:05:40Z,338,1,10,3943,0.717,,,normal,,2026-05-27T11:26:12Z
49106,5004,instagram,ext_instagram_00004566,Families keep asking where to find Enterprise Account Navigation. EnterpriseEdge Services is showing up in every upgrade thread,2026-05-13T04:05:14Z,346669,12798,33148,9111741,0.868,,,mega_viral,,2026-05-27T11:26:12Z
49107,4852,youtube,ext_youtube_00004567,Connected life teams need better outreach after recent storm-related service events,2026-05-27T00:41:37Z,426,24,28,8062,-0.196,,,normal,,2026-05-27T11:26:12Z
49108,4589,youtube,ext_youtube_00004568,Enterprise care teams are coordinating SLA-impact cases across regional service teams today,2026-05-27T06:56:38Z,265,53,33,1990,-0.113,,,normal,,2026-05-27T11:26:12Z
49109,4822,youtube,ext_youtube_00004569,"If your subscribers need Connected Device Monitoring Onboarding, check MetroSupply Devices availability early; appointment slots are moving fast",2026-05-26T19:42:34Z,274,37,28,7038,0.307,,,normal,,2026-05-27T11:26:12Z
49110,5011,twitter,ext_twitter_00004570,Day 30 with the Fixed Wireless Home Internet workflow and the field team says HomeConnect Fixed Wireless reduced manual follow-up,2026-05-27T06:33:04Z,394,39,4,4943,0.519,,,normal,,2026-05-27T11:26:12Z
49111,4733,twitter,ext_twitter_00004571,Recommended HomeConnect Fixed Wireless Fixed Wireless Home Internet to an account manager today because churn risk is the issue,2026-05-27T11:14:59Z,7884,328,400,21069,0.473,,,rising,,2026-05-27T11:26:12Z
49112,4614,youtube,ext_youtube_00004572,"Thought Roaming Cost Coaching demand would level off, but RoamFlow Mobility is still seeing urgent requests",2026-05-05T06:23:30Z,953,34,3,10854,0.838,,,normal,,2026-05-27T11:26:12Z
49113,4996,twitter,ext_twitter_00004573,Morning capacity review featuring 5G Business Consultation. PulsePoint 5G needs pre-positioned technician capacity,2026-05-17T06:20:15Z,344,50,12,2031,0.362,,,normal,,2026-05-27T11:26:12Z
49114,4802,youtube,ext_youtube_00004574,Added Network Congestion Plan Review to the high-priority service assurance path. Thank you WellNest Family Plans for closing the gap,2026-05-09T14:31:36Z,929,45,18,5165,0.306,,,normal,,2026-05-27T11:26:12Z
49115,4567,tiktok,ext_tiktok_00004575,Subscribers are asking about 5G Mobile Hotspot Kit through MetroSupply Devices; upgrade and activation demand is rising,2026-05-03T06:54:02Z,5725,1920,366,188526,0.704,,,rising,,2026-05-27T11:26:12Z
49116,5021,twitter,ext_twitter_00004576,Network operations is flagging Home Wi-Fi Mesh Kit from PulsePoint 5G as a capacity bottleneck this week,2026-05-10T00:54:03Z,589,80,31,18354,0.881,,,normal,,2026-05-27T11:26:12Z
49117,5004,instagram,ext_instagram_00004577,Coverage update: Field Technician Evaluation capacity at OrbitMotion IoT is getting tight after a spike in service orders,2026-05-25T15:33:18Z,229,94,26,9341,0.444,,,normal,,2026-05-27T11:26:12Z
49118,4671,instagram,ext_instagram_00004578,Subscriber experience note - OrbitMotion IoT Fleet Telematics SIM Pack is the service everyone is trying to schedule right now,2026-05-04T23:17:25Z,5507,1445,478,31087,0.737,,,rising,,2026-05-27T11:26:12Z
49119,4948,threads,ext_threads_00004579,Outage follow-up: demand for Smart Home Connectivity Assessment is up and HomeConnect Fixed Wireless needs more field slots,2026-05-21T05:40:35Z,511,84,45,12993,0.835,,,normal,,2026-05-27T11:26:12Z
49120,4920,tiktok,ext_tiktok_00004580,Subscribers are asking for clearer instructions after fiber installation and faster follow-up windows,2026-05-26T00:58:01Z,867,83,5,5662,-0.164,,,normal,,2026-05-27T11:26:12Z
49121,4853,threads,ext_threads_00004581,Outage follow-up is the top request in our subscriber forum this week,2026-05-09T11:11:02Z,875,65,11,560,0.068,,,normal,,2026-05-27T11:26:12Z
49122,4820,tiktok,ext_tiktok_00004582,Small businesses need earlier visibility into field technician appointment availability,2026-05-14T17:52:34Z,296,75,5,16561,-0.23,,,normal,,2026-05-27T11:26:12Z
49123,4605,threads,ext_threads_00004583,Billing and usage signals are surfacing new need for Edge Compute Reservation from EnterpriseEdge Services,2026-05-16T06:57:36Z,41524,10828,6857,972004,0.488,,,viral,,2026-05-27T11:26:12Z
49124,4581,instagram,ext_instagram_00004584,Coverage gaps are delaying service assurance for several subscriber groups,2026-05-25T23:25:01Z,6735,1191,196,157156,-0.278,,,rising,,2026-05-27T11:26:12Z
49125,4753,twitter,ext_twitter_00004585,Day 30 with the Fiber Appointment Scheduling workflow and the field team says RoamFlow Mobility reduced manual follow-up,2026-05-11T23:29:13Z,768,55,27,7328,0.321,,,normal,,2026-05-27T11:26:12Z
49126,4797,youtube,ext_youtube_00004586,Families keep asking for better Wi-Fi performance before evening streaming starts,2026-05-18T01:37:49Z,265,12,7,14835,0.169,,,normal,,2026-05-27T11:26:12Z
49127,4631,instagram,ext_instagram_00004587,Connected life teams need better outreach after recent storm-related service events,2026-05-27T09:25:57Z,788,2,34,7319,0.697,,,normal,,2026-05-27T11:26:12Z
49128,4697,tiktok,ext_tiktok_00004588,Morning capacity review featuring Fraud Resolution Case. ClearMind Customer Care needs pre-positioned technician capacity,2026-05-04T14:11:16Z,196,32,35,18965,0.826,,,normal,,2026-05-27T11:26:12Z
49129,4891,twitter,ext_twitter_00004589,Added Fiber Repair Appointment to the high-priority service assurance path. Thank you FiberPath Broadband for closing the gap,2026-05-03T22:15:32Z,634,33,11,209,0.497,,,normal,,2026-05-27T11:26:12Z
49130,4797,youtube,ext_youtube_00004590,Subscribers are asking about Churn Risk Save Offer through WaveFirst Mobile; upgrade and activation demand is rising,2026-05-05T21:55:52Z,6301,1252,409,130961,0.338,,,rising,,2026-05-27T11:26:12Z
49131,4706,instagram,ext_instagram_00004591,Network operations is flagging 5G Business Consultation from PulsePoint 5G as a capacity bottleneck this week,2026-05-27T08:17:18Z,925,62,12,553,0.516,,,normal,,2026-05-27T11:26:12Z
49132,4913,threads,ext_threads_00004592,Coverage update: Gigabit Fiber Install capacity at FiberPath Broadband is getting tight after a spike in service orders,2026-05-27T03:42:03Z,2793,1152,889,92530,0.929,,,rising,,2026-05-27T11:26:12Z
49133,4649,youtube,ext_youtube_00004593,Subscriber experience note - WaveFirst Mobile Churn Risk Save Offer is the service everyone is trying to schedule right now,2026-05-09T20:32:41Z,162,40,24,12970,0.405,,,normal,,2026-05-27T11:26:12Z
49134,4710,threads,ext_threads_00004594,Coverage gaps are delaying service assurance for several subscriber groups,2026-05-24T10:48:19Z,4322,454,634,75811,0.138,,,rising,,2026-05-27T11:26:12Z
49135,4653,twitter,ext_twitter_00004595,Device-support channels are seeing increased activation demand after a handset launch,2026-05-12T15:28:58Z,631,24,34,7974,0.781,,,normal,,2026-05-27T11:26:12Z
49136,4891,twitter,ext_twitter_00004596,Families keep asking where to find Churn Risk Save Offer. WaveFirst Mobile is showing up in every upgrade thread,2026-05-25T21:51:32Z,39424,10330,4988,967948,0.47,,,viral,,2026-05-27T11:26:12Z
49137,4576,instagram,ext_instagram_00004597,NOC huddle: prioritize MetroSupply Devices Connected Device Monitoring Onboarding installs before the weekend streaming surge,2026-05-25T08:30:20Z,810,83,2,13886,0.234,,,normal,,2026-05-27T11:26:12Z
49138,4861,twitter,ext_twitter_00004598,Billing and usage signals are surfacing new need for Small Business Fiber SLA from FiberPath Broadband,2026-05-27T11:04:54Z,977,78,4,10215,0.484,,,normal,,2026-05-27T11:26:12Z
49139,4946,twitter,ext_twitter_00004599,Roaming bill questions are creating new handoffs to billing and retention teams,2026-05-27T07:14:03Z,456,22,12,7716,0.405,,,normal,,2026-05-27T11:26:12Z
49140,4704,youtube,ext_youtube_00004600,Day 30 with the Gigabit Fiber Install workflow and the field team says FiberPath Broadband reduced manual follow-up,2026-05-14T05:53:48Z,4086,1635,408,168731,0.209,,,rising,,2026-05-27T11:26:12Z
49141,4898,threads,ext_threads_00004601,Recommended WellNest Family Plans Family Data Share Plan to an account manager today because churn risk is the issue,2026-05-22T23:21:16Z,273,16,38,17357,0.554,,,normal,,2026-05-27T11:26:12Z
49142,4752,tiktok,ext_tiktok_00004602,Small businesses need earlier visibility into field technician appointment availability,2026-04-29T23:49:54Z,655,96,7,17905,0.251,,,normal,,2026-05-27T11:26:12Z
49143,4608,twitter,ext_twitter_00004603,Morning capacity review featuring Fraud Resolution Case. ClearMind Customer Care needs pre-positioned technician capacity,2026-05-27T08:55:10Z,839,4,32,12799,0.627,,,normal,,2026-05-27T11:26:12Z
49144,4581,instagram,ext_instagram_00004604,Coverage gaps are delaying service assurance for several subscriber groups,2026-05-25T14:08:22Z,902,65,6,10688,0.313,,,normal,,2026-05-27T11:26:12Z
49145,5012,youtube,ext_youtube_00004605,Subscribers are asking about Fraud Resolution Case through ClearMind Customer Care; upgrade and activation demand is rising,2026-05-04T03:18:53Z,6539,1689,580,157977,0.659,,,rising,,2026-05-27T11:26:12Z
49146,4965,tiktok,ext_tiktok_00004606,Network operations is flagging Student Mobile Plan from WellNest Family Plans as a capacity bottleneck this week,2026-05-26T11:54:36Z,8439,503,128,185478,0.902,,,rising,,2026-05-27T11:26:12Z
49147,4995,tiktok,ext_tiktok_00004607,Coverage update: 5G Business Consultation capacity at PulsePoint 5G is getting tight after a spike in service orders,2026-05-18T20:22:14Z,303,99,23,13626,0.714,,,normal,,2026-05-27T11:26:12Z
49148,5053,instagram,ext_instagram_00004608,Enterprise care teams are coordinating SLA-impact cases across regional service teams today,2026-04-28T06:12:42Z,902,30,14,12725,0.831,,,normal,,2026-05-27T11:26:12Z
49149,4831,twitter,ext_twitter_00004609,Outage follow-up: demand for Outage Follow-Up Call is up and ClearMind Customer Care needs more field slots,2026-05-23T15:51:51Z,630,94,40,4964,0.732,,,normal,,2026-05-27T11:26:12Z
49150,4622,tiktok,ext_tiktok_00004610,"Two-week review of PulsePoint 5G Home Wi-Fi Mesh Kit: strong subscriber response, but capacity planning matters",2026-05-06T11:36:19Z,24833,2641,1913,593991,0.307,,,viral,,2026-05-27T11:26:12Z
49151,4781,instagram,ext_instagram_00004611,Outage follow-up is the top request in our subscriber forum this week,2026-05-03T13:58:41Z,506,25,9,16441,-0.178,,,normal,,2026-05-27T11:26:12Z
49152,4802,youtube,ext_youtube_00004612,NOC huddle: prioritize FiberPath Broadband Small Business Fiber SLA installs before the weekend streaming surge,2026-05-07T20:50:45Z,858,13,44,816,0.733,,,normal,,2026-05-27T11:26:12Z
49153,4860,tiktok,ext_tiktok_00004613,Network monitoring alerts are helping the team catch congestion before call volume spikes,2026-05-22T23:51:28Z,185,18,16,10994,-0.08,,,normal,,2026-05-27T11:26:12Z
49154,5054,tiktok,ext_tiktok_00004614,Coverage gaps are delaying service assurance for several subscriber groups,2026-05-12T23:32:45Z,1147,327,451,145511,0.603,,,rising,,2026-05-27T11:26:12Z
49155,4907,youtube,ext_youtube_00004615,Day 30 with the Home Wi-Fi Mesh Kit workflow and the field team says PulsePoint 5G reduced manual follow-up,2026-05-12T10:23:33Z,46357,3572,3096,759050,0.579,,,viral,,2026-05-27T11:26:12Z
49156,4672,tiktok,ext_tiktok_00004616,Recommended SignalBridge Mobile Number Port-In Activation to an account manager today because churn risk is the issue,2026-05-26T23:12:57Z,38987,10915,4830,396184,0.88,,,viral,,2026-05-27T11:26:12Z
49157,4884,instagram,ext_instagram_00004617,"Thought Device Upgrade Enrollment demand would level off, but PulsePoint 5G is still seeing urgent requests",2026-05-27T10:41:32Z,18066,12276,4838,417057,0.541,,,viral,,2026-05-27T11:26:12Z
49158,4663,twitter,ext_twitter_00004618,Morning capacity review featuring Enterprise Account Navigation. EnterpriseEdge Services needs pre-positioned technician capacity,2026-05-25T04:14:31Z,179,62,4,10616,0.321,,,normal,,2026-05-27T11:26:12Z
49159,4600,threads,ext_threads_00004619,Added Premium International Roaming Pass to the high-priority service assurance path. Thank you SignalBridge Mobile for closing the gap,2026-05-18T20:20:21Z,5625,899,719,135516,0.443,,,rising,,2026-05-27T11:26:12Z
49160,4956,twitter,ext_twitter_00004620,Subscribers are asking about Fraud Resolution Case through ClearMind Customer Care; upgrade and activation demand is rising,2026-05-27T07:02:04Z,997,10,26,19275,0.345,,,normal,,2026-05-27T11:26:12Z
49161,4898,threads,ext_threads_00004621,Network operations is flagging IoT Sensor Gateway Kit from OrbitMotion IoT as a capacity bottleneck this week,2026-05-05T03:50:19Z,436,39,40,18539,0.211,,,normal,,2026-05-27T11:26:12Z
49162,4980,tiktok,ext_tiktok_00004622,Small businesses need earlier visibility into field technician appointment availability,2026-05-23T22:55:08Z,337,7,42,5251,-0.004,,,normal,,2026-05-27T11:26:12Z
49163,4965,tiktok,ext_tiktok_00004623,Network monitoring alerts are helping the team catch congestion before call volume spikes,2026-05-23T00:36:07Z,9596,656,397,151856,-0.114,,,rising,,2026-05-27T11:26:12Z
49164,4990,tiktok,ext_tiktok_00004624,Outage follow-up: demand for Fiber Appointment Scheduling is up and RoamFlow Mobility needs more field slots,2026-05-26T01:20:05Z,685,71,23,12702,0.499,,,normal,,2026-05-27T11:26:12Z
49165,4669,youtube,ext_youtube_00004625,"Two-week review of OrbitMotion IoT Field Technician Evaluation: strong subscriber response, but capacity planning matters",2026-05-20T01:30:50Z,715,51,45,3950,0.941,,,normal,,2026-05-27T11:26:12Z
49166,4930,tiktok,ext_tiktok_00004626,Families keep asking where to find Roaming Cost Coaching. RoamFlow Mobility is showing up in every upgrade thread,2026-05-11T08:57:46Z,793,98,47,1396,0.384,,,normal,,2026-05-27T11:26:12Z
49167,4832,youtube,ext_youtube_00004627,Connected life teams need better outreach after recent storm-related service events,2026-05-26T19:54:59Z,12548,3597,7522,588365,-0.195,,,viral,,2026-05-27T11:26:12Z
49168,4809,instagram,ext_instagram_00004628,Billing and usage signals are surfacing new need for Number Port-In Activation from SignalBridge Mobile,2026-05-23T15:09:11Z,430,68,44,3108,0.638,,,normal,,2026-05-27T11:26:12Z
49169,4879,instagram,ext_instagram_00004629,Roaming bill questions are creating new handoffs to billing and retention teams,2026-05-21T03:19:25Z,9870,1657,150,30784,0.227,,,rising,,2026-05-27T11:26:12Z
49170,4560,threads,ext_threads_00004630,Subscribers are asking for clearer instructions after fiber installation and faster follow-up windows,2026-05-18T11:46:59Z,777,93,17,2044,-0.122,,,normal,,2026-05-27T11:26:12Z
49171,4552,tiktok,ext_tiktok_00004631,Recommended ClearMind Customer Care Fraud Resolution Case to an account manager today because churn risk is the issue,2026-05-26T02:53:56Z,4080,1518,377,187239,0.75,,,rising,,2026-05-27T11:26:12Z
49172,5042,threads,ext_threads_00004632,"Thought Enterprise Account Navigation demand would level off, but EnterpriseEdge Services is still seeing urgent requests",2026-05-24T19:38:52Z,49,16,39,16070,0.301,,,normal,,2026-05-27T11:26:12Z
49173,4990,tiktok,ext_tiktok_00004633,Network monitoring alerts are helping the team catch congestion before call volume spikes,2026-05-24T02:20:06Z,363,45,4,12526,0.461,,,normal,,2026-05-27T11:26:12Z
49174,4931,twitter,ext_twitter_00004634,Added Enterprise Account Navigation to the high-priority service assurance path. Thank you EnterpriseEdge Services for closing the gap,2026-05-25T21:19:15Z,3977,1878,867,55249,0.946,,,rising,,2026-05-27T11:26:12Z
49175,4667,tiktok,ext_tiktok_00004635,Device-support channels are seeing increased activation demand after a handset launch,2026-05-23T00:33:05Z,273,44,10,10474,0.19,,,normal,,2026-05-27T11:26:12Z
49176,5023,threads,ext_threads_00004636,Network operations is flagging Student Mobile Plan from WellNest Family Plans as a capacity bottleneck this week,2026-05-07T12:18:49Z,476,49,44,15366,0.262,,,normal,,2026-05-27T11:26:12Z
49177,4846,twitter,ext_twitter_00004637,Coverage update: Small Business Fiber SLA capacity at FiberPath Broadband is getting tight after a spike in service orders,2026-05-16T14:54:33Z,31203,14178,7756,578920,0.874,,,viral,,2026-05-27T11:26:12Z
49178,4616,instagram,ext_instagram_00004638,Enterprise care teams are coordinating SLA-impact cases across regional service teams today,2026-05-06T13:56:59Z,684,88,0,15731,0.455,,,normal,,2026-05-27T11:26:12Z
49179,4774,youtube,ext_youtube_00004639,Outage follow-up: demand for Home Wi-Fi Mesh Kit is up and PulsePoint 5G needs more field slots,2026-04-29T16:32:18Z,865,43,32,16937,0.212,,,normal,,2026-05-27T11:26:12Z
49180,4603,twitter,ext_twitter_00004640,"Two-week review of MetroSupply Devices SIM Replacement Starter Kit: strong subscriber response, but capacity planning matters",2026-05-01T23:13:32Z,889,32,11,16555,0.578,,,normal,,2026-05-27T11:26:12Z
49181,4644,youtube,ext_youtube_00004641,Families keep asking where to find Family Data Share Plan. WellNest Family Plans is showing up in every upgrade thread,2026-05-27T04:19:59Z,386,31,5,19834,0.316,,,normal,,2026-05-27T11:26:12Z
49182,4974,instagram,ext_instagram_00004642,NOC huddle: prioritize RoamFlow Mobility Roaming Cost Coaching installs before the weekend streaming surge,2026-04-27T15:47:53Z,939,93,9,19943,0.601,,,normal,,2026-05-27T11:26:12Z
49183,5022,youtube,ext_youtube_00004643,Billing and usage signals are surfacing new need for Connected Device Monitoring Onboarding from MetroSupply Devices,2026-05-03T12:27:23Z,6762,1207,796,180608,0.883,,,rising,,2026-05-27T11:26:12Z
49184,4569,youtube,ext_youtube_00004644,"If your subscribers need Enterprise Account Navigation, check EnterpriseEdge Services availability early; appointment slots are moving fast",2026-05-26T07:35:48Z,506,51,9,3146,0.323,,,normal,,2026-05-27T11:26:12Z
49185,4718,twitter,ext_twitter_00004645,Device-support channels are seeing increased activation demand after a handset launch,2026-05-22T03:56:48Z,591,56,31,10902,0.79,,,normal,,2026-05-27T11:26:12Z
49186,4768,twitter,ext_twitter_00004646,Recommended RoamFlow Mobility Fiber Appointment Scheduling to an account manager today because churn risk is the issue,2026-05-14T18:43:30Z,43214,11140,3182,866742,0.658,,,viral,,2026-05-27T11:26:12Z
49187,4582,tiktok,ext_tiktok_00004647,Connected life teams need better outreach after recent storm-related service events,2026-05-21T22:58:56Z,819,64,48,12903,0.518,,,normal,,2026-05-27T11:26:12Z
49188,4606,instagram,ext_instagram_00004648,Morning capacity review featuring Gigabit Fiber Install. FiberPath Broadband needs pre-positioned technician capacity,2026-05-12T23:37:55Z,449,8,16,19922,0.496,,,normal,,2026-05-27T11:26:12Z
49189,4565,threads,ext_threads_00004649,Added 5G Business Consultation to the high-priority service assurance path. Thank you PulsePoint 5G for closing the gap,2026-05-17T15:20:43Z,663,72,42,18870,0.774,,,normal,,2026-05-27T11:26:12Z
49190,4891,twitter,ext_twitter_00004650,Subscribers are asking for clearer instructions after fiber installation and faster follow-up windows,2026-05-10T01:02:52Z,741,42,38,15592,0.372,,,normal,,2026-05-27T11:26:12Z
49191,5012,youtube,ext_youtube_00004651,Network operations is flagging Premium International Roaming Pass from SignalBridge Mobile as a capacity bottleneck this week,2026-05-27T07:55:13Z,937,42,6,14585,0.912,,,normal,,2026-05-27T11:26:12Z
49192,4745,threads,ext_threads_00004652,Small businesses need earlier visibility into field technician appointment availability,2026-05-27T10:56:59Z,545,2,15,2533,0.065,,,normal,,2026-05-27T11:26:12Z
49193,4745,threads,ext_threads_00004653,Network monitoring alerts are helping the team catch congestion before call volume spikes,2026-05-03T00:19:14Z,8058,527,116,157833,0.572,,,rising,,2026-05-27T11:26:12Z
49194,5013,threads,ext_threads_00004654,Outage follow-up: demand for LTE Backup Gateway is up and HomeConnect Fixed Wireless needs more field slots,2026-05-25T23:15:25Z,641,33,48,19968,0.793,,,normal,,2026-05-27T11:26:12Z
49195,5021,twitter,ext_twitter_00004655,"Two-week review of FiberPath Broadband Gigabit Fiber Install: strong subscriber response, but capacity planning matters",2026-05-27T11:24:39Z,327,71,49,13844,0.282,,,normal,,2026-05-27T11:26:12Z
49196,4780,threads,ext_threads_00004656,Families keep asking where to find 5G Unlimited Mobile Plan. SignalBridge Mobile is showing up in every upgrade thread,2026-04-27T19:26:53Z,437,24,14,15258,0.766,,,normal,,2026-05-27T11:26:12Z
49197,4942,youtube,ext_youtube_00004657,Connected life teams need better outreach after recent storm-related service events,2026-05-18T19:35:07Z,942,32,15,418,-0.289,,,normal,,2026-05-27T11:26:12Z
49198,4975,tiktok,ext_tiktok_00004658,Billing and usage signals are surfacing new need for Fiber Appointment Scheduling from RoamFlow Mobility,2026-05-20T16:17:29Z,911,54,8,4839,0.871,,,normal,,2026-05-27T11:26:12Z
49199,4726,instagram,ext_instagram_00004659,Roaming bill questions are creating new handoffs to billing and retention teams,2026-05-26T11:35:06Z,324,31,2,6198,0.852,,,normal,,2026-05-27T11:26:12Z
49200,4650,threads,ext_threads_00004660,Subscribers are asking for clearer instructions after fiber installation and faster follow-up windows,2026-05-06T07:56:47Z,624,59,16,11179,0.37,,,normal,,2026-05-27T11:26:12Z
49201,4882,youtube,ext_youtube_00004661,Recommended PulsePoint 5G Home Wi-Fi Mesh Kit to an account manager today because churn risk is the issue,2026-05-23T12:22:08Z,22,21,43,8081,0.38,,,normal,,2026-05-27T11:26:12Z
49202,4774,youtube,ext_youtube_00004662,"Thought IoT Sensor Gateway Kit demand would level off, but OrbitMotion IoT is still seeing urgent requests",2026-05-17T21:31:42Z,155,36,20,19939,0.217,,,normal,,2026-05-27T11:26:12Z
49203,4929,instagram,ext_instagram_00004663,Morning capacity review featuring Outage Follow-Up Call. ClearMind Customer Care needs pre-positioned technician capacity,2026-05-18T17:08:01Z,10,22,40,2586,0.31,,,normal,,2026-05-27T11:26:12Z
49204,4957,youtube,ext_youtube_00004664,Added Device Upgrade Enrollment to the high-priority service assurance path. Thank you PulsePoint 5G for closing the gap,2026-05-22T10:12:32Z,198184,34967,43961,16726478,0.624,,,mega_viral,,2026-05-27T11:26:12Z
49205,4956,twitter,ext_twitter_00004665,Subscribers are asking about Smart Home Connectivity Assessment through HomeConnect Fixed Wireless; upgrade and activation demand is rising,2026-05-15T02:09:18Z,331,33,35,7341,0.536,,,normal,,2026-05-27T11:26:12Z
49206,4915,tiktok,ext_tiktok_00004666,Network operations is flagging Fiber Appointment Scheduling from RoamFlow Mobility as a capacity bottleneck this week,2026-04-28T21:20:14Z,497,88,27,3400,0.674,,,normal,,2026-05-27T11:26:12Z
49207,4829,instagram,ext_instagram_00004667,Coverage update: Edge Compute Reservation capacity at EnterpriseEdge Services is getting tight after a spike in service orders,2026-05-19T16:16:07Z,124760,93888,37662,9207189,0.906,,,mega_viral,,2026-05-27T11:26:12Z
49208,4977,youtube,ext_youtube_00004668,Enterprise care teams are coordinating SLA-impact cases across regional service teams today,2026-05-26T03:32:09Z,9584,327,815,142469,0.269,,,rising,,2026-05-27T11:26:12Z
49209,4896,twitter,ext_twitter_00004669,Roaming bill questions are creating new handoffs to billing and retention teams,2026-05-25T03:50:51Z,4834,1185,355,163999,-0.095,,,rising,,2026-05-27T11:26:12Z
49210,5019,instagram,ext_instagram_00004670,Subscribers are asking for clearer instructions after fiber installation and faster follow-up windows,2026-05-13T00:55:07Z,134,28,43,15782,0.062,,,normal,,2026-05-27T11:26:12Z
49211,4835,tiktok,ext_tiktok_00004671,Families keep asking where to find Enterprise Account Navigation. EnterpriseEdge Services is showing up in every upgrade thread,2026-05-25T21:15:40Z,791,53,47,4823,0.879,,,normal,,2026-05-27T11:26:12Z
49212,4650,threads,ext_threads_00004672,NOC huddle: prioritize EnterpriseEdge Services Edge Compute Reservation installs before the weekend streaming surge,2026-05-19T01:35:14Z,434,25,21,7131,0.693,,,normal,,2026-05-27T11:26:12Z
49213,4805,tiktok,ext_tiktok_00004673,Network monitoring alerts are helping the team catch congestion before call volume spikes,2026-05-05T06:22:20Z,710,76,49,11366,-0.241,,,normal,,2026-05-27T11:26:12Z
49214,4902,youtube,ext_youtube_00004674,"If your subscribers need Premium International Roaming Pass, check SignalBridge Mobile availability early; appointment slots are moving fast",2026-05-13T05:35:41Z,3896,875,524,67167,0.74,,,rising,,2026-05-27T11:26:12Z
49215,4871,twitter,ext_twitter_00004675,Day 30 with the Fixed Wireless Home Internet workflow and the field team says HomeConnect Fixed Wireless reduced manual follow-up,2026-05-25T02:52:46Z,403,53,5,6886,0.809,,,normal,,2026-05-27T11:26:12Z
49216,4771,instagram,ext_instagram_00004676,Families keep asking for better Wi-Fi performance before evening streaming starts,2026-05-27T06:32:00Z,256,94,35,11089,0.656,,,normal,,2026-05-27T11:26:12Z
49217,4635,threads,ext_threads_00004677,"Thought Network Congestion Plan Review demand would level off, but WellNest Family Plans is still seeing urgent requests",2026-04-28T11:49:38Z,235,96,16,10912,0.436,,,normal,,2026-05-27T11:26:12Z
49218,4883,threads,ext_threads_00004678,Morning capacity review featuring Fleet Telematics SIM Pack. OrbitMotion IoT needs pre-positioned technician capacity,2026-04-28T12:57:03Z,571,91,16,5829,0.373,,,normal,,2026-05-27T11:26:12Z
49219,4845,tiktok,ext_tiktok_00004679,Added Device Upgrade Enrollment to the high-priority service assurance path. Thank you PulsePoint 5G for closing the gap,2026-05-05T20:31:38Z,1503,1034,551,148526,0.799,,,rising,,2026-05-27T11:26:12Z
49220,4856,twitter,ext_twitter_00004680,Subscribers are asking about Field Technician Evaluation through OrbitMotion IoT; upgrade and activation demand is rising,2026-05-09T23:39:16Z,9378,1582,911,50865,0.264,,,rising,,2026-05-27T11:26:12Z
49221,4967,youtube,ext_youtube_00004681,Network operations is flagging SIM Replacement Starter Kit from MetroSupply Devices as a capacity bottleneck this week,2026-05-11T09:42:36Z,89,90,20,13351,0.216,,,normal,,2026-05-27T11:26:12Z
49222,4686,instagram,ext_instagram_00004682,Small businesses need earlier visibility into field technician appointment availability,2026-05-13T10:20:20Z,5184,1978,244,149659,0.367,,,rising,,2026-05-27T11:26:12Z
49223,4966,twitter,ext_twitter_00004683,Network monitoring alerts are helping the team catch congestion before call volume spikes,2026-05-27T11:21:56Z,2975,619,294,78077,0.239,,,rising,,2026-05-27T11:26:12Z
49224,4848,threads,ext_threads_00004684,Outage follow-up: demand for Device Upgrade Enrollment is up and PulsePoint 5G needs more field slots,2026-05-02T06:14:04Z,697,89,48,16143,0.592,,,normal,,2026-05-27T11:26:12Z
49225,4621,instagram,ext_instagram_00004685,"Two-week review of SilverLine Connected Life Senior Connected Life Plan: strong subscriber response, but capacity planning matters",2026-05-26T09:35:10Z,375,13,25,12050,0.274,,,normal,,2026-05-27T11:26:12Z
49226,5019,instagram,ext_instagram_00004686,Families keep asking where to find Outage Follow-Up Call. ClearMind Customer Care is showing up in every upgrade thread,2026-05-05T03:01:39Z,262,7,1,7252,0.391,,,normal,,2026-05-27T11:26:12Z
49227,4892,youtube,ext_youtube_00004687,NOC huddle: prioritize ClearMind Customer Care Fraud Resolution Case installs before the weekend streaming surge,2026-05-08T12:04:36Z,542,26,13,4569,0.631,,,normal,,2026-05-27T11:26:12Z
49228,4632,tiktok,ext_tiktok_00004688,Enterprise care teams are coordinating SLA-impact cases across regional service teams today,2026-05-21T01:52:09Z,966,39,4,17851,0.885,,,normal,,2026-05-27T11:26:12Z
49229,4852,youtube,ext_youtube_00004689,Roaming bill questions are creating new handoffs to billing and retention teams,2026-05-14T05:58:33Z,643,55,43,18532,0.395,,,normal,,2026-05-27T11:26:12Z
49230,4646,instagram,ext_instagram_00004690,Day 30 with the Roaming Cost Coaching workflow and the field team says RoamFlow Mobility reduced manual follow-up,2026-05-11T10:59:38Z,88,3,0,2736,0.644,,,normal,,2026-05-27T11:26:12Z
49231,4579,youtube,ext_youtube_00004691,Outage follow-up is the top request in our subscriber forum this week,2026-05-27T00:12:21Z,377,91,37,6543,0.492,,,normal,,2026-05-27T11:26:12Z
49232,4581,instagram,ext_instagram_00004692,"Thought Fleet Telematics SIM Pack demand would level off, but OrbitMotion IoT is still seeing urgent requests",2026-05-22T08:32:14Z,32915,6006,5125,550457,0.602,,,viral,,2026-05-27T11:26:12Z
49233,4858,threads,ext_threads_00004693,Morning capacity review featuring LTE Backup Gateway. HomeConnect Fixed Wireless needs pre-positioned technician capacity,2026-04-28T10:27:06Z,257,67,25,2938,0.888,,,normal,,2026-05-27T11:26:12Z
49234,4848,threads,ext_threads_00004694,Coverage gaps are delaying service assurance for several subscriber groups,2026-05-11T00:26:54Z,11303,5935,5355,590739,0.809,,,viral,,2026-05-27T11:26:12Z
49235,4809,instagram,ext_instagram_00004695,Subscribers are asking about IoT Sensor Gateway Kit through OrbitMotion IoT; upgrade and activation demand is rising,2026-05-23T03:57:05Z,41989,2324,1159,911390,0.844,,,viral,,2026-05-27T11:26:12Z
49236,4611,instagram,ext_instagram_00004696,Network operations is flagging Enterprise Account Navigation from EnterpriseEdge Services as a capacity bottleneck this week,2026-05-18T08:09:04Z,953,67,39,11392,0.687,,,normal,,2026-05-27T11:26:12Z
49237,4629,youtube,ext_youtube_00004697,Coverage update: New Line Activation capacity at WaveFirst Mobile is getting tight after a spike in service orders,2026-05-21T22:36:25Z,330,18,4,6062,0.76,,,normal,,2026-05-27T11:26:12Z
49238,4989,instagram,ext_instagram_00004698,Enterprise care teams are coordinating SLA-impact cases across regional service teams today,2026-05-24T07:35:45Z,265,99,21,4007,0.081,,,normal,,2026-05-27T11:26:12Z
49239,4874,instagram,ext_instagram_00004699,Outage follow-up: demand for Edge Compute Reservation is up and EnterpriseEdge Services needs more field slots,2026-04-29T08:19:28Z,8572,424,432,118772,0.692,,,rising,,2026-05-27T11:26:12Z
49240,4908,threads,ext_threads_00004700,"Two-week review of PulsePoint 5G Home Wi-Fi Mesh Kit: strong subscriber response, but capacity planning matters",2026-04-28T09:46:14Z,9747,1111,504,35339,0.422,,,rising,,2026-05-27T11:26:12Z
49241,4692,tiktok,ext_tiktok_00004701,Outage follow-up is the top request in our subscriber forum this week,2026-05-15T21:13:14Z,340,87,46,16423,-0.078,,,normal,,2026-05-27T11:26:12Z
49242,4670,threads,ext_threads_00004702,Small businesses need earlier visibility into field technician appointment availability,2026-05-04T09:00:37Z,513,79,9,12523,0.433,,,normal,,2026-05-27T11:26:12Z
49243,4593,twitter,ext_twitter_00004703,Network monitoring alerts are helping the team catch congestion before call volume spikes,2026-05-01T23:28:46Z,5182,567,588,82991,0.087,,,rising,,2026-05-27T11:26:12Z
49244,4651,instagram,ext_instagram_00004704,"If your subscribers need Device Upgrade Enrollment, check PulsePoint 5G availability early; appointment slots are moving fast",2026-05-13T07:15:23Z,49,92,11,5040,0.296,,,normal,,2026-05-27T11:26:12Z
49245,4904,instagram,ext_instagram_00004705,Device-support channels are seeing increased activation demand after a handset launch,2026-05-05T14:26:38Z,19,40,26,10412,0.106,,,normal,,2026-05-27T11:26:12Z
49246,4887,youtube,ext_youtube_00004706,Families keep asking for better Wi-Fi performance before evening streaming starts,2026-05-18T11:22:34Z,416,97,13,9380,-0.242,,,normal,,2026-05-27T11:26:12Z
49247,4641,instagram,ext_instagram_00004707,"Thought 5G Unlimited Mobile Plan demand would level off, but SignalBridge Mobile is still seeing urgent requests",2026-05-27T05:48:02Z,528,93,12,14560,0.716,,,normal,,2026-05-27T11:26:12Z
49248,4725,threads,ext_threads_00004708,Morning capacity review featuring SIM Replacement Starter Kit. MetroSupply Devices needs pre-positioned technician capacity,2026-05-27T10:05:47Z,799,99,36,18790,0.243,,,normal,,2026-05-27T11:26:12Z
49249,4833,threads,ext_threads_00004709,Added Outage Follow-Up Call to the high-priority service assurance path. Thank you ClearMind Customer Care for closing the gap,2026-05-10T14:51:17Z,188991,86713,29722,19957266,0.762,,,mega_viral,,2026-05-27T11:26:12Z
49250,4902,youtube,ext_youtube_00004710,Subscribers are asking about Customer Retention Intake through ClearMind Customer Care; upgrade and activation demand is rising,2026-05-27T09:54:51Z,3495,1171,622,119003,0.306,,,rising,,2026-05-27T11:26:12Z
49251,5011,twitter,ext_twitter_00004711,Network operations is flagging Family Connectivity Support Session from SilverLine Connected Life as a capacity bottleneck this week,2026-05-23T07:11:12Z,206,66,25,14218,0.848,,,normal,,2026-05-27T11:26:12Z
49252,4630,threads,ext_threads_00004712,Coverage update: Network Congestion Plan Review capacity at WellNest Family Plans is getting tight after a spike in service orders,2026-05-24T10:56:48Z,822,9,49,1093,0.537,,,normal,,2026-05-27T11:26:12Z
49253,5031,twitter,ext_twitter_00004713,Subscriber experience note - MetroSupply Devices Connected Device Monitoring Onboarding is the service everyone is trying to schedule right now,2026-05-02T19:03:53Z,7340,631,372,172901,0.332,,,rising,,2026-05-27T11:26:12Z
49254,4850,tiktok,ext_tiktok_00004714,Coverage gaps are delaying service assurance for several subscriber groups,2026-05-19T22:30:04Z,166,25,43,13294,-0.162,,,normal,,2026-05-27T11:26:12Z
49255,4967,youtube,ext_youtube_00004715,"Two-week review of ClearMind Customer Care Customer Retention Intake: strong subscriber response, but capacity planning matters",2026-05-02T05:44:50Z,706,45,45,17277,0.911,,,normal,,2026-05-27T11:26:12Z
49256,5024,instagram,ext_instagram_00004716,Families keep asking where to find IoT Sensor Gateway Kit. OrbitMotion IoT is showing up in every upgrade thread,2026-05-17T17:55:40Z,136,23,21,8177,0.681,,,normal,,2026-05-27T11:26:12Z
49257,4950,tiktok,ext_tiktok_00004717,NOC huddle: prioritize OrbitMotion IoT Field Technician Evaluation installs before the weekend streaming surge,2026-05-11T23:28:46Z,781,71,16,2510,0.55,,,normal,,2026-05-27T11:26:12Z
49258,4566,instagram,ext_instagram_00004718,Billing and usage signals are surfacing new need for 5G Business Consultation from PulsePoint 5G,2026-05-25T20:23:34Z,2149,701,519,198125,0.662,,,rising,,2026-05-27T11:26:12Z
49259,4716,instagram,ext_instagram_00004719,"If your subscribers need Fraud Resolution Case, check ClearMind Customer Care availability early; appointment slots are moving fast",2026-05-11T14:39:30Z,84,80,12,17029,0.456,,,normal,,2026-05-27T11:26:12Z
49260,4583,twitter,ext_twitter_00004720,Day 30 with the Fixed Wireless Home Internet workflow and the field team says HomeConnect Fixed Wireless reduced manual follow-up,2026-05-12T22:24:18Z,732,54,48,845,0.494,,,normal,,2026-05-27T11:26:12Z
49261,4881,twitter,ext_twitter_00004721,Outage follow-up is the top request in our subscriber forum this week,2026-04-28T07:32:18Z,306,10,19,11908,0.78,,,normal,,2026-05-27T11:26:12Z
49262,4922,youtube,ext_youtube_00004722,Small businesses need earlier visibility into field technician appointment availability,2026-05-26T12:50:48Z,1256,1016,609,76824,0.138,,,rising,,2026-05-27T11:26:12Z
49263,5026,twitter,ext_twitter_00004723,Network monitoring alerts are helping the team catch congestion before call volume spikes,2026-05-12T16:29:03Z,818,16,14,6083,0.808,,,normal,,2026-05-27T11:26:12Z
49264,4594,youtube,ext_youtube_00004724,Added Edge Compute Reservation to the high-priority service assurance path. Thank you EnterpriseEdge Services for closing the gap,2026-05-19T08:08:40Z,362,73,46,17747,0.254,,,normal,,2026-05-27T11:26:12Z
49265,4560,threads,ext_threads_00004725,Subscribers are asking about Roaming Cost Coaching through RoamFlow Mobility; upgrade and activation demand is rising,2026-04-28T19:22:27Z,25,91,6,10944,0.853,,,normal,,2026-05-27T11:26:12Z
49266,4899,instagram,ext_instagram_00004726,Network operations is flagging Gigabit Fiber Install from FiberPath Broadband as a capacity bottleneck this week,2026-05-25T16:58:25Z,28995,3439,3503,855753,0.65,,,viral,,2026-05-27T11:26:12Z
49267,4650,threads,ext_threads_00004727,Coverage update: Premium International Roaming Pass capacity at SignalBridge Mobile is getting tight after a spike in service orders,2026-05-18T22:27:34Z,24054,13698,3609,927090,0.719,,,viral,,2026-05-27T11:26:12Z
49268,4926,twitter,ext_twitter_00004728,Subscriber experience note - PulsePoint 5G 5G Business Consultation is the service everyone is trying to schedule right now,2026-05-27T00:42:36Z,879,89,14,2120,0.442,,,normal,,2026-05-27T11:26:12Z
49269,4924,instagram,ext_instagram_00004729,Outage follow-up: demand for Field Technician Evaluation is up and OrbitMotion IoT needs more field slots,2026-05-13T16:22:21Z,343,40,11,17875,0.898,,,normal,,2026-05-27T11:26:12Z
49270,4630,threads,ext_threads_00004730,Subscribers are asking for clearer instructions after fiber installation and faster follow-up windows,2026-05-26T07:05:33Z,35357,8081,2798,959026,0.332,,,viral,,2026-05-27T11:26:12Z
49271,5059,tiktok,ext_tiktok_00004731,Families keep asking where to find Roaming Cost Coaching. RoamFlow Mobility is showing up in every upgrade thread,2026-05-19T03:22:08Z,745,69,17,15123,0.77,,,normal,,2026-05-27T11:26:12Z
49272,4725,threads,ext_threads_00004732,NOC huddle: prioritize WellNest Family Plans Network Congestion Plan Review installs before the weekend streaming surge,2026-05-21T20:16:59Z,33817,3274,4319,259800,0.242,,,viral,,2026-05-27T11:26:12Z
49273,4888,threads,ext_threads_00004733,Billing and usage signals are surfacing new need for IoT Sensor Gateway Kit from OrbitMotion IoT,2026-05-16T05:56:02Z,506,76,46,17815,0.765,,,normal,,2026-05-27T11:26:12Z
49274,4559,youtube,ext_youtube_00004734,Coverage gaps are delaying service assurance for several subscriber groups,2026-05-26T02:55:03Z,989,6,28,19640,0.482,,,normal,,2026-05-27T11:26:12Z
49275,4698,twitter,ext_twitter_00004735,Day 30 with the LTE Backup Gateway workflow and the field team says HomeConnect Fixed Wireless reduced manual follow-up,2026-04-29T05:56:43Z,288,77,36,12338,0.286,,,normal,,2026-05-27T11:26:12Z
49276,4756,instagram,ext_instagram_00004736,Recommended ClearMind Customer Care Fraud Resolution Case to an account manager today because churn risk is the issue,2026-05-21T14:53:56Z,5461,1893,786,29094,0.698,,,rising,,2026-05-27T11:26:12Z
49277,4675,threads,ext_threads_00004737,Connected life teams need better outreach after recent storm-related service events,2026-05-24T13:31:40Z,220,8,42,3383,0.124,,,normal,,2026-05-27T11:26:12Z
49278,4905,tiktok,ext_tiktok_00004738,Morning capacity review featuring Small Business Fiber SLA. FiberPath Broadband needs pre-positioned technician capacity,2026-05-14T07:27:58Z,521,47,17,12445,0.441,,,normal,,2026-05-27T11:26:12Z
49279,4724,youtube,ext_youtube_00004739,Roaming bill questions are creating new handoffs to billing and retention teams,2026-05-02T16:41:13Z,94,57,7,12998,0.152,,,normal,,2026-05-27T11:26:12Z
49280,4735,threads,ext_threads_00004740,Subscribers are asking about Family Connectivity Support Session through SilverLine Connected Life; upgrade and activation demand is rising,2026-05-11T17:16:15Z,436696,48731,23349,2401703,0.587,,,mega_viral,,2026-05-27T11:26:12Z
49281,4995,tiktok,ext_tiktok_00004741,Outage follow-up is the top request in our subscriber forum this week,2026-05-27T10:07:11Z,624,73,33,3087,0.258,,,normal,,2026-05-27T11:26:12Z
49282,4701,instagram,ext_instagram_00004742,Coverage update: Family Connectivity Support Session capacity at SilverLine Connected Life is getting tight after a spike in service orders,2026-05-04T17:40:15Z,170,32,19,14609,0.887,,,normal,,2026-05-27T11:26:12Z
49283,4765,threads,ext_threads_00004743,Subscriber experience note - WellNest Family Plans Student Mobile Plan is the service everyone is trying to schedule right now,2026-04-29T20:03:36Z,65,27,38,11469,0.657,,,normal,,2026-05-27T11:26:12Z
49284,4720,threads,ext_threads_00004744,Outage follow-up: demand for Home Wi-Fi Mesh Kit is up and PulsePoint 5G needs more field slots,2026-05-17T17:29:57Z,34701,8455,3824,837078,0.424,,,viral,,2026-05-27T11:26:12Z
49285,4909,instagram,ext_instagram_00004745,"Two-week review of MetroSupply Devices SIM Replacement Starter Kit: strong subscriber response, but capacity planning matters",2026-05-24T16:19:58Z,6993,663,196,79705,0.591,,,rising,,2026-05-27T11:26:12Z
49286,4756,instagram,ext_instagram_00004746,Families keep asking where to find 5G Business Consultation. PulsePoint 5G is showing up in every upgrade thread,2026-05-17T21:36:36Z,5965,604,425,136284,0.676,,,rising,,2026-05-27T11:26:12Z
49287,4822,youtube,ext_youtube_00004747,NOC huddle: prioritize FiberPath Broadband Small Business Fiber SLA installs before the weekend streaming surge,2026-05-11T06:51:55Z,654,31,38,18177,0.526,,,normal,,2026-05-27T11:26:12Z
49288,4548,twitter,ext_twitter_00004748,Billing and usage signals are surfacing new need for Home Wi-Fi Mesh Kit from PulsePoint 5G,2026-05-26T23:38:46Z,355,21,27,4002,0.667,,,normal,,2026-05-27T11:26:12Z
49289,5026,twitter,ext_twitter_00004749,"If your subscribers need SIM Replacement Starter Kit, check MetroSupply Devices availability early; appointment slots are moving fast",2026-05-25T16:58:04Z,59,11,28,15111,0.704,,,normal,,2026-05-27T11:26:12Z
49290,4901,twitter,ext_twitter_00004750,Day 30 with the Fleet Telematics SIM Pack workflow and the field team says OrbitMotion IoT reduced manual follow-up,2026-05-24T13:36:40Z,923,22,30,9417,0.662,,,normal,,2026-05-27T11:26:12Z
49291,4847,youtube,ext_youtube_00004751,Outage follow-up is the top request in our subscriber forum this week,2026-05-23T00:48:26Z,8474,1512,122,164676,0.704,,,rising,,2026-05-27T11:26:12Z
49292,4633,twitter,ext_twitter_00004752,"Thought New Line Activation demand would level off, but WaveFirst Mobile is still seeing urgent requests",2026-05-27T09:00:00Z,8017,1204,190,58358,0.859,,,rising,,2026-05-27T11:26:12Z
49293,4598,twitter,ext_twitter_00004753,Morning capacity review featuring Premium International Roaming Pass. SignalBridge Mobile needs pre-positioned technician capacity,2026-05-05T03:43:35Z,651,58,32,7677,0.446,,,normal,,2026-05-27T11:26:12Z
49294,4971,twitter,ext_twitter_00004754,Coverage gaps are delaying service assurance for several subscriber groups,2026-05-25T04:03:55Z,34206,10777,6738,965769,0.362,,,viral,,2026-05-27T11:26:12Z
49295,4803,threads,ext_threads_00004755,Subscribers are asking about Enterprise Account Navigation through EnterpriseEdge Services; upgrade and activation demand is rising,2026-05-19T03:35:00Z,15,22,31,19492,0.228,,,normal,,2026-05-27T11:26:12Z
49296,4625,threads,ext_threads_00004756,Families keep asking for better Wi-Fi performance before evening streaming starts,2026-05-02T10:39:24Z,7802,943,247,161857,0.137,,,rising,,2026-05-27T11:26:12Z
49297,4819,instagram,ext_instagram_00004757,Coverage update: Fleet Telematics SIM Pack capacity at OrbitMotion IoT is getting tight after a spike in service orders,2026-04-28T10:44:39Z,801,46,49,18962,0.452,,,normal,,2026-05-27T11:26:12Z
49298,4955,tiktok,ext_tiktok_00004758,Subscriber experience note - SignalBridge Mobile 5G Unlimited Mobile Plan is the service everyone is trying to schedule right now,2026-05-27T01:23:43Z,9917,201,621,78525,0.857,,,rising,,2026-05-27T11:26:12Z
49299,4629,youtube,ext_youtube_00004759,Roaming bill questions are creating new handoffs to billing and retention teams,2026-05-06T05:57:59Z,6835,601,335,183493,0.341,,,rising,,2026-05-27T11:26:12Z
49300,4761,instagram,ext_instagram_00004760,Subscribers are asking for clearer instructions after fiber installation and faster follow-up windows,2026-05-25T22:25:08Z,5993,673,992,125636,0.436,,,rising,,2026-05-27T11:26:12Z
49301,4584,youtube,ext_youtube_00004761,Families keep asking where to find Outage Follow-Up Call. ClearMind Customer Care is showing up in every upgrade thread,2026-05-16T07:05:04Z,5558,204,772,186085,0.858,,,rising,,2026-05-27T11:26:12Z
49302,4831,twitter,ext_twitter_00004762,Small businesses need earlier visibility into field technician appointment availability,2026-05-19T06:02:35Z,383,87,4,10039,0.618,,,normal,,2026-05-27T11:26:12Z
49303,4968,threads,ext_threads_00004763,Billing and usage signals are surfacing new need for Fleet Telematics SIM Pack from OrbitMotion IoT,2026-05-15T23:12:51Z,394,30,3,2603,0.685,,,normal,,2026-05-27T11:26:12Z
49304,4647,tiktok,ext_tiktok_00004764,"If your subscribers need Device Upgrade Enrollment, check PulsePoint 5G availability early; appointment slots are moving fast",2026-05-26T07:55:49Z,128,79,42,11228,0.298,,,normal,,2026-05-27T11:26:12Z
49305,4571,instagram,ext_instagram_00004765,Device-support channels are seeing increased activation demand after a handset launch,2026-05-27T10:12:20Z,225,13,34,9716,0.13,,,normal,,2026-05-27T11:26:12Z
49306,4623,twitter,ext_twitter_00004766,Families keep asking for better Wi-Fi performance before evening streaming starts,2026-05-07T02:40:10Z,25823,13693,3632,821735,0.89,,,viral,,2026-05-27T11:26:12Z
49307,4689,youtube,ext_youtube_00004767,"Thought Family Data Share Plan demand would level off, but WellNest Family Plans is still seeing urgent requests",2026-05-25T14:08:47Z,5816,1450,371,93317,0.241,,,rising,,2026-05-27T11:26:12Z
49308,4850,tiktok,ext_tiktok_00004768,Enterprise care teams are coordinating SLA-impact cases across regional service teams today,2026-04-30T19:59:02Z,7270,864,370,40878,-0.161,,,rising,,2026-05-27T11:26:12Z
49309,4688,twitter,ext_twitter_00004769,Added Enterprise Account Navigation to the high-priority service assurance path. Thank you EnterpriseEdge Services for closing the gap,2026-05-18T05:06:23Z,840,15,31,13887,0.567,,,normal,,2026-05-27T11:26:12Z
49310,4551,instagram,ext_instagram_00004770,Subscribers are asking for clearer instructions after fiber installation and faster follow-up windows,2026-05-13T02:07:58Z,163,64,9,7181,0.096,,,normal,,2026-05-27T11:26:12Z
49311,4586,instagram,ext_instagram_00004771,Network operations is flagging Fiber Appointment Scheduling from RoamFlow Mobility as a capacity bottleneck this week,2026-05-20T14:51:17Z,207,37,42,9071,0.34,,,normal,,2026-05-27T11:26:12Z
49312,5027,youtube,ext_youtube_00004772,Small businesses need earlier visibility into field technician appointment availability,2026-05-26T23:15:05Z,749,7,19,17002,0.821,,,normal,,2026-05-27T11:26:12Z
49313,4733,twitter,ext_twitter_00004773,Subscriber experience note - OrbitMotion IoT IoT Sensor Gateway Kit is the service everyone is trying to schedule right now,2026-05-22T19:15:25Z,4141,1963,638,160111,0.77,,,rising,,2026-05-27T11:26:12Z
49314,4904,instagram,ext_instagram_00004774,Outage follow-up: demand for Roaming Cost Coaching is up and RoamFlow Mobility needs more field slots,2026-05-13T02:55:49Z,260,30,18,3645,0.349,,,normal,,2026-05-27T11:26:12Z
49315,4576,instagram,ext_instagram_00004775,"Two-week review of SilverLine Connected Life Family Connectivity Support Session: strong subscriber response, but capacity planning matters",2026-05-23T02:07:14Z,26,33,12,4631,0.846,,,normal,,2026-05-27T11:26:12Z
49316,4762,tiktok,ext_tiktok_00004776,Families keep asking where to find Edge Compute Reservation. EnterpriseEdge Services is showing up in every upgrade thread,2026-05-14T02:10:52Z,246,27,43,17749,0.442,,,normal,,2026-05-27T11:26:12Z
49317,4885,tiktok,ext_tiktok_00004777,NOC huddle: prioritize HomeConnect Fixed Wireless LTE Backup Gateway installs before the weekend streaming surge,2026-05-27T10:38:44Z,351,20,16,5817,0.867,,,normal,,2026-05-27T11:26:12Z
49318,4902,youtube,ext_youtube_00004778,Billing and usage signals are surfacing new need for Fleet Telematics SIM Pack from OrbitMotion IoT,2026-05-20T02:38:39Z,457,87,41,8102,0.644,,,normal,,2026-05-27T11:26:12Z
49319,4631,instagram,ext_instagram_00004779,"If your subscribers need Fraud Resolution Case, check ClearMind Customer Care availability early; appointment slots are moving fast",2026-05-24T22:48:51Z,30,62,39,1662,0.284,,,normal,,2026-05-27T11:26:12Z
49320,4748,twitter,ext_twitter_00004780,Day 30 with the Smart Home Connectivity Assessment workflow and the field team says HomeConnect Fixed Wireless reduced manual follow-up,2026-05-22T09:39:25Z,7927,412,939,99463,0.895,,,rising,,2026-05-27T11:26:12Z
49321,5016,twitter,ext_twitter_00004781,Outage follow-up is the top request in our subscriber forum this week,2026-05-24T14:33:26Z,627,81,36,13733,0.173,,,normal,,2026-05-27T11:26:12Z
49322,4546,instagram,ext_instagram_00004782,Small businesses need earlier visibility into field technician appointment availability,2026-05-26T04:28:20Z,39,83,2,4907,-0.199,,,normal,,2026-05-27T11:26:12Z
49323,4898,threads,ext_threads_00004783,Morning capacity review featuring New Line Activation. WaveFirst Mobile needs pre-positioned technician capacity,2026-05-19T17:17:37Z,480554,36859,43410,10294777,0.825,,,mega_viral,,2026-05-27T11:26:12Z
49324,4578,twitter,ext_twitter_00004784,Added Number Port-In Activation to the high-priority service assurance path. Thank you SignalBridge Mobile for closing the gap,2026-05-21T20:35:53Z,266,92,43,10361,0.32,,,normal,,2026-05-27T11:26:12Z
49325,4795,tiktok,ext_tiktok_00004785,Subscribers are asking about Senior Connected Life Plan through SilverLine Connected Life; upgrade and activation demand is rising,2026-05-26T08:17:01Z,8052,673,620,172941,0.522,,,rising,,2026-05-27T11:26:12Z
49326,4764,youtube,ext_youtube_00004786,Network operations is flagging Edge Compute Reservation from EnterpriseEdge Services as a capacity bottleneck this week,2026-05-20T13:22:30Z,123,54,44,4238,0.67,,,normal,,2026-05-27T11:26:12Z
49327,4729,youtube,ext_youtube_00004787,Coverage update: Network Congestion Plan Review capacity at WellNest Family Plans is getting tight after a spike in service orders,2026-05-02T13:02:47Z,345,7,34,5832,0.562,,,normal,,2026-05-27T11:26:12Z
49328,4703,twitter,ext_twitter_00004788,Subscriber experience note - WaveFirst Mobile Churn Risk Save Offer is the service everyone is trying to schedule right now,2026-05-24T17:32:20Z,42320,12966,7076,309686,0.407,,,viral,,2026-05-27T11:26:12Z
49329,4619,youtube,ext_youtube_00004789,Roaming bill questions are creating new handoffs to billing and retention teams,2026-05-11T08:20:28Z,59,44,18,15447,0.869,,,normal,,2026-05-27T11:26:12Z
49330,4752,tiktok,ext_tiktok_00004790,Subscribers are asking for clearer instructions after fiber installation and faster follow-up windows,2026-05-23T20:37:33Z,368153,47420,33453,7261753,0.417,,,mega_viral,,2026-05-27T11:26:12Z
49331,4798,threads,ext_threads_00004791,Families keep asking where to find Customer Retention Intake. ClearMind Customer Care is showing up in every upgrade thread,2026-05-23T04:26:47Z,498,86,40,16506,0.438,,,normal,,2026-05-27T11:26:12Z
49332,4729,youtube,ext_youtube_00004792,NOC huddle: prioritize FiberPath Broadband Small Business Fiber SLA installs before the weekend streaming surge,2026-05-25T19:23:38Z,660,34,49,6334,0.635,,,normal,,2026-05-27T11:26:12Z
49333,4755,threads,ext_threads_00004793,Billing and usage signals are surfacing new need for Gigabit Fiber Install from FiberPath Broadband,2026-05-17T18:03:20Z,530,86,1,11494,0.904,,,normal,,2026-05-27T11:26:12Z
49334,4867,youtube,ext_youtube_00004794,"If your subscribers need New Line Activation, check WaveFirst Mobile availability early; appointment slots are moving fast",2026-05-03T14:00:31Z,221,54,7,13363,0.246,,,normal,,2026-05-27T11:26:12Z
49335,5029,instagram,ext_instagram_00004795,Day 30 with the Home Wi-Fi Mesh Kit workflow and the field team says PulsePoint 5G reduced manual follow-up,2026-05-26T23:46:52Z,1603,326,281,98727,0.791,,,rising,,2026-05-27T11:26:12Z
49336,4674,youtube,ext_youtube_00004796,Families keep asking for better Wi-Fi performance before evening streaming starts,2026-05-26T04:17:12Z,253,43,19,9351,0.499,,,normal,,2026-05-27T11:26:12Z
49337,5051,youtube,ext_youtube_00004797,"Thought New Line Activation demand would level off, but WaveFirst Mobile is still seeing urgent requests",2026-05-19T23:08:13Z,7730,1163,876,56344,0.501,,,rising,,2026-05-27T11:26:12Z
49338,4984,instagram,ext_instagram_00004798,Enterprise care teams are coordinating SLA-impact cases across regional service teams today,2026-04-29T16:02:07Z,8643,384,384,171579,0.264,,,rising,,2026-05-27T11:26:12Z
49339,4917,youtube,ext_youtube_00004799,Added Gigabit Fiber Install to the high-priority service assurance path. Thank you FiberPath Broadband for closing the gap,2026-05-12T20:56:14Z,42,30,29,17210,0.331,,,normal,,2026-05-27T11:26:12Z
49340,4806,twitter,ext_twitter_00004800,Subscribers are asking about Outage Follow-Up Call through ClearMind Customer Care; upgrade and activation demand is rising,2026-05-23T12:30:46Z,366,42,47,1975,0.516,,,normal,,2026-05-27T11:26:12Z
49341,4606,instagram,ext_instagram_00004801,Outage follow-up is the top request in our subscriber forum this week,2026-05-21T00:01:21Z,996,53,3,14861,0.676,,,normal,,2026-05-27T11:26:12Z
49342,5054,tiktok,ext_tiktok_00004802,Small businesses need earlier visibility into field technician appointment availability,2026-05-23T04:07:06Z,154,90,17,13149,0.272,,,normal,,2026-05-27T11:26:12Z
49343,4854,instagram,ext_instagram_00004803,Subscriber experience note - OrbitMotion IoT IoT Sensor Gateway Kit is the service everyone is trying to schedule right now,2026-05-18T20:53:07Z,8324,1510,461,25815,0.705,,,rising,,2026-05-27T11:26:12Z
49344,4823,threads,ext_threads_00004804,Outage follow-up: demand for Fiber Appointment Scheduling is up and RoamFlow Mobility needs more field slots,2026-05-15T22:33:11Z,431,61,12,19118,0.575,,,normal,,2026-05-27T11:26:12Z
49345,4998,threads,ext_threads_00004805,Device-support channels are seeing increased activation demand after a handset launch,2026-05-23T23:49:43Z,267,42,5,17522,0.511,,,normal,,2026-05-27T11:26:12Z
49346,4888,threads,ext_threads_00004806,Families keep asking where to find Customer Retention Intake. ClearMind Customer Care is showing up in every upgrade thread,2026-05-21T00:39:36Z,501,86,8,10661,0.681,,,normal,,2026-05-27T11:26:12Z
49347,5059,tiktok,ext_tiktok_00004807,NOC huddle: prioritize PulsePoint 5G Device Upgrade Enrollment installs before the weekend streaming surge,2026-05-05T00:56:12Z,2651,1540,260,155400,0.837,,,rising,,2026-05-27T11:26:12Z
49348,4576,instagram,ext_instagram_00004808,Billing and usage signals are surfacing new need for Churn Risk Save Offer from WaveFirst Mobile,2026-05-21T03:03:07Z,234,93,26,13348,0.526,,,normal,,2026-05-27T11:26:12Z
49349,4874,instagram,ext_instagram_00004809,"If your subscribers need 5G Unlimited Mobile Plan, check SignalBridge Mobile availability early; appointment slots are moving fast",2026-05-27T08:08:32Z,479507,21095,13241,12138505,0.794,,,mega_viral,,2026-05-27T11:26:12Z
49350,4769,youtube,ext_youtube_00004810,Subscribers are asking for clearer instructions after fiber installation and faster follow-up windows,2026-05-07T10:49:29Z,6965,1258,541,115602,0.358,,,rising,,2026-05-27T11:26:12Z
49351,4725,threads,ext_threads_00004811,Recommended SignalBridge Mobile Number Port-In Activation to an account manager today because churn risk is the issue,2026-05-24T15:22:54Z,652,87,16,12024,0.827,,,normal,,2026-05-27T11:26:12Z
49352,4594,youtube,ext_youtube_00004812,Small businesses need earlier visibility into field technician appointment availability,2026-05-14T20:13:55Z,2450,1997,207,81999,-0.079,,,rising,,2026-05-27T11:26:12Z
49353,4822,youtube,ext_youtube_00004813,Morning capacity review featuring Family Connectivity Support Session. SilverLine Connected Life needs pre-positioned technician capacity,2026-05-02T16:21:26Z,766,97,22,13546,0.82,,,normal,,2026-05-27T11:26:12Z
49354,4880,tiktok,ext_tiktok_00004814,Coverage gaps are delaying service assurance for several subscriber groups,2026-05-09T16:48:25Z,694,62,24,6649,0.182,,,normal,,2026-05-27T11:26:12Z
49355,4814,instagram,ext_instagram_00004815,Subscribers are asking about Enterprise Account Navigation through EnterpriseEdge Services; upgrade and activation demand is rising,2026-05-09T20:58:38Z,441,52,39,9060,0.881,,,normal,,2026-05-27T11:26:12Z
49356,4581,instagram,ext_instagram_00004816,Network operations is flagging Small Business Fiber SLA from FiberPath Broadband as a capacity bottleneck this week,2026-05-12T03:37:03Z,613,96,3,5364,0.914,,,normal,,2026-05-27T11:26:12Z
49357,5014,instagram,ext_instagram_00004817,Connected life teams need better outreach after recent storm-related service events,2026-05-27T11:00:58Z,27706,3955,7797,571994,0.335,,,viral,,2026-05-27T11:26:12Z
49358,4779,youtube,ext_youtube_00004818,Subscriber experience note - SignalBridge Mobile 5G Unlimited Mobile Plan is the service everyone is trying to schedule right now,2026-05-27T08:07:40Z,779,45,39,14346,0.527,,,normal,,2026-05-27T11:26:12Z
49359,5054,tiktok,ext_tiktok_00004819,Outage follow-up: demand for SIM Replacement Starter Kit is up and MetroSupply Devices needs more field slots,2026-05-16T21:58:36Z,336,68,6,5910,0.323,,,normal,,2026-05-27T11:26:12Z
49360,4576,instagram,ext_instagram_00004820,"Two-week review of WellNest Family Plans Network Congestion Plan Review: strong subscriber response, but capacity planning matters",2026-05-06T05:28:18Z,706,99,40,17863,0.837,,,normal,,2026-05-27T11:26:12Z
49361,4592,tiktok,ext_tiktok_00004821,Families keep asking where to find Network Congestion Plan Review. WellNest Family Plans is showing up in every upgrade thread,2026-05-12T07:24:44Z,431,94,39,10229,0.888,,,normal,,2026-05-27T11:26:12Z
49362,4720,threads,ext_threads_00004822,Small businesses need earlier visibility into field technician appointment availability,2026-05-11T12:20:20Z,654,10,47,5186,0.393,,,normal,,2026-05-27T11:26:12Z
49363,4606,instagram,ext_instagram_00004823,Network monitoring alerts are helping the team catch congestion before call volume spikes,2026-05-16T10:05:07Z,749,40,25,14940,0.783,,,normal,,2026-05-27T11:26:12Z
49364,4803,threads,ext_threads_00004824,Coverage gaps are delaying service assurance for several subscriber groups,2026-05-12T06:49:15Z,509,45,27,19150,-0.261,,,normal,,2026-05-27T11:26:12Z
49365,4749,youtube,ext_youtube_00004825,Day 30 with the Customer Retention Intake workflow and the field team says ClearMind Customer Care reduced manual follow-up,2026-04-29T09:19:05Z,568,63,38,17395,0.818,,,normal,,2026-05-27T11:26:12Z
49366,4569,youtube,ext_youtube_00004826,Recommended HomeConnect Fixed Wireless LTE Backup Gateway to an account manager today because churn risk is the issue,2026-05-16T08:42:10Z,642,46,28,13271,0.36,,,normal,,2026-05-27T11:26:12Z
49367,4619,youtube,ext_youtube_00004827,Connected life teams need better outreach after recent storm-related service events,2026-05-09T00:37:52Z,52,51,22,3982,0.043,,,normal,,2026-05-27T11:26:12Z
49368,4955,tiktok,ext_tiktok_00004828,Morning capacity review featuring Family Data Share Plan. WellNest Family Plans needs pre-positioned technician capacity,2026-04-27T17:16:03Z,26727,3116,1129,297614,0.946,,,viral,,2026-05-27T11:26:12Z
49369,4597,tiktok,ext_tiktok_00004829,Added Field Technician Evaluation to the high-priority service assurance path. Thank you OrbitMotion IoT for closing the gap,2026-05-23T00:27:30Z,598,14,8,5517,0.457,,,normal,,2026-05-27T11:26:12Z
49370,4751,instagram,ext_instagram_00004830,Subscribers are asking about LTE Backup Gateway through HomeConnect Fixed Wireless; upgrade and activation demand is rising,2026-05-25T14:22:09Z,680,70,19,5076,0.662,,,normal,,2026-05-27T11:26:12Z
49371,4915,tiktok,ext_tiktok_00004831,Network operations is flagging SIM Replacement Starter Kit from MetroSupply Devices as a capacity bottleneck this week,2026-05-19T08:26:09Z,9314,973,556,50076,0.635,,,rising,,2026-05-27T11:26:12Z
49372,4714,youtube,ext_youtube_00004832,Coverage update: Family Data Share Plan capacity at WellNest Family Plans is getting tight after a spike in service orders,2026-05-19T22:54:06Z,11499,13678,4471,632640,0.624,,,viral,,2026-05-27T11:26:12Z
49373,4913,threads,ext_threads_00004833,Subscriber experience note - SilverLine Connected Life Senior Connected Life Plan is the service everyone is trying to schedule right now,2026-05-10T21:58:38Z,8291,259,976,98874,0.883,,,rising,,2026-05-27T11:26:12Z
49374,4654,youtube,ext_youtube_00004834,Outage follow-up: demand for Fixed Wireless Home Internet is up and HomeConnect Fixed Wireless needs more field slots,2026-05-16T06:35:36Z,949,37,0,16929,0.539,,,normal,,2026-05-27T11:26:12Z
49375,4775,threads,ext_threads_00004835,Device-support channels are seeing increased activation demand after a handset launch,2026-05-22T22:32:49Z,194,55,19,14151,0.845,,,normal,,2026-05-27T11:26:12Z
49376,4627,tiktok,ext_tiktok_00004836,Families keep asking for better Wi-Fi performance before evening streaming starts,2026-05-06T05:11:08Z,3787,856,857,88922,-0.065,,,rising,,2026-05-27T11:26:12Z
49377,4746,instagram,ext_instagram_00004837,Connected life teams need better outreach after recent storm-related service events,2026-05-27T11:26:02Z,3329,1669,922,77707,0.719,,,rising,,2026-05-27T11:26:12Z
49378,5050,twitter,ext_twitter_00004838,Billing and usage signals are surfacing new need for Enterprise Account Navigation from EnterpriseEdge Services,2026-05-21T01:38:27Z,37,22,34,9201,0.75,,,normal,,2026-05-27T11:26:12Z
49379,4883,threads,ext_threads_00004839,"If your subscribers need Roaming Cost Coaching, check RoamFlow Mobility availability early; appointment slots are moving fast",2026-05-27T10:48:29Z,9346,1128,127,89233,0.485,,,rising,,2026-05-27T11:26:12Z
49380,4569,youtube,ext_youtube_00004840,Day 30 with the Family Data Share Plan workflow and the field team says WellNest Family Plans reduced manual follow-up,2026-05-06T14:59:15Z,7734,1449,452,132097,0.546,,,rising,,2026-05-27T11:26:12Z
49381,5005,tiktok,ext_tiktok_00004841,Recommended SignalBridge Mobile 5G Unlimited Mobile Plan to an account manager today because churn risk is the issue,2026-05-18T08:44:32Z,323,77,28,13839,0.307,,,normal,,2026-05-27T11:26:12Z
49382,4880,tiktok,ext_tiktok_00004842,"Thought Churn Risk Save Offer demand would level off, but WaveFirst Mobile is still seeing urgent requests",2026-05-27T08:35:40Z,3964,1707,195,146482,0.527,,,rising,,2026-05-27T11:26:12Z
49383,4832,youtube,ext_youtube_00004843,Morning capacity review featuring 5G Business Consultation. PulsePoint 5G needs pre-positioned technician capacity,2026-05-24T22:49:20Z,6705,612,172,116660,0.913,,,rising,,2026-05-27T11:26:12Z
49384,4862,youtube,ext_youtube_00004844,Coverage gaps are delaying service assurance for several subscriber groups,2026-05-17T18:50:43Z,668,0,5,3037,0.379,,,normal,,2026-05-27T11:26:12Z
49385,4701,instagram,ext_instagram_00004845,Subscribers are asking about Fixed Wireless Home Internet through HomeConnect Fixed Wireless; upgrade and activation demand is rising,2026-04-30T09:58:40Z,8785,214,594,101302,0.389,,,rising,,2026-05-27T11:26:12Z
49386,4775,threads,ext_threads_00004846,Network operations is flagging Smart Home Connectivity Assessment from HomeConnect Fixed Wireless as a capacity bottleneck this week,2026-05-26T22:48:04Z,59,86,1,10632,0.549,,,normal,,2026-05-27T11:26:12Z
49387,4778,twitter,ext_twitter_00004847,Coverage update: Fraud Resolution Case capacity at ClearMind Customer Care is getting tight after a spike in service orders,2026-05-05T23:45:27Z,168052,62582,8662,7718578,0.405,,,mega_viral,,2026-05-27T11:26:12Z
49388,5059,tiktok,ext_tiktok_00004848,Subscriber experience note - FiberPath Broadband Fiber Repair Appointment is the service everyone is trying to schedule right now,2026-05-07T05:17:27Z,2658,1903,128,95341,0.268,,,rising,,2026-05-27T11:26:12Z
49389,4763,twitter,ext_twitter_00004849,Outage follow-up: demand for New Line Activation is up and WaveFirst Mobile needs more field slots,2026-05-27T10:44:48Z,6185,1394,873,146375,0.386,,,rising,,2026-05-27T11:26:12Z
49390,4780,threads,ext_threads_00004850,Subscribers are asking for clearer instructions after fiber installation and faster follow-up windows,2026-05-23T13:38:19Z,411,79,42,3513,0.364,,,normal,,2026-05-27T11:26:12Z
49391,5005,tiktok,ext_tiktok_00004851,Families keep asking where to find LTE Backup Gateway. HomeConnect Fixed Wireless is showing up in every upgrade thread,2026-05-13T05:24:49Z,630,97,18,2926,0.375,,,normal,,2026-05-27T11:26:12Z
49392,4883,threads,ext_threads_00004852,Small businesses need earlier visibility into field technician appointment availability,2026-05-25T22:17:18Z,41717,4596,1409,961108,0.313,,,viral,,2026-05-27T11:26:12Z
49393,4657,tiktok,ext_tiktok_00004853,Billing and usage signals are surfacing new need for Gigabit Fiber Install from FiberPath Broadband,2026-05-16T08:35:19Z,241,69,45,9038,0.892,,,normal,,2026-05-27T11:26:12Z
49394,4907,youtube,ext_youtube_00004854,"If your subscribers need Family Connectivity Support Session, check SilverLine Connected Life availability early; appointment slots are moving fast",2026-05-18T00:29:01Z,7699,1439,319,29992,0.507,,,rising,,2026-05-27T11:26:12Z
49395,4929,instagram,ext_instagram_00004855,Day 30 with the Fleet Telematics SIM Pack workflow and the field team says OrbitMotion IoT reduced manual follow-up,2026-05-08T23:09:35Z,254,25,12,6234,0.893,,,normal,,2026-05-27T11:26:12Z
49396,4855,tiktok,ext_tiktok_00004856,Recommended HomeConnect Fixed Wireless Fixed Wireless Home Internet to an account manager today because churn risk is the issue,2026-04-28T16:39:05Z,459,4,20,13814,0.653,,,normal,,2026-05-27T11:26:12Z
49397,4545,threads,ext_threads_00004857,"Thought Family Data Share Plan demand would level off, but WellNest Family Plans is still seeing urgent requests",2026-05-26T22:56:15Z,6820,754,248,113939,0.212,,,rising,,2026-05-27T11:26:12Z
49398,5043,instagram,ext_instagram_00004858,Enterprise care teams are coordinating SLA-impact cases across regional service teams today,2026-05-15T13:45:11Z,29394,10318,3251,638996,0.246,,,viral,,2026-05-27T11:26:12Z
49399,4831,twitter,ext_twitter_00004859,Added Small Business Fiber SLA to the high-priority service assurance path. Thank you FiberPath Broadband for closing the gap,2026-05-18T16:13:11Z,804,50,0,6949,0.275,,,normal,,2026-05-27T11:26:12Z
49400,4600,threads,ext_threads_00004860,Subscribers are asking for clearer instructions after fiber installation and faster follow-up windows,2026-04-29T00:59:38Z,316,29,24,10049,-0.022,,,normal,,2026-05-27T11:26:12Z
49401,4956,twitter,ext_twitter_00004861,Network operations is flagging Smart Home Connectivity Assessment from HomeConnect Fixed Wireless as a capacity bottleneck this week,2026-05-26T07:21:31Z,499,68,33,1829,0.571,,,normal,,2026-05-27T11:26:12Z
49402,5054,tiktok,ext_tiktok_00004862,Coverage update: Field Technician Evaluation capacity at OrbitMotion IoT is getting tight after a spike in service orders,2026-05-25T15:22:05Z,8664,1954,999,23429,0.206,,,rising,,2026-05-27T11:26:12Z
49403,5019,instagram,ext_instagram_00004863,Subscriber experience note - RoamFlow Mobility Fiber Appointment Scheduling is the service everyone is trying to schedule right now,2026-05-26T13:58:13Z,5450,1282,167,71748,0.63,,,rising,,2026-05-27T11:26:12Z
49404,5051,youtube,ext_youtube_00004864,Coverage gaps are delaying service assurance for several subscriber groups,2026-05-16T13:58:12Z,439,0,38,14232,0.488,,,normal,,2026-05-27T11:26:12Z
49405,4728,twitter,ext_twitter_00004865,"Two-week review of HomeConnect Fixed Wireless Fixed Wireless Home Internet: strong subscriber response, but capacity planning matters",2026-05-25T13:10:08Z,499,68,33,5274,0.558,,,normal,,2026-05-27T11:26:12Z
49406,4727,tiktok,ext_tiktok_00004866,Families keep asking for better Wi-Fi performance before evening streaming starts,2026-05-25T17:39:45Z,981,11,2,587,-0.238,,,normal,,2026-05-27T11:26:12Z
49407,4680,threads,ext_threads_00004867,NOC huddle: prioritize EnterpriseEdge Services Edge Compute Reservation installs before the weekend streaming surge,2026-05-15T17:22:43Z,5957,783,681,32210,0.425,,,rising,,2026-05-27T11:26:12Z
49408,5049,tiktok,ext_tiktok_00004868,Billing and usage signals are surfacing new need for Smart Home Connectivity Assessment from HomeConnect Fixed Wireless,2026-05-25T01:08:11Z,603,63,43,14180,0.861,,,normal,,2026-05-27T11:26:12Z
49409,4924,instagram,ext_instagram_00004869,Roaming bill questions are creating new handoffs to billing and retention teams,2026-05-21T21:51:10Z,761,24,17,17422,0.25,,,normal,,2026-05-27T11:26:12Z
49410,4582,tiktok,ext_tiktok_00004870,Day 30 with the Edge Compute Reservation workflow and the field team says EnterpriseEdge Services reduced manual follow-up,2026-05-27T10:50:13Z,5588,1603,342,103081,0.219,,,rising,,2026-05-27T11:26:12Z
49411,4724,youtube,ext_youtube_00004871,Recommended WellNest Family Plans Family Data Share Plan to an account manager today because churn risk is the issue,2026-05-27T11:07:51Z,799,76,5,3657,0.89,,,normal,,2026-05-27T11:26:12Z
49412,4958,threads,ext_threads_00004872,"Thought Fixed Wireless Home Internet demand would level off, but HomeConnect Fixed Wireless is still seeing urgent requests",2026-05-07T16:15:59Z,6031,1809,887,29679,0.212,,,rising,,2026-05-27T11:26:12Z
49413,4578,twitter,ext_twitter_00004873,Morning capacity review featuring IoT Sensor Gateway Kit. OrbitMotion IoT needs pre-positioned technician capacity,2026-05-27T08:44:00Z,995,79,33,3516,0.564,,,normal,,2026-05-27T11:26:12Z
49414,4875,tiktok,ext_tiktok_00004874,Coverage gaps are delaying service assurance for several subscriber groups,2026-05-22T03:51:26Z,962,94,40,15720,0.752,,,normal,,2026-05-27T11:26:12Z
49415,5009,instagram,ext_instagram_00004875,Device-support channels are seeing increased activation demand after a handset launch,2026-05-11T20:28:43Z,2411,636,299,197611,0.86,,,rising,,2026-05-27T11:26:12Z
49416,5031,twitter,ext_twitter_00004876,Network operations is flagging Home Wi-Fi Mesh Kit from PulsePoint 5G as a capacity bottleneck this week,2026-05-15T13:37:08Z,611,39,42,18096,0.37,,,normal,,2026-05-27T11:26:12Z
49417,4932,youtube,ext_youtube_00004877,Coverage update: Churn Risk Save Offer capacity at WaveFirst Mobile is getting tight after a spike in service orders,2026-05-13T15:42:04Z,41837,11238,7878,945389,0.946,,,viral,,2026-05-27T11:26:12Z
49418,5030,tiktok,ext_tiktok_00004878,Subscriber experience note - WaveFirst Mobile New Line Activation is the service everyone is trying to schedule right now,2026-05-04T08:19:00Z,1134,1441,531,96770,0.276,,,rising,,2026-05-27T11:26:12Z
49419,5022,youtube,ext_youtube_00004879,Outage follow-up: demand for Family Data Share Plan is up and WellNest Family Plans needs more field slots,2026-05-26T07:32:52Z,894,97,21,18223,0.834,,,normal,,2026-05-27T11:26:12Z
49420,4651,instagram,ext_instagram_00004880,"Two-week review of WaveFirst Mobile Churn Risk Save Offer: strong subscriber response, but capacity planning matters",2026-05-27T11:12:52Z,396,22,38,5381,0.618,,,normal,,2026-05-27T11:26:12Z
49421,4712,tiktok,ext_tiktok_00004881,Families keep asking where to find Fiber Repair Appointment. FiberPath Broadband is showing up in every upgrade thread,2026-05-11T13:06:27Z,296,44,44,15782,0.517,,,normal,,2026-05-27T11:26:12Z
49422,4591,instagram,ext_instagram_00004882,Small businesses need earlier visibility into field technician appointment availability,2026-05-03T03:44:33Z,528,29,24,4499,-0.24,,,normal,,2026-05-27T11:26:12Z
49423,4955,tiktok,ext_tiktok_00004883,Billing and usage signals are surfacing new need for 5G Mobile Hotspot Kit from MetroSupply Devices,2026-05-22T12:30:07Z,971,3,49,2086,0.328,,,normal,,2026-05-27T11:26:12Z
49424,4793,threads,ext_threads_00004884,"If your subscribers need IoT Sensor Gateway Kit, check OrbitMotion IoT availability early; appointment slots are moving fast",2026-05-27T08:36:08Z,41947,12267,2531,600705,0.327,,,viral,,2026-05-27T11:26:12Z
49425,4988,threads,ext_threads_00004885,Day 30 with the Edge Compute Reservation workflow and the field team says EnterpriseEdge Services reduced manual follow-up,2026-05-26T10:00:26Z,42398,9763,5702,537984,0.676,,,viral,,2026-05-27T11:26:12Z
49426,5029,instagram,ext_instagram_00004886,Families keep asking for better Wi-Fi performance before evening streaming starts,2026-05-10T02:06:15Z,312,3,8,14873,0.87,,,normal,,2026-05-27T11:26:12Z
49427,4729,youtube,ext_youtube_00004887,"Thought Edge Compute Reservation demand would level off, but EnterpriseEdge Services is still seeing urgent requests",2026-04-30T19:41:42Z,250,52,43,15351,0.668,,,normal,,2026-05-27T11:26:12Z
49428,4952,youtube,ext_youtube_00004888,Morning capacity review featuring SIM Replacement Starter Kit. MetroSupply Devices needs pre-positioned technician capacity,2026-05-10T11:07:11Z,8465,1123,623,136120,0.528,,,rising,,2026-05-27T11:26:12Z
49429,4914,instagram,ext_instagram_00004889,Added Family Data Share Plan to the high-priority service assurance path. Thank you WellNest Family Plans for closing the gap,2026-05-14T04:56:40Z,4991,1709,410,188818,0.693,,,rising,,2026-05-27T11:26:12Z
49430,4880,tiktok,ext_tiktok_00004890,Subscribers are asking about Family Connectivity Support Session through SilverLine Connected Life; upgrade and activation demand is rising,2026-05-26T23:15:03Z,3502,344,889,118016,0.799,,,rising,,2026-05-27T11:26:12Z
49431,4667,tiktok,ext_tiktok_00004891,Network operations is flagging Network Congestion Plan Review from WellNest Family Plans as a capacity bottleneck this week,2026-05-05T03:31:44Z,170,25,30,3716,0.929,,,normal,,2026-05-27T11:26:12Z
49432,4932,youtube,ext_youtube_00004892,Small businesses need earlier visibility into field technician appointment availability,2026-05-01T15:18:59Z,18802,9276,5143,876416,-0.283,,,viral,,2026-05-27T11:26:12Z
49433,4580,threads,ext_threads_00004893,Subscriber experience note - RoamFlow Mobility Roaming Cost Coaching is the service everyone is trying to schedule right now,2026-05-13T15:00:04Z,119,96,18,18138,0.765,,,normal,,2026-05-27T11:26:12Z
49434,4887,youtube,ext_youtube_00004894,Outage follow-up: demand for Network Congestion Plan Review is up and WellNest Family Plans needs more field slots,2026-05-04T14:31:28Z,392,4,4,17400,0.665,,,normal,,2026-05-27T11:26:12Z
49435,4684,youtube,ext_youtube_00004895,"Two-week review of ClearMind Customer Care Customer Retention Intake: strong subscriber response, but capacity planning matters",2026-05-23T18:51:22Z,340,65,6,6387,0.925,,,normal,,2026-05-27T11:26:12Z
49436,4776,instagram,ext_instagram_00004896,Families keep asking where to find Fleet Telematics SIM Pack. OrbitMotion IoT is showing up in every upgrade thread,2026-05-21T03:26:58Z,116,52,19,7780,0.389,,,normal,,2026-05-27T11:26:12Z
49437,4662,tiktok,ext_tiktok_00004897,NOC huddle: prioritize RoamFlow Mobility Fiber Appointment Scheduling installs before the weekend streaming surge,2026-05-04T22:31:54Z,44363,11686,7650,722062,0.248,,,viral,,2026-05-27T11:26:12Z
49438,4730,threads,ext_threads_00004898,Enterprise care teams are coordinating SLA-impact cases across regional service teams today,2026-05-27T09:45:58Z,380,14,38,2733,0.631,,,normal,,2026-05-27T11:26:12Z
49439,4808,threads,ext_threads_00004899,"If your subscribers need Churn Risk Save Offer, check WaveFirst Mobile availability early; appointment slots are moving fast",2026-05-21T02:16:25Z,540,18,10,2710,0.788,,,normal,,2026-05-27T11:26:12Z
49440,4948,threads,ext_threads_00004900,Day 30 with the Gigabit Fiber Install workflow and the field team says FiberPath Broadband reduced manual follow-up,2026-05-11T17:51:36Z,2594,454,835,156311,0.652,,,rising,,2026-05-27T11:26:12Z
49441,4943,threads,ext_threads_00004901,Recommended PulsePoint 5G 5G Business Consultation to an account manager today because churn risk is the issue,2026-05-26T20:48:06Z,300,48,22,19397,0.707,,,normal,,2026-05-27T11:26:12Z
49442,4897,youtube,ext_youtube_00004902,"Thought New Line Activation demand would level off, but WaveFirst Mobile is still seeing urgent requests",2026-05-20T11:29:06Z,539,27,27,1807,0.791,,,normal,,2026-05-27T11:26:12Z
49443,4585,threads,ext_threads_00004903,Morning capacity review featuring Device Upgrade Enrollment. PulsePoint 5G needs pre-positioned technician capacity,2026-05-27T11:26:10Z,76,52,48,564,0.278,,,normal,,2026-05-27T11:26:12Z
49444,5048,instagram,ext_instagram_00004904,Coverage gaps are delaying service assurance for several subscriber groups,2026-05-26T06:53:07Z,814,57,38,9679,0.203,,,normal,,2026-05-27T11:26:12Z
49445,4795,tiktok,ext_tiktok_00004905,Subscribers are asking about Student Mobile Plan through WellNest Family Plans; upgrade and activation demand is rising,2026-05-25T07:57:54Z,15981,4388,2806,772452,0.773,,,viral,,2026-05-27T11:26:12Z
49446,4869,instagram,ext_instagram_00004906,Families keep asking for better Wi-Fi performance before evening streaming starts,2026-05-19T14:13:05Z,34217,4175,7172,659633,0.181,,,viral,,2026-05-27T11:26:12Z
49447,4666,instagram,ext_instagram_00004907,Coverage update: 5G Business Consultation capacity at PulsePoint 5G is getting tight after a spike in service orders,2026-05-18T10:09:53Z,146,60,3,11821,0.844,,,normal,,2026-05-27T11:26:12Z
49448,4735,threads,ext_threads_00004908,Enterprise care teams are coordinating SLA-impact cases across regional service teams today,2026-05-24T05:42:21Z,725,38,6,5740,0.238,,,normal,,2026-05-27T11:26:12Z
49449,4611,instagram,ext_instagram_00004909,Outage follow-up: demand for Connected Device Monitoring Onboarding is up and MetroSupply Devices needs more field slots,2026-05-01T02:47:54Z,83,28,21,5887,0.242,,,normal,,2026-05-27T11:26:12Z
49450,4623,twitter,ext_twitter_00004910,"Two-week review of SignalBridge Mobile Number Port-In Activation: strong subscriber response, but capacity planning matters",2026-05-16T02:57:41Z,559,34,15,16145,0.468,,,normal,,2026-05-27T11:26:12Z
49451,4919,instagram,ext_instagram_00004911,Families keep asking where to find Premium International Roaming Pass. SignalBridge Mobile is showing up in every upgrade thread,2026-04-29T10:39:29Z,736,15,17,13923,0.466,,,normal,,2026-05-27T11:26:12Z
49452,4710,threads,ext_threads_00004912,Small businesses need earlier visibility into field technician appointment availability,2026-04-30T14:18:09Z,9190,216,307,78093,-0.079,,,rising,,2026-05-27T11:26:12Z
49453,4684,youtube,ext_youtube_00004913,Network monitoring alerts are helping the team catch congestion before call volume spikes,2026-05-26T16:47:49Z,759,46,17,17254,0.649,,,normal,,2026-05-27T11:26:12Z
49454,4883,threads,ext_threads_00004914,"If your subscribers need Premium International Roaming Pass, check SignalBridge Mobile availability early; appointment slots are moving fast",2026-05-26T04:59:36Z,468,21,28,7891,0.238,,,normal,,2026-05-27T11:26:12Z
49455,4929,instagram,ext_instagram_00004915,Day 30 with the Gigabit Fiber Install workflow and the field team says FiberPath Broadband reduced manual follow-up,2026-05-26T09:22:54Z,292,98,16,9629,0.228,,,normal,,2026-05-27T11:26:12Z
49456,4580,threads,ext_threads_00004916,Recommended RoamFlow Mobility Roaming Cost Coaching to an account manager today because churn risk is the issue,2026-05-25T17:55:33Z,88,8,12,2246,0.32,,,normal,,2026-05-27T11:26:12Z
49457,4631,instagram,ext_instagram_00004917,"Thought New Line Activation demand would level off, but WaveFirst Mobile is still seeing urgent requests",2026-05-25T22:20:34Z,755,23,16,8536,0.63,,,normal,,2026-05-27T11:26:12Z
49458,4615,threads,ext_threads_00004918,Enterprise care teams are coordinating SLA-impact cases across regional service teams today,2026-05-09T04:26:06Z,324,61,42,2029,0.678,,,normal,,2026-05-27T11:26:12Z
49459,4930,tiktok,ext_tiktok_00004919,Added 5G Business Consultation to the high-priority service assurance path. Thank you PulsePoint 5G for closing the gap,2026-05-05T00:30:29Z,4844,348,673,47447,0.755,,,rising,,2026-05-27T11:26:12Z
49460,4860,tiktok,ext_tiktok_00004920,Subscribers are asking about LTE Backup Gateway through HomeConnect Fixed Wireless; upgrade and activation demand is rising,2026-05-25T17:53:38Z,456,11,28,16852,0.422,,,normal,,2026-05-27T11:26:12Z
49461,4930,tiktok,ext_tiktok_00004921,Network operations is flagging 5G Business Consultation from PulsePoint 5G as a capacity bottleneck this week,2026-05-12T03:45:52Z,396051,65988,17462,19764238,0.929,,,mega_viral,,2026-05-27T11:26:12Z
49462,4886,twitter,ext_twitter_00004922,Coverage update: Fixed Wireless Home Internet capacity at HomeConnect Fixed Wireless is getting tight after a spike in service orders,2026-04-29T13:23:48Z,367,82,35,17463,0.226,,,normal,,2026-05-27T11:26:12Z
49463,4579,youtube,ext_youtube_00004923,Subscriber experience note - FiberPath Broadband Fiber Repair Appointment is the service everyone is trying to schedule right now,2026-05-02T09:23:46Z,687,43,42,12102,0.936,,,normal,,2026-05-27T11:26:12Z
49464,5008,threads,ext_threads_00004924,Outage follow-up: demand for Number Port-In Activation is up and SignalBridge Mobile needs more field slots,2026-05-15T08:59:07Z,922,12,43,12188,0.464,,,normal,,2026-05-27T11:26:12Z
49465,4799,instagram,ext_instagram_00004925,"Two-week review of MetroSupply Devices 5G Mobile Hotspot Kit: strong subscriber response, but capacity planning matters",2026-05-21T19:34:24Z,9736,984,110,40977,0.377,,,rising,,2026-05-27T11:26:12Z
49466,4580,threads,ext_threads_00004926,Families keep asking for better Wi-Fi performance before evening streaming starts,2026-05-23T01:43:13Z,200,34,16,12542,0.039,,,normal,,2026-05-27T11:26:12Z
49467,4703,twitter,ext_twitter_00004927,NOC huddle: prioritize MetroSupply Devices Connected Device Monitoring Onboarding installs before the weekend streaming surge,2026-04-28T00:45:15Z,7189,450,338,74722,0.878,,,rising,,2026-05-27T11:26:12Z
49468,4903,threads,ext_threads_00004928,Billing and usage signals are surfacing new need for Outage Follow-Up Call from ClearMind Customer Care,2026-05-27T07:36:49Z,528,33,28,12943,0.314,,,normal,,2026-05-27T11:26:12Z
49469,4767,tiktok,ext_tiktok_00004929,"If your subscribers need Fleet Telematics SIM Pack, check OrbitMotion IoT availability early; appointment slots are moving fast",2026-05-21T07:39:33Z,1929,240,430,126955,0.201,,,rising,,2026-05-27T11:26:12Z
49470,4554,youtube,ext_youtube_00004930,Day 30 with the Family Data Share Plan workflow and the field team says WellNest Family Plans reduced manual follow-up,2026-05-21T14:45:59Z,717,5,48,9239,0.204,,,normal,,2026-05-27T11:26:12Z
49471,5053,instagram,ext_instagram_00004931,Recommended MetroSupply Devices 5G Mobile Hotspot Kit to an account manager today because churn risk is the issue,2026-05-05T23:12:28Z,237,48,47,8965,0.78,,,normal,,2026-05-27T11:26:12Z
49472,4734,youtube,ext_youtube_00004932,Small businesses need earlier visibility into field technician appointment availability,2026-05-26T01:12:18Z,931,11,16,4878,0.519,,,normal,,2026-05-27T11:26:12Z
49473,4941,twitter,ext_twitter_00004933,Network monitoring alerts are helping the team catch congestion before call volume spikes,2026-05-17T20:16:14Z,797,60,5,1410,0.236,,,normal,,2026-05-27T11:26:12Z
49474,4675,threads,ext_threads_00004934,Added LTE Backup Gateway to the high-priority service assurance path. Thank you HomeConnect Fixed Wireless for closing the gap,2026-05-10T22:36:33Z,823,59,23,18359,0.864,,,normal,,2026-05-27T11:26:12Z
49475,4847,youtube,ext_youtube_00004935,Subscribers are asking about LTE Backup Gateway through HomeConnect Fixed Wireless; upgrade and activation demand is rising,2026-05-09T15:16:58Z,111,18,33,15819,0.825,,,normal,,2026-05-27T11:26:12Z
49476,4919,instagram,ext_instagram_00004936,Families keep asking for better Wi-Fi performance before evening streaming starts,2026-05-10T14:20:12Z,6637,269,960,163348,-0.022,,,rising,,2026-05-27T11:26:12Z
49477,4904,instagram,ext_instagram_00004937,Coverage update: Premium International Roaming Pass capacity at SignalBridge Mobile is getting tight after a spike in service orders,2026-05-21T11:21:39Z,6196,1266,853,191581,0.6,,,rising,,2026-05-27T11:26:12Z
49478,4964,instagram,ext_instagram_00004938,Enterprise care teams are coordinating SLA-impact cases across regional service teams today,2026-05-10T11:49:16Z,125,81,20,8027,0.404,,,normal,,2026-05-27T11:26:12Z
49479,4683,twitter,ext_twitter_00004939,Outage follow-up: demand for Gigabit Fiber Install is up and FiberPath Broadband needs more field slots,2026-05-19T03:36:50Z,470,12,42,6581,0.551,,,normal,,2026-05-27T11:26:12Z
49480,4978,threads,ext_threads_00004940,Subscribers are asking for clearer instructions after fiber installation and faster follow-up windows,2026-05-19T02:40:12Z,10806,9010,5752,991308,-0.258,,,viral,,2026-05-27T11:26:12Z
49481,4602,tiktok,ext_tiktok_00004941,Families keep asking where to find Device Upgrade Enrollment. PulsePoint 5G is showing up in every upgrade thread,2026-05-26T19:58:40Z,41,29,3,18130,0.835,,,normal,,2026-05-27T11:26:12Z
49482,4850,tiktok,ext_tiktok_00004942,NOC huddle: prioritize MetroSupply Devices Connected Device Monitoring Onboarding installs before the weekend streaming surge,2026-05-25T09:05:23Z,7149,1158,675,33819,0.49,,,rising,,2026-05-27T11:26:12Z
49483,4995,tiktok,ext_tiktok_00004943,Network monitoring alerts are helping the team catch congestion before call volume spikes,2026-05-27T09:43:00Z,833,6,40,4635,0.857,,,normal,,2026-05-27T11:26:12Z
49484,4915,tiktok,ext_tiktok_00004944,Coverage gaps are delaying service assurance for several subscriber groups,2026-05-23T03:02:21Z,761,45,29,8909,0.673,,,normal,,2026-05-27T11:26:12Z
49485,4886,twitter,ext_twitter_00004945,Day 30 with the Student Mobile Plan workflow and the field team says WellNest Family Plans reduced manual follow-up,2026-05-18T19:20:18Z,4936,1663,444,34081,0.651,,,rising,,2026-05-27T11:26:12Z
49486,4858,threads,ext_threads_00004946,Families keep asking for better Wi-Fi performance before evening streaming starts,2026-05-07T08:15:06Z,475,17,13,9835,0.295,,,normal,,2026-05-27T11:26:12Z
49487,4876,twitter,ext_twitter_00004947,"Thought Connected Device Monitoring Onboarding demand would level off, but MetroSupply Devices is still seeing urgent requests",2026-05-24T18:57:52Z,747,25,48,12132,0.74,,,normal,,2026-05-27T11:26:12Z
49488,4946,twitter,ext_twitter_00004948,Enterprise care teams are coordinating SLA-impact cases across regional service teams today,2026-05-26T14:46:09Z,388,0,24,2377,-0.004,,,normal,,2026-05-27T11:26:12Z
49489,4545,threads,ext_threads_00004949,Added Device Upgrade Enrollment to the high-priority service assurance path. Thank you PulsePoint 5G for closing the gap,2026-05-22T14:36:30Z,958,92,34,8030,0.237,,,normal,,2026-05-27T11:26:12Z
49490,4830,tiktok,ext_tiktok_00004950,Subscribers are asking for clearer instructions after fiber installation and faster follow-up windows,2026-05-26T14:10:19Z,826,58,31,10941,0.17,,,normal,,2026-05-27T11:26:12Z
49491,4659,youtube,ext_youtube_00004951,Outage follow-up is the top request in our subscriber forum this week,2026-04-29T16:46:39Z,214,59,35,17185,0.274,,,normal,,2026-05-27T11:26:12Z
49492,4744,youtube,ext_youtube_00004952,Small businesses need earlier visibility into field technician appointment availability,2026-05-02T22:06:54Z,332,85,3,5211,0.404,,,normal,,2026-05-27T11:26:12Z
49493,4710,threads,ext_threads_00004953,Network monitoring alerts are helping the team catch congestion before call volume spikes,2026-05-25T08:26:48Z,90,85,28,17276,-0.114,,,normal,,2026-05-27T11:26:12Z
49494,4886,twitter,ext_twitter_00004954,Outage follow-up: demand for Senior Connected Life Plan is up and SilverLine Connected Life needs more field slots,2026-05-17T22:30:53Z,792,16,22,19212,0.753,,,normal,,2026-05-27T11:26:12Z
49495,4860,tiktok,ext_tiktok_00004955,"Two-week review of ClearMind Customer Care Outage Follow-Up Call: strong subscriber response, but capacity planning matters",2026-05-06T05:17:38Z,438,38,4,13344,0.551,,,normal,,2026-05-27T11:26:12Z
49496,4947,youtube,ext_youtube_00004956,Families keep asking for better Wi-Fi performance before evening streaming starts,2026-05-02T22:38:38Z,7673,1335,824,58807,-0.138,,,rising,,2026-05-27T11:26:12Z
49497,4570,threads,ext_threads_00004957,Connected life teams need better outreach after recent storm-related service events,2026-05-10T11:24:51Z,401,94,21,19404,-0.067,,,normal,,2026-05-27T11:26:12Z
49498,4899,instagram,ext_instagram_00004958,Billing and usage signals are surfacing new need for 5G Business Consultation from PulsePoint 5G,2026-05-13T12:27:34Z,393,69,5,13286,0.561,,,normal,,2026-05-27T11:26:12Z
49499,4687,tiktok,ext_tiktok_00004959,"If your subscribers need Network Congestion Plan Review, check WellNest Family Plans availability early; appointment slots are moving fast",2026-05-09T18:22:58Z,924,49,16,4510,0.746,,,normal,,2026-05-27T11:26:12Z
49500,4919,instagram,ext_instagram_00004960,Day 30 with the Enterprise Account Navigation workflow and the field team says EnterpriseEdge Services reduced manual follow-up,2026-05-12T12:01:32Z,256,71,34,173,0.403,,,normal,,2026-05-27T11:26:12Z
49501,4951,twitter,ext_twitter_00004961,Outage follow-up is the top request in our subscriber forum this week,2026-05-11T04:32:25Z,259,86,26,12690,-0.107,,,normal,,2026-05-27T11:26:12Z
49502,4977,youtube,ext_youtube_00004962,Small businesses need earlier visibility into field technician appointment availability,2026-05-24T16:54:50Z,7422,408,804,85650,0.386,,,rising,,2026-05-27T11:26:12Z
49503,4678,twitter,ext_twitter_00004963,Network monitoring alerts are helping the team catch congestion before call volume spikes,2026-05-16T22:35:54Z,976,33,33,12691,0.079,,,normal,,2026-05-27T11:26:12Z
49504,4688,twitter,ext_twitter_00004964,Added Fraud Resolution Case to the high-priority service assurance path. Thank you ClearMind Customer Care for closing the gap,2026-05-12T17:13:13Z,45,22,48,18753,0.801,,,normal,,2026-05-27T11:26:12Z
49505,4553,twitter,ext_twitter_00004965,Subscribers are asking about Smart Home Connectivity Assessment through HomeConnect Fixed Wireless; upgrade and activation demand is rising,2026-05-26T01:20:41Z,29624,4609,4302,247328,0.93,,,viral,,2026-05-27T11:26:12Z
49506,4887,youtube,ext_youtube_00004966,Network operations is flagging Network Congestion Plan Review from WellNest Family Plans as a capacity bottleneck this week,2026-05-24T09:15:43Z,31992,10205,1398,954590,0.435,,,viral,,2026-05-27T11:26:12Z
49507,4929,instagram,ext_instagram_00004967,Connected life teams need better outreach after recent storm-related service events,2026-05-26T08:18:13Z,469,54,9,1097,0.418,,,normal,,2026-05-27T11:26:12Z
49508,4970,tiktok,ext_tiktok_00004968,Subscriber experience note - WellNest Family Plans Student Mobile Plan is the service everyone is trying to schedule right now,2026-05-09T08:27:53Z,674,29,23,12484,0.364,,,normal,,2026-05-27T11:26:12Z
49509,4744,youtube,ext_youtube_00004969,Roaming bill questions are creating new handoffs to billing and retention teams,2026-05-18T06:43:22Z,166,68,41,7962,-0.262,,,normal,,2026-05-27T11:26:12Z
49510,4809,instagram,ext_instagram_00004970,"Two-week review of FiberPath Broadband Fiber Repair Appointment: strong subscriber response, but capacity planning matters",2026-05-15T23:36:20Z,3077,743,107,82026,0.586,,,rising,,2026-05-27T11:26:12Z
49511,4635,threads,ext_threads_00004971,Families keep asking where to find Fiber Appointment Scheduling. RoamFlow Mobility is showing up in every upgrade thread,2026-05-25T00:16:58Z,8524,1240,716,50089,0.499,,,rising,,2026-05-27T11:26:12Z
49512,4733,twitter,ext_twitter_00004972,NOC huddle: prioritize MetroSupply Devices Connected Device Monitoring Onboarding installs before the weekend streaming surge,2026-05-16T20:05:09Z,902,14,10,12054,0.923,,,normal,,2026-05-27T11:26:12Z
49513,4952,youtube,ext_youtube_00004973,Billing and usage signals are surfacing new need for Network Congestion Plan Review from WellNest Family Plans,2026-05-21T04:20:16Z,15971,10139,4321,833596,0.246,,,viral,,2026-05-27T11:26:12Z
49514,4749,youtube,ext_youtube_00004974,"If your subscribers need Home Wi-Fi Mesh Kit, check PulsePoint 5G availability early; appointment slots are moving fast",2026-05-22T22:05:39Z,276,97,5,2763,0.434,,,normal,,2026-05-27T11:26:12Z
49515,4921,twitter,ext_twitter_00004975,Device-support channels are seeing increased activation demand after a handset launch,2026-05-27T02:11:52Z,45845,3913,7773,915914,0.168,,,viral,,2026-05-27T11:26:12Z
49516,4622,tiktok,ext_tiktok_00004976,Recommended ClearMind Customer Care Outage Follow-Up Call to an account manager today because churn risk is the issue,2026-05-15T16:37:21Z,472,63,34,773,0.304,,,normal,,2026-05-27T11:26:12Z
49517,4814,instagram,ext_instagram_00004977,"Thought LTE Backup Gateway demand would level off, but HomeConnect Fixed Wireless is still seeing urgent requests",2026-05-27T11:19:07Z,964,0,45,7576,0.322,,,normal,,2026-05-27T11:26:12Z
49518,4890,tiktok,ext_tiktok_00004978,Morning capacity review featuring Fixed Wireless Home Internet. HomeConnect Fixed Wireless needs pre-positioned technician capacity,2026-04-27T22:56:31Z,6441,750,625,84235,0.487,,,rising,,2026-05-27T11:26:12Z
49519,4568,twitter,ext_twitter_00004979,Added 5G Business Consultation to the high-priority service assurance path. Thank you PulsePoint 5G for closing the gap,2026-05-25T02:53:57Z,309,71,49,19253,0.658,,,normal,,2026-05-27T11:26:12Z
49520,4963,threads,ext_threads_00004980,Subscribers are asking for clearer instructions after fiber installation and faster follow-up windows,2026-05-15T06:44:27Z,947,36,12,5980,-0.299,,,normal,,2026-05-27T11:26:12Z
49521,4671,instagram,ext_instagram_00004981,Network operations is flagging 5G Business Consultation from PulsePoint 5G as a capacity bottleneck this week,2026-05-24T23:14:22Z,387,88,48,18355,0.212,,,normal,,2026-05-27T11:26:12Z
49522,4960,tiktok,ext_tiktok_00004982,Coverage update: Gigabit Fiber Install capacity at FiberPath Broadband is getting tight after a spike in service orders,2026-05-18T22:40:40Z,155,35,47,19977,0.293,,,normal,,2026-05-27T11:26:12Z
49523,4575,threads,ext_threads_00004983,Subscriber experience note - MetroSupply Devices 5G Mobile Hotspot Kit is the service everyone is trying to schedule right now,2026-04-28T11:54:57Z,576,45,24,17186,0.481,,,normal,,2026-05-27T11:26:12Z
49524,4634,youtube,ext_youtube_00004984,Outage follow-up: demand for Network Congestion Plan Review is up and WellNest Family Plans needs more field slots,2026-05-26T16:50:08Z,755,62,17,7198,0.216,,,normal,,2026-05-27T11:26:12Z
49525,4781,instagram,ext_instagram_00004985,"Two-week review of SignalBridge Mobile Premium International Roaming Pass: strong subscriber response, but capacity planning matters",2026-05-19T12:09:34Z,358,96,16,9553,0.771,,,normal,,2026-05-27T11:26:12Z
49526,5044,tiktok,ext_tiktok_00004986,Families keep asking for better Wi-Fi performance before evening streaming starts,2026-05-04T07:47:55Z,589,56,21,7582,0.838,,,normal,,2026-05-27T11:26:12Z
49527,4661,instagram,ext_instagram_00004987,NOC huddle: prioritize OrbitMotion IoT IoT Sensor Gateway Kit installs before the weekend streaming surge,2026-05-27T08:46:54Z,365,94,9,17122,0.758,,,normal,,2026-05-27T11:26:12Z
49528,4667,tiktok,ext_tiktok_00004988,Billing and usage signals are surfacing new need for Edge Compute Reservation from EnterpriseEdge Services,2026-05-27T10:20:44Z,680,64,36,8614,0.59,,,normal,,2026-05-27T11:26:12Z
49529,4776,instagram,ext_instagram_00004989,"If your subscribers need SIM Replacement Starter Kit, check MetroSupply Devices availability early; appointment slots are moving fast",2026-05-20T11:50:23Z,600,66,32,10005,0.21,,,normal,,2026-05-27T11:26:12Z
49530,5025,tiktok,ext_tiktok_00004990,Day 30 with the Home Wi-Fi Mesh Kit workflow and the field team says PulsePoint 5G reduced manual follow-up,2026-05-21T18:45:20Z,643,50,31,17342,0.551,,,normal,,2026-05-27T11:26:12Z
49531,4849,instagram,ext_instagram_00004991,Outage follow-up is the top request in our subscriber forum this week,2026-05-13T13:36:51Z,759,6,34,634,0.257,,,normal,,2026-05-27T11:26:12Z
49532,4713,twitter,ext_twitter_00004992,Small businesses need earlier visibility into field technician appointment availability,2026-05-10T12:27:15Z,192,48,41,2862,-0.164,,,normal,,2026-05-27T11:26:12Z
49533,4917,youtube,ext_youtube_00004993,Morning capacity review featuring Fiber Repair Appointment. FiberPath Broadband needs pre-positioned technician capacity,2026-05-26T17:34:26Z,1776,1026,391,88580,0.36,,,rising,,2026-05-27T11:26:12Z
49534,4685,threads,ext_threads_00004994,Coverage gaps are delaying service assurance for several subscriber groups,2026-05-22T01:13:09Z,3872,1198,137,150052,0.284,,,rising,,2026-05-27T11:26:12Z
49535,4851,twitter,ext_twitter_00004995,Subscribers are asking about SIM Replacement Starter Kit through MetroSupply Devices; upgrade and activation demand is rising,2026-05-22T15:37:23Z,9119,1689,424,27146,0.513,,,rising,,2026-05-27T11:26:12Z
49536,4798,threads,ext_threads_00004996,Network operations is flagging Home Wi-Fi Mesh Kit from PulsePoint 5G as a capacity bottleneck this week,2026-05-25T06:01:26Z,220,95,20,19404,0.294,,,normal,,2026-05-27T11:26:12Z
49537,5042,threads,ext_threads_00004997,Coverage update: Fiber Repair Appointment capacity at FiberPath Broadband is getting tight after a spike in service orders,2026-05-09T05:39:24Z,13,6,14,2249,0.334,,,normal,,2026-05-27T11:26:12Z
49538,4873,threads,ext_threads_00004998,Subscriber experience note - SignalBridge Mobile Number Port-In Activation is the service everyone is trying to schedule right now,2026-05-22T18:28:37Z,8863,1630,308,52414,0.253,,,rising,,2026-05-27T11:26:12Z
49539,4660,threads,ext_threads_00004999,Outage follow-up: demand for Student Mobile Plan is up and WellNest Family Plans needs more field slots,2026-05-25T02:36:21Z,1983,745,809,70509,0.364,,,rising,,2026-05-27T11:26:12Z
49540,4596,instagram,ext_instagram_00005000,Subscribers are asking for clearer instructions after fiber installation and faster follow-up windows,2026-05-27T08:00:18Z,31,34,41,6081,0.547,,,normal,,2026-05-27T11:26:12Z
